1761522440840,1002.05914
1761522440880,1002.0493
1761522440937,1002.0277
1761522440960,1002.00385
1761522440999,1001.9865
1761522441040,1001.95764
1761522441079,1001.95416
1761522441119,1001.98065
1761522441159,1001.96375
1761522441198,1001.9871
1761522441239,1001.9752
1761522441278,1001.9637
1761522441321,1001.9712
1761522441360,1001.9766
1761522441400,1001.9746
1761522441440,1001.9472
1761522441479,1001.9526
1761522441519,1001.97095
1761522441559,1001.92523
1761522441599,1001.94006
1761522441643,1001.9333
1761522441681,1001.9364
1761522441724,1001.93085
1761522441762,1001.93677
1761522441801,1001.9468
1761522441842,1001.9698
1761522441883,1001.9271
1761522441921,1001.9509
1761522441963,1001.95044
1761522441999,1001.9585
1761522442040,1001.9434
1761522442084,1001.9534
1761522442123,1001.94385
1761522442161,1001.9643
1761522442203,1001.9713
1761522442240,1001.94226
1761522442282,1001.95264
1761522442320,1001.94446
1761522442361,1001.96014
1761522442402,1001.94775
1761522442441,1001.9557
1761522442480,1001.93274
1761522442520,1001.9486
1761522442560,1001.9494
1761522442602,1001.9116
1761522442640,1001.91693
1761522442686,1001.9141
1761522442722,1001.9394
1761522442761,1001.9572
1761522442800,1001.93256
1761522442839,1001.9574
1761522442879,1001.94806
1761522442920,1001.94086
1761522442959,1001.9659
1761522442999,1001.96643
1761522443039,1001.9359
1761522443079,1001.96185
1761522443118,1001.9414
1761522443159,1001.95447
1761522443200,1001.94995
1761522443240,1001.932
1761522443280,1001.9447
1761522443320,1001.94495
1761522443359,1001.93475
1761522443399,1001.9253
1761522443439,1001.9433
1761522443478,1001.96576
1761522443518,1001.96344
1761522443560,1001.9518
1761522443601,1001.9336
1761522443643,1001.92664
1761522443681,1001.9522
1761522443721,1001.93695
1761522443761,1001.9302
1761522443802,1001.96
1761522443847,1001.9169
1761522443888,1001.9481
1761522443922,1001.93756
1761522443960,1001.9584
1761522444000,1001.91724
1761522444039,1001.9359
1761522444081,1001.9186
1761522444123,1001.9568
1761522444161,1001.9565
1761522444207,1001.9623
1761522444239,1001.92194
1761522444281,1001.9432
1761522444320,1001.9573
1761522444367,1001.9309
1761522444401,1001.9503
1761522444441,1001.911
1761522444479,1001.92596
1761522444519,1001.93414
1761522444561,1001.95905
1761522444599,1001.9412
1761522444641,1001.9244
1761522444683,1001.9244
1761522444721,1001.93475
1761522444761,1001.9144
1761522444812,1001.978
1761522444839,1001.9146
1761522444879,1001.93
1761522444918,1001.9428
1761522444958,1001.9136
1761522444999,1001.9034
1761522445038,1001.9232
1761522445081,1001.9236
1761522445120,1001.9236
1761522445160,1001.9137
1761522445199,1001.9595
1761522445240,1001.9448
1761522445280,1001.9727
1761522445319,1001.9523
1761522445359,1001.96606
1761522445399,1001.9334
1761522445440,1001.915
1761522445480,1001.9205
1761522445519,1001.9285
1761522445559,1001.96625
1761522445600,1001.9391
1761522445640,1001.9216
1761522445682,1001.95154
1761522445730,1001.9522
1761522445759,1001.9348
1761522445799,1001.9325
1761522445844,1001.90717
1761522445882,1001.9574
1761522445921,1001.92755
1761522445960,1001.9511
1761522445999,1001.9464
1761522446039,1001.9258
1761522446079,1001.9289
1761522446119,1001.9705
1761522446162,1001.93115
1761522446204,1001.9264
1761522446244,1001.93414
1761522446282,1001.9395
1761522446321,1001.9479
1761522446360,1001.9356
1761522446402,1001.95557
1761522446441,1001.94086
1761522446478,1001.9339
1761522446519,1001.9588
1761522446562,1001.9588
1761522446601,1001.94666
1761522446650,1001.9467
1761522446682,1001.9495
1761522446723,1001.9598
1761522446761,1001.96564
1761522446802,1001.9602
1761522446843,1001.9454
1761522446878,1001.96844
1761522446918,1001.94037
1761522446962,1001.9411
1761522447000,1001.9386
1761522447039,1001.9539
1761522447079,1001.94666
1761522447120,1001.9543
1761522447159,1001.9543
1761522447199,1001.9564
1761522447238,1001.96
1761522447279,1001.9572
1761522447320,1001.97284
1761522447360,1001.96326
1761522447399,1001.9636
1761522447440,1001.9481
1761522447479,1001.9735
1761522447518,1001.9682
1761522447559,1001.96423
1761522447599,1001.9841
1761522447640,1001.98157
1761522447680,1001.96954
1761522447720,1001.96454
1761522447764,1001.9571
1761522447803,1001.96204
1761522447840,1001.9654
1761522447883,1001.9377
1761522447920,1001.9632
1761522447961,1001.9551
1761522447999,1001.9531
1761522448039,1001.95294
1761522448083,1001.9736
1761522448123,1001.9891
1761522448161,1001.9943
1761522448202,1001.96405
1761522448241,1001.97687
1761522448283,1001.9794
1761522448321,1001.97455
1761522448360,1001.9828
1761522448401,1002.00024
1761522448442,1001.97766
1761522448480,1001.99506
1761522448520,1001.98346
1761522448562,1001.9735
1761522448601,1001.96606
1761522448642,1001.9835
1761522448680,1001.9864
1761522448719,1001.9769
1761522448759,1001.967
1761522448801,1001.9719
1761522448854,1001.98694
1761522448881,1001.98944
1761522448920,1001.995
1761522448960,1001.9825
1761522448999,1001.99054
1761522449039,1001.978
1761522449079,1001.9807
1761522449118,1002.00104
1761522449159,1001.97076
1761522449198,1001.97064
1761522449240,1001.9883
1761522449280,1001.9815
1761522449320,1001.9939
1761522449360,1001.9637
1761522449399,1002.01154
1761522449439,1001.98663
1761522449478,1001.9701
1761522449518,1001.98456
1761522449559,1001.97174
1761522449600,1001.9904
1761522449641,1001.9826
1761522449679,1001.993
1761522449720,1002.0134
1761522449762,1001.9879
1761522449800,1002.0011
1761522449841,1002.0009
1761522449881,1001.98364
1761522449920,1001.9885
1761522449965,1002.0069
1761522450000,1002.0093
1761522450040,1002.00977
1761522450081,1001.99994
1761522450120,1002.0106
1761522450161,1002.03345
1761522450200,1001.9878
1761522450248,1002.0183
1761522450281,1002.00275
1761522450321,1002.0106
1761522450361,1002.0108
1761522450401,1002.016
1761522450444,1002.00385
1761522450481,1002.0238
1761522450519,1002.0213
1761522450559,1002.02704
1761522450600,1002.02704
1761522450639,1001.9994
1761522450680,1002.0094
1761522450723,1002.03204
1761522450763,1002.0351
1761522450804,1002.00476
1761522450842,1002.03595
1761522450881,1002.0023
1761522450922,1002.04346
1761522450961,1002.0135
1761522450998,1002.0003
1761522451040,1002.0288
1761522451082,1002.031
1761522451121,1002.0313
1761522451161,1002.00104
1761522451203,1002.01385
1761522451241,1002.02185
1761522451282,1002.01196
1761522451322,1002.00446
1761522451361,1001.98206
1761522451400,1002.02435
1761522451445,1002.01447
1761522451482,1001.98694
1761522451520,1002.0098
1761522451559,1002.0207
1761522451601,1001.9973
1761522451643,1001.9929
1761522451681,1001.9883
1761522451720,1001.98596
1761522451762,1001.98315
1761522451802,1001.9883
1761522451843,1001.991
1761522451884,1002.02893
1761522451923,1002.0037
1761522451962,1001.9841
1761522451999,1001.98883
1761522452039,1001.9688
1761522452081,1001.9949
1761522452119,1002.00244
1761522452164,1001.97906
1761522452203,1001.98444
1761522452245,1001.98694
1761522452283,1002.0123
1761522452322,1001.9924
1761522452360,1001.9774
1761522452400,1001.9849
1761522452442,1001.9856
1761522452481,1001.9874
1761522452519,1001.9803
1761522452560,1001.9824
1761522452602,1001.9774
1761522452647,1001.9803
1761522452682,1001.9579
1761522452725,1001.9856
1761522452759,1001.9782
1761522452800,1001.9707
1761522452849,1001.9866
1761522452895,1001.9807
1761522452931,1001.9707
1761522452962,1001.9984
1761522453002,1001.9607
1761522453045,1001.9782
1761522453080,1001.9782
1761522453123,1001.9916
1761522453160,1002.02026
1761522453202,1001.97455
1761522453243,1001.96295
1761522453288,1001.9713
1761522453327,1001.9803
1761522453362,1001.9932
1761522453403,1001.9882
1761522453440,1001.967
1761522453480,1001.9899
1761522453519,1001.9719
1761522453558,1001.967
1761522453605,1001.9445
1761522453643,1001.9445
1761522453682,1001.9878
1761522453724,1001.9778
1761522453769,1001.9729
1761522453809,1001.9829
1761522453842,1001.9525
1761522453880,1001.9629
1761522453929,1001.945
1761522453974,1001.9679
1761522454005,1001.96045
1761522454042,1002.0006
1761522454084,1001.9679
1761522454122,1001.9679
1761522454163,1001.9832
1761522454199,1002.0036
1761522454242,1001.9913
1761522454285,1001.96783
1761522454326,1001.9641
1761522454360,1001.97455
1761522454408,1001.9729
1761522454441,1001.96295
1761522454483,1001.98096
1761522454519,1001.9816
1761522454559,1001.98413
1761522454601,1001.96344
1761522454641,1001.9615
1761522454685,1001.95404
1761522454746,1001.974
1761522454759,1001.974
1761522454803,1001.96826
1761522454839,1002.0173
1761522454893,1001.98444
1761522454922,1001.99695
1761522454961,1001.9903
1761522455001,1002.0078
1761522455038,1002.0148
1761522455079,1001.9617
1761522455125,1001.9343
1761522455160,1001.9343
1761522455201,1001.9508
1761522455241,1001.9949
1761522455281,1001.9953
1761522455322,1001.9841
1761522455359,1001.9907
1761522455399,1001.9707
1761522455439,1001.9839
1761522455482,1001.98987
1761522455520,1001.98224
1761522455561,1001.97986
1761522455606,1001.97235
1761522455644,1001.97235
1761522455687,1001.97174
1761522455729,1001.9856
1761522455760,1002.00525
1761522455802,1002.00726
1761522455840,1002.0041
1761522455893,1001.979
1761522455928,1001.9816
1761522455962,1001.99023
1761522456001,1001.99805
1761522456042,1002.00586
1761522456079,1002.0051
1761522456120,1001.9989
1761522456164,1001.99054
1761522456214,1001.989
1761522456246,1002.0014
1761522456281,1001.9959
1761522456322,1001.9814
1761522456361,1001.9666
1761522456402,1002.00446
1761522456442,1002.0014
1761522456482,1001.99414
1761522456518,1002.0168
1761522456558,1002.0071
1761522456599,1001.99164
1761522456645,1001.9943
1761522456684,1001.9943
1761522456723,1002.01154
1761522456763,1002.04803
1761522456804,1002.01807
1761522456841,1002.0222
1761522456893,1002.0184
1761522456921,1002.01636
1761522456967,1002.03186
1761522457012,1002.0321
1761522457042,1002.0321
1761522457084,1002.01404
1761522457123,1002.01404
1761522457169,1002.04767
1761522457199,1002.04767
1761522457249,1002.01154
1761522457279,1002.0143
1761522457319,1002.0622
1761522457361,1002.0144
1761522457409,1002.02795
1761522457442,1002.021
1761522457485,1002.0221
1761522457521,1002.0376
1761522457562,1002.0147
1761522457599,1002.0147
1761522457640,1002.02625
1761522457682,1002.0337
1761522457725,1002.016
1761522457765,1002.01056
1761522457808,1002.0389
1761522457855,1002.0031
1761522457884,1002.0031
1761522457921,1002.01556
1761522457962,1002.0696
1761522458001,1002.0468
1761522458038,1002.0639
1761522458081,1002.0421
1761522458124,1002.0554
1761522458160,1002.02295
1761522458208,1002.0285
1761522458243,1002.02893
1761522458288,1002.0362
1761522458320,1002.0438
1761522458363,1002.0264
1761522458398,1002.0338
1761522458452,1002.0343
1761522458480,1002.05225
1761522458525,1002.04974
1761522458563,1002.0221
1761522458604,1002.0221
1761522458641,1002.0371
1761522458690,1002.02423
1761522458726,1002.02423
1761522458762,1002.058
1761522458802,1002.0672
1761522458841,1002.0557
1761522458881,1002.0557
1761522458925,1002.024
1761522458964,1002.0426
1761522459003,1002.03845
1761522459039,1002.0362
1761522459079,1002.02985
1761522459119,1002.05774
1761522459162,1002.06494
1761522459201,1002.0374
1761522459243,1002.04224
1761522459282,1002.0453
1761522459322,1002.05347
1761522459366,1002.03235
1761522459403,1002.0687
1761522459449,1002.05334
1761522459482,1002.0404
1761522459520,1002.058
1761522459558,1002.05884
1761522459599,1002.0465
1761522459646,1002.0493
1761522459681,1002.0493
1761522459722,1002.038
1761522459764,1002.0745
1761522459802,1002.0725
1761522459842,1002.048
1761522459881,1002.057
1761522459922,1002.0368
1761522459964,1002.0455
1761522460016,1002.041
1761522460047,1002.041
1761522460080,1002.0655
1761522460122,1002.046
1761522460164,1002.0824
1761522460200,1002.0568
1761522460241,1002.06134
1761522460281,1002.04456
1761522460320,1002.0634
1761522460364,1002.021
1761522460401,1002.0389
1761522460442,1002.0389
1761522460482,1002.06714
1761522460521,1002.06195
1761522460560,1002.06714
1761522460599,1002.0603
1761522460639,1002.0603
1761522460679,1002.0172
1761522460720,1002.05524
1761522460762,1002.07025
1761522460802,1002.0496
1761522460844,1002.0656
1761522460883,1002.04443
1761522460921,1002.0531
1761522460964,1002.04565
1761522461000,1002.0532
1761522461041,1002.0481
1761522461081,1002.04877
1761522461118,1002.06104
1761522461165,1002.07367
1761522461199,1002.07367
1761522461249,1002.0756
1761522461280,1002.0793
1761522461321,1002.06635
1761522461364,1002.0729
1761522461406,1002.0514
1761522461447,1002.0745
1761522461479,1002.05743
1761522461522,1002.0475
1761522461559,1002.0559
1761522461606,1002.0513
1761522461646,1002.0513
1761522461684,1002.0681
1761522461721,1002.0887
1761522461763,1002.072
1761522461814,1002.067
1761522461842,1002.0584
1761522461881,1002.06714
1761522461928,1002.07776
1761522461960,1002.0706
1761522462014,1002.06146
1761522462040,1002.06146
1761522462079,1002.0606
1761522462119,1002.0895
1761522462162,1002.0722
1761522462205,1002.0633
1761522462240,1002.0745
1761522462285,1002.0478
1761522462323,1002.0307
1761522462360,1002.0532
1761522462410,1002.0465
1761522462442,1002.0744
1761522462482,1002.04663
1761522462522,1002.05493
1761522462558,1002.04205
1761522462599,1002.05255
1761522462640,1002.0455
1761522462681,1002.0602
1761522462729,1002.0655
1761522462764,1002.05756
1761522462805,1002.05334
1761522462853,1002.0455
1761522462879,1002.0557
1761522462918,1002.00024
1761522462960,1002.0531
1761522462999,1002.063
1761522463039,1002.0307
1761522463082,1002.01526
1761522463126,1002.076
1761522463161,1002.076
1761522463203,1002.043
1761522463245,1002.07416
1761522463284,1002.08655
1761522463321,1002.05347
1761522463370,1002.0569
1761522463405,1002.0444
1761522463441,1002.058
1761522463481,1002.0405
1761522463521,1002.0481
1761522463559,1002.04333
1761522463599,1002.046
1761522463639,1002.04663
1761522463683,1002.03625
1761522463723,1002.03357
1761522463764,1002.0536
1761522463803,1002.04913
1761522463845,1002.0368
1761522463882,1002.0368
1761522463921,1002.0338
1761522463959,1002.04913
1761522464001,1002.0524
1761522464039,1002.06
1761522464081,1002.0394
1761522464119,1002.04456
1761522464166,1002.0541
1761522464201,1002.0541
1761522464249,1002.0291
1761522464290,1002.058
1761522464324,1002.058
1761522464360,1002.0799
1761522464402,1002.048
1761522464452,1002.0493
1761522464481,1002.0709
1761522464527,1002.0251
1761522464563,1002.0506
1761522464603,1002.0513
1761522464645,1002.0513
1761522464684,1002.04877
1761522464720,1002.0325
1761522464760,1002.0404
1761522464800,1002.0532
1761522464843,1002.04663
1761522464881,1002.03516
1761522464923,1002.0338
1761522464963,1002.02374
1761522465003,1002.02936
1761522465043,1002.0254
1761522465080,1002.0105
1761522465118,1002.04834
1761522465160,1002.0105
1761522465200,1001.9785
1761522465241,1002.02094
1761522465283,1002.01135
1761522465321,1002.01135
1761522465362,1002.03845
1761522465404,1002.02625
1761522465440,1002.02344
1761522465482,1002.00134
1761522465522,1001.9964
1761522465561,1001.9755
1761522465599,1002.01636
1761522465641,1002.01385
1761522465682,1001.989
1761522465722,1002.00604
1761522465761,1002.0014
1761522465801,1002.011
1761522465841,1002.0369
1761522465882,1001.9989
1761522465922,1001.9885
1761522465959,1001.9964
1761522466009,1002.00604
1761522466041,1002.04333
1761522466081,1002.00104
1761522466123,1002.0105
1761522466163,1002.02594
1761522466200,1002.00354
1761522466243,1001.98883
1761522466280,1001.98883
1761522466332,1001.9864
1761522466367,1002.0105
1761522466401,1001.9911
1761522466452,1002.0285
1761522466482,1002.04333
1761522466521,1002.003
1761522466562,1002.01544
1761522466599,1001.9902
1761522466639,1001.9911
1761522466680,1002.00885
1761522466721,1002.0134
1761522466760,1002.0055
1761522466800,1002.01544
1761522466840,1001.9885
1761522466881,1002.0429
1761522466921,1002.0304
1761522466961,1002.0882
1761522467001,1001.90564
1761522467040,1001.9612
1761522467078,1001.97144
1761522467121,1001.9785
1761522467164,1002.0059
1761522467203,1001.97546
1761522467244,1002.003
1761522467286,1002.00385
1761522467321,1001.9764
1761522467362,1001.9785
1761522467405,1001.9511
1761522467440,1001.95154
1761522467486,1001.9536
1761522467521,1001.9539
1761522467563,1001.9419
1761522467602,1001.9444
1761522467644,1001.9465
1761522467683,1001.9465
1761522467724,1001.96564
1761522467760,1002.04565
1761522467809,1002.0175
1761522467841,1001.9484
1761522467881,1001.97266
1761522467924,1001.9381
1761522467960,1001.9785
1761522468005,1001.9814
1761522468043,1001.97516
1761522468080,1001.95935
1761522468120,1001.9702
1761522468158,1001.96515
1761522468200,1001.9355
1761522468242,1001.9406
1761522468293,1001.933
1761522468330,1001.9506
1761522468364,1001.97375
1761522468403,1001.9615
1761522468454,1001.9618
1761522468482,1001.94635
1761522468526,1001.9515
1761522468565,1001.95654
1761522468598,1001.9469
1761522468638,1001.9448
1761522468680,1001.942
1761522468728,1001.9521
1761522468760,1001.9344
1761522468804,1001.94037
1761522468857,1001.95483
1761522468879,1001.95483
1761522468921,1001.9618
1761522468959,1002.0108
1761522469001,1001.9934
1761522469042,1001.9522
1761522469088,1001.92773
1761522469122,1001.92773
1761522469164,1001.9757
1761522469201,1001.9757
1761522469242,1002.0231
1761522469285,1002.0157
1761522469322,1002.00415
1761522469360,1001.9761
1761522469400,1001.97766
1761522469446,1001.974
1761522469481,1001.9568
1761522469522,1001.9629
1761522469559,1001.95776
1761522469599,1001.9508
1761522469639,1001.9512
1761522469680,1001.9436
1761522469724,1001.9512
1761522469769,1001.93616
1761522469805,1001.9417
1761522469840,1001.9495
1761522469884,1001.94916
1761522469932,1001.942
1761522469975,1001.9551
1761522470005,1001.94257
1761522470049,1001.94257
1761522470081,1001.9447
1761522470122,1001.94244
1761522470159,1001.9549
1761522470206,1001.9353
1761522470242,1001.9353
1761522470290,1001.9602
1761522470322,1001.96606
1761522470364,1001.9735
1761522470402,1001.9579
1761522470442,1001.9558
1761522470480,1001.9645
1761522470525,1001.9246
1761522470561,1001.94006
1761522470602,1001.9458
1761522470642,1001.9528
1761522470684,1001.9506
1761522470728,1001.96075
1761522470761,1001.93866
1761522470805,1001.95667
1761522470841,1001.93616
1761522470885,1001.94867
1761522470927,1001.96436
1761522470966,1001.94196
1761522471003,1001.94116
1761522471042,1001.95734
1761522471082,1001.952
1761522471120,1001.94995
1761522471159,1001.962
1761522471200,1001.9345
1761522471250,1001.9373
1761522471282,1001.9423
1761522471326,1001.9624
1761522471375,1001.9423
1761522471408,1001.9373
1761522471453,1001.95276
1761522471482,1001.9602
1761522471519,1001.93524
1761522471563,1001.9507
1761522471598,1001.9532
1761522471638,1001.94745
1761522471684,1001.9303
1761522471719,1001.9303
1761522471762,1001.96765
1761522471808,1001.9889
1761522471842,1001.9739
1761522471882,1001.92975
1761522471924,1001.9506
1761522471960,1001.9719
1761522472011,1001.96234
1761522472041,1001.96234
1761522472082,1001.9545
1761522472122,1001.9967
1761522472164,1001.9836
1761522472204,1001.9836
1761522472243,1001.95917
1761522472281,1001.94196
1761522472322,1001.9732
1761522472366,1001.9607
1761522472407,1001.9308
1761522472444,1001.9407
1761522472479,1001.9614
1761522472523,1001.93396
1761522472561,1001.9643
1761522472602,1001.9972
1761522472643,1001.9568
1761522472679,1001.9568
1761522472725,1001.95483
1761522472764,1001.95984
1761522472801,1001.96265
1761522472841,1001.92737
1761522472886,1001.94977
1761522472921,1001.95984
1761522472961,1001.93774
1761522473004,1001.9473
1761522473047,1001.94763
1761522473082,1001.95013
1761522473121,1001.9448
1761522473158,1001.95483
1761522473209,1001.9279
1761522473241,1001.9279
1761522473281,1001.9618
1761522473326,1002.00385
1761522473363,1001.9705
1761522473405,1001.95483
1761522473440,1001.9762
1761522473482,1001.93396
1761522473521,1001.9369
1761522473560,1001.9473
1761522473600,1001.94763
1761522473642,1001.9684
1761522473686,1001.95013
1761522473722,1001.95013
1761522473760,1001.9554
1761522473800,1001.98236
1761522473843,1001.98724
1761522473882,1001.9582
1761522473925,1001.954
1761522473967,1001.9394
1761522474017,1001.93024
1761522474041,1001.93024
1761522474082,1001.9498
1761522474122,1001.98474
1761522474159,1001.9283
1761522474201,1001.96625
1761522474242,1001.95435
1761522474281,1001.9648
1761522474325,1001.94336
1761522474364,1001.94586
1761522474412,1001.9561
1761522474441,1001.949
1761522474484,1001.93396
1761522474520,1001.9869
1761522474560,1001.97174
1761522474600,1001.9497
1761522474641,1001.9676
1761522474679,1001.947
1761522474721,1001.96545
1761522474763,1001.93506
1761522474803,1001.96545
1761522474853,1001.95294
1761522474888,1001.94257
1761522474923,1001.96216
1761522474959,1001.9606
1761522475001,1001.9585
1761522475039,1001.94806
1761522475081,1001.9531
1761522475122,1001.95807
1761522475162,1001.94507
1761522475204,1001.94507
1761522475247,1001.9631
1761522475279,1001.9639
1761522475321,1001.9637
1761522475362,1001.9514
1761522475402,1001.97144
1761522475442,1001.96155
1761522475481,1001.9461
1761522475524,1001.9487
1761522475566,1001.95056
1761522475602,1001.96405
1761522475640,1001.95905
1761522475678,1001.96155
1761522475720,1001.9693
1761522475766,1001.94904
1761522475799,1001.9589
1761522475843,1001.9518
1761522475881,1001.95123
1761522475925,1001.9871
1761522475964,1001.93677
1761522476007,1001.9663
1761522476041,1001.9564
1761522476081,1001.95667
1761522476118,1001.9671
1761522476161,1001.9471
1761522476203,1001.95416
1761522476249,1001.9746
1761522476288,1001.9518
1761522476329,1001.9272
1761522476363,1001.9471
1761522476400,1001.95
1761522476442,1001.9471
1761522476479,1001.9222
1761522476522,1001.9621
1761522476565,1001.9471
1761522476611,1001.9671
1761522476641,1001.9671
1761522476684,1001.9471
1761522476722,1001.9471
1761522476766,1001.96594
1761522476800,1001.96344
1761522476847,1001.96045
1761522476881,1001.93506
1761522476922,1001.9453
1761522476966,1001.9553
1761522477008,1001.9528
1761522477040,1001.97845
1761522477089,1001.97577
1761522477122,1001.9603
1761522477159,1001.97095
1761522477199,1001.9713
1761522477242,1001.95087
1761522477279,1001.9588
1761522477319,1001.9688
1761522477367,1001.951
1761522477404,1001.9659
1761522477445,1001.94556
1761522477482,1001.9763
1761522477520,1001.94104
1761522477560,1001.95337
1761522477601,1001.96344
1761522477645,1001.95844
1761522477682,1001.95844
1761522477725,1001.9514
1761522477761,1001.9514
1761522477800,1001.9535
1761522477844,1001.95483
1761522477882,1001.93896
1761522477920,1001.97797
1761522477969,1001.9568
1761522478002,1001.9624
1761522478041,1001.97797
1761522478079,1001.95544
1761522478124,1001.9588
1761522478162,1001.9639
1761522478205,1001.9484
1761522478240,1001.9484
1761522478280,1001.9684
1761522478327,1001.99255
1761522478362,1001.949
1761522478403,1001.9688
1761522478453,1001.9397
1761522478484,1001.945
1761522478519,1001.9631
1761522478562,1001.9489
1761522478603,1001.9614
1761522478642,1001.9489
1761522478679,1001.9592
1761522478719,1001.9673
1761522478760,1001.95435
1761522478801,1001.94696
1761522478841,1001.9623
1761522478894,1001.95703
1761522478921,1001.9671
1761522478965,1001.94196
1761522479017,1001.94196
1761522479043,1001.96686
1761522479082,1001.9517
1761522479125,1001.94336
1761522479161,1001.98865
1761522479198,1001.9593
1761522479240,1001.94635
1761522479283,1001.94354
1761522479329,1001.96936
1761522479363,1001.9673
1761522479403,1001.9496
1761522479446,1001.9398
1761522479480,1001.9523
1761522479526,1001.9551
1761522479574,1001.97076
1761522479600,1001.98804
1761522479641,1001.948
1761522479684,1001.93335
1761522479724,1001.93335
1761522479763,1001.94006
1761522479806,1001.92773
1761522479840,1001.9771
1761522479894,1001.95374
1761522479922,1001.9528
1761522479961,1001.9539
1761522479999,1001.95435
1761522480040,1001.91705
1761522480082,1001.96045
1761522480119,1001.9426
1761522480160,1001.9585
1761522480199,1001.933
1761522480240,1001.93085
1761522480282,1001.94086
1761522480330,1001.95404
1761522480361,1001.96594
1761522480405,1001.92346
1761522480440,1001.92834
1761522480492,1001.9394
1761522480522,1001.9439
1761522480559,1001.9369
1761522480602,1001.92413
1761522480638,1001.97485
1761522480679,1001.95935
1761522480725,1001.9599
1761522480763,1001.9599
1761522480804,1001.956
1761522480846,1002.00586
1761522480880,1001.9846
1761522480927,1001.9592
1761522480964,1001.9704
1761522481002,1001.9327
1761522481041,1001.9543
1761522481081,1001.94904
1761522481122,1001.9344
1761522481161,1001.94196
1761522481204,1001.9266
1761522481242,1001.9266
1761522481281,1001.93384
1761522481332,1001.96124
1761522481362,1001.97876
1761522481401,1001.93677
1761522481441,1001.9152
1761522481481,1001.9332
1761522481524,1001.9189
1761522481563,1001.93243
1761522481602,1001.92694
1761522481643,1001.94006
1761522481679,1001.95844
1761522481719,1001.92303
1761522481760,1001.9479
1761522481799,1001.93884
1761522481845,1001.93536
1761522481881,1001.9586
1761522481920,1001.92303
1761522481960,1001.9641
1761522482014,1001.9838
1761522482043,1001.9838
1761522482082,1001.9531
1761522482120,1001.97406
1761522482161,1001.9588
1761522482203,1001.96814
1761522482242,1001.96814
1761522482280,1001.9679
1761522482328,1001.943
1761522482364,1001.9631
1761522482412,1001.97375
1761522482446,1001.93866
1761522482480,1001.9611
1761522482527,1001.9448
1761522482570,1001.93365
1761522482612,1001.94885
1761522482640,1001.95435
1761522482682,1001.9392
1761522482724,1001.95166
1761522482764,1001.95166
1761522482801,1001.95483
1761522482841,1001.968
1761522482883,1001.94995
1761522482935,1001.95557
1761522482960,1001.95776
1761522483001,1001.96313
1761522483047,1001.9627
1761522483086,1001.94775
1761522483122,1001.95276
1761522483162,1001.9935
1761522483199,1001.94525
1761522483239,1001.98126
1761522483281,1001.968
1761522483319,1001.973
1761522483377,1001.95776
1761522483412,1001.95807
1761522483445,1001.95807
1761522483482,1001.95807
1761522483521,1001.9635
1761522483562,1001.976
1761522483599,1001.96564
1761522483645,1001.97675
1761522483681,1001.9646
1761522483722,1001.96606
1761522483761,1001.9585
1761522483809,1001.9564
1761522483849,1001.9456
1761522483886,1001.9817
1761522483921,1001.9719
1761522483960,1001.9543
1761522484000,1001.96173
1761522484044,1001.95197
1761522484085,1001.9546
1761522484120,1001.9543
1761522484161,1001.9643
1761522484202,1001.9319
1761522484244,1001.9643
1761522484280,1001.9643
1761522484326,1001.96313
1761522484360,1001.95435
1761522484400,1001.96234
1761522484442,1001.95386
1761522484481,1001.95166
1761522484521,1001.95276
1761522484562,1001.9635
1761522484604,1001.9481
1761522484641,1001.95374
1761522484679,1001.9592
1761522484718,1001.9671
1761522484759,1001.9568
1761522484801,1001.94946
1761522484847,1001.9625
1761522484895,1001.9546
1761522484921,1001.9546
1761522484962,1001.95447
1761522485002,1001.9748
1761522485058,1001.9626
1761522485084,1001.9626
1761522485123,1001.9588
1761522485163,1001.9838
1761522485201,1001.96735
1761522485245,1001.9659
1761522485284,1001.9659
1761522485321,1001.9631
1761522485372,1001.96185
1761522485404,1001.9472
1761522485441,1001.98
1761522485480,1001.9575
1761522485521,1001.96796
1761522485563,1001.96045
1761522485601,1001.96796
1761522485641,1001.9659
1761522485680,1001.94836
1761522485725,1001.9656
1761522485761,1001.9656
1761522485803,1001.9625
1761522485840,1001.9531
1761522485880,1001.9459
1761522485921,1001.97797
1761522485960,1001.961
1761522486002,1001.94446
1761522486042,1001.9629
1761522486088,1001.95795
1761522486122,1001.9397
1761522486161,1001.94336
1761522486199,1001.9306
1761522486239,1001.97876
1761522486281,1001.95087
1761522486326,1001.9514
1761522486362,1001.9738
1761522486410,1001.94635
1761522486446,1001.96686
1761522486485,1001.94165
1761522486521,1001.94415
1761522486567,1001.96936
1761522486605,1001.97406
1761522486641,1001.9744
1761522486681,1001.9645
1761522486718,1001.9484
1761522486767,1001.962
1761522486801,1001.962
1761522486842,1001.9815
1761522486883,1001.9925
1761522486926,1001.9902
1761522486960,1001.99365
1761522487001,1001.9599
1761522487039,1001.9675
1761522487083,1001.9659
1761522487122,1001.96094
1761522487161,1001.96155
1761522487202,1001.98456
1761522487245,1001.96936
1761522487280,1001.96936
1761522487323,1001.96155
1761522487363,1001.9828
1761522487399,1001.973
1761522487444,1001.9969
1761522487485,1001.9574
1761522487529,1001.9758
1761522487564,1001.95087
1761522487603,1001.9796
1761522487646,1001.9794
1761522487679,1001.9796
1761522487718,1001.9646
1761522487759,1002.00024
1761522487808,1001.9808
1761522487842,1001.9877
1761522487880,1002.0057
1761522487924,1001.9936
1761522487964,1001.99054
1761522488001,1001.9852
1761522488044,1002.00073
1761522488083,1002.0132
1761522488126,1001.99054
1761522488164,1001.9736
1761522488202,1001.9988
1761522488241,1001.99054
1761522488286,1001.9982
1761522488322,1001.9982
1761522488367,1002.0132
1761522488405,1002.0499
1761522488441,1002.00916
1761522488491,1002.0133
1761522488527,1002.0443
1761522488570,1002.0223
1761522488604,1002.0223
1761522488641,1002.01483
1761522488679,1002.0522
1761522488724,1002.01135
1761522488761,1002.01135
1761522488802,1002.0572
1761522488841,1002.0401
1761522488894,1002.0051
1761522488922,1002.0111
1761522488967,1002.0083
1761522489012,1002.0287
1761522489048,1002.0287
1761522489085,1002.03046
1761522489125,1002.0704
1761522489162,1002.03485
1761522489199,1002.0418
1761522489238,1002.02765
1761522489280,1002.04016
1761522489324,1002.0207
1761522489373,1002.02625
1761522489402,1002.0112
1761522489440,1002.02936
1761522489485,1002.0299
1761522489522,1002.0444
1761522489567,1002.0264
1761522489604,1002.02435
1761522489639,1002.02466
1761522489679,1002.0148
1761522489719,1002.0226
1761522489766,1002.0276
1761522489800,1002.0276
1761522489844,1002.0298
1761522489893,1002.07367
1761522489928,1002.07886
1761522489968,1002.05255
1761522490001,1002.07117
1761522490045,1002.02686
1761522490085,1002.0549
1761522490124,1002.03217
1761522490160,1002.04987
1761522490199,1002.0224
1761522490245,1002.0304
1761522490281,1002.0304
1761522490330,1002.0226
1761522490365,1002.0513
1761522490403,1002.0412
1761522490445,1002.0581
1761522490481,1002.05115
1761522490524,1002.0546
1761522490560,1002.0426
1761522490603,1002.05304
1761522490655,1002.0329
1761522490682,1002.0329
1761522490719,1002.0351
1761522490761,1002.0952
1761522490800,1002.0644
1761522490839,1002.0786
1761522490882,1002.0518
1761522490920,1002.04803
1761522490962,1002.0379
1761522491004,1002.041
1761522491040,1002.05853
1761522491081,1002.0239
1761522491119,1002.07446
1761522491160,1002.0502
1761522491198,1002.05664
1761522491242,1002.06195
1761522491283,1002.0321
1761522491324,1002.0389
1761522491362,1002.06946
1761522491405,1002.04456
1761522491450,1002.0606
1761522491481,1002.0606
1761522491521,1002.0545
1761522491559,1002.0812
1761522491602,1002.08307
1761522491648,1002.0363
1761522491681,1002.0449
1761522491723,1002.04315
1761522491766,1002.0355
1761522491801,1002.0355
1761522491846,1002.02844
1761522491881,1002.0798
1761522491921,1002.07477
1761522491967,1002.0609
1761522492011,1002.0771
1761522492043,1002.0771
1761522492082,1002.02893
1761522492119,1002.07153
1761522492163,1002.0592
1761522492202,1002.0557
1761522492239,1002.05865
1761522492280,1002.03986
1761522492321,1002.0355
1761522492366,1002.03986
1761522492421,1002.05054
1761522492442,1002.05054
1761522492484,1002.055
1761522492521,1002.05725
1761522492573,1002.0467
1761522492607,1002.0557
1761522492642,1002.06384
1761522492679,1002.02466
1761522492721,1002.03485
1761522492762,1002.0351
1761522492805,1002.0299
1761522492842,1002.0299
1761522492883,1002.0375
1761522492927,1002.02856
1761522492960,1002.0711
1761522493002,1002.0451
1761522493047,1002.0264
1761522493082,1002.0437
1761522493120,1002.04
1761522493160,1002.0454
1761522493200,1002.01245
1761522493239,1002.0276
1761522493281,1002.04095
1761522493321,1002.00507
1761522493359,1002.02563
1761522493399,1002.0438
1761522493439,1002.03375
1761522493483,1002.03357
1761522493523,1002.04553
1761522493562,1002.041
1761522493605,1002.0383
1761522493643,1002.0383
1761522493683,1002.01544
1761522493720,1002.01544
1761522493758,1002.0261
1761522493800,1002.0236
1761522493841,1002.0134
1761522493883,1002.0059
1761522493923,1002.0236
1761522493963,1002.0137
1761522494017,1002.0137
1761522494049,1002.0364
1761522494081,1002.0559
1761522494121,1002.0653
1761522494166,1002.0519
1761522494198,1002.0187
1761522494238,1002.0301
1761522494287,1002.0105
1761522494321,1002.0105
1761522494363,1002.0181
1761522494405,1002.0653
1761522494440,1002.06757
1761522494485,1002.0264
1761522494520,1002.03064
1761522494565,1002.0288
1761522494602,1002.0137
1761522494642,1001.9842
1761522494681,1002.02454
1761522494721,1002.04834
1761522494765,1002.0096
1761522494801,1002.0096
1761522494840,1002.03516
1761522494881,1002.05414
1761522494920,1002.05634
1761522494974,1002.05084
1761522495002,1002.034
1761522495048,1002.04016
1761522495090,1002.0374
1761522495127,1002.05084
1761522495169,1002.0594
1761522495202,1002.02875
1761522495239,1002.0242
1761522495279,1002.05237
1761522495321,1002.0249
1761522495361,1002.0299
1761522495400,1002.0344
1761522495444,1002.0455
1761522495490,1002.0453
1761522495527,1002.0404
1761522495563,1002.0299
1761522495607,1002.0229
1761522495642,1002.0153
1761522495680,1002.0079
1761522495718,1002.0411
1761522495762,1002.0157
1761522495803,1002.0407
1761522495842,1002.0282
1761522495891,1002.0162
1761522495922,1002.0386
1761522495962,1002.0338
1761522496002,1002.0338
1761522496044,1002.0265
1761522496081,1002.04205
1761522496119,1002.02954
1761522496169,1002.03705
1761522496202,1002.03986
1761522496242,1002.0274
1761522496285,1002.03186
1761522496323,1002.03186
1761522496374,1002.0394
1761522496401,1002.06555
1761522496444,1002.08575
1761522496479,1002.032
1761522496523,1002.0279
1761522496565,1002.0132
1761522496606,1001.9914
1761522496645,1002.0066
1761522496682,1001.9896
1761522496722,1001.9774
1761522496759,1002.03705
1761522496801,1001.99274
1761522496844,1002.0086
1761522496888,1001.9957
1761522496920,1001.9961
1761522496968,1001.9807
1761522497007,1001.9762
1761522497041,1001.99146
1761522497082,1001.9832
1761522497121,1001.99603
1761522497166,1001.984
1761522497203,1001.9818
1761522497242,1001.96606
1761522497278,1002.00116
1761522497326,1001.98193
1761522497363,1001.98193
1761522497401,1001.98865
1761522497440,1002.0281
1761522497484,1002.0095
1761522497523,1001.99115
1761522497560,1002.00525
1761522497611,1001.9628
1761522497646,1001.9557
1761522497695,1001.9485
1761522497723,1001.9561
1761522497765,1001.9341
1761522497805,1001.9341
1761522497842,1001.98706
1761522497887,1001.9571
1761522497920,1001.99023
1761522497960,1001.9956
1761522498003,1001.9645
1761522498042,1001.9532
1761522498082,1001.979
1761522498122,1001.9291
1761522498163,1001.9571
1761522498203,1001.9629
1761522498239,1001.9275
1761522498280,1001.9677
1761522498320,1001.97046
1761522498366,1001.95276
1761522498402,1001.9483
1761522498444,1001.9383
1761522498485,1001.96326
1761522498532,1001.9305
1761522498561,1001.9436
1761522498606,1001.94086
1761522498642,1001.95905
1761522498681,1001.9567
1761522498720,1001.94635
1761522498761,1001.9386
1761522498802,1001.95905
1761522498841,1001.95374
1761522498881,1001.9442
1761522498922,1001.93164
1761522498961,1001.9472
1761522499001,1001.9446
1761522499044,1001.93915
1761522499082,1001.9292
1761522499128,1001.94666
1761522499161,1001.94385
1761522499211,1001.93164
1761522499240,1001.93164
1761522499282,1001.9567
1761522499324,1001.9729
1761522499362,1001.95514
1761522499404,1001.9693
1761522499440,1001.9532
1761522499490,1001.9258
1761522499524,1001.9233
1761522499560,1001.9671
1761522499607,1001.92163
1761522499641,1001.9504
1761522499680,1001.95264
1761522499730,1001.9525
1761522499759,1001.9525
1761522499799,1001.9603
1761522499842,1001.9528
1761522499886,1001.91815
1761522499921,1001.93274
1761522499961,1001.95306
1761522500001,1001.9587
1761522500047,1001.95123
1761522500080,1001.95557
1761522500127,1001.9204
1761522500165,1001.9562
1761522500200,1001.9615
1761522500238,1001.9263
1761522500282,1001.92865
1761522500327,1001.9338
1761522500364,1001.9338
1761522500404,1001.94086
1761522500444,1001.9547
1761522500493,1001.94196
1761522500522,1001.9483
1761522500574,1001.95764
1761522500602,1001.90967
1761522500640,1001.9279
1761522500684,1001.93555
1761522500721,1001.9442
1761522500763,1001.9215
1761522500805,1001.9266
1761522500841,1001.9266
1761522500882,1001.93646
1761522500928,1001.9522
1761522500965,1001.92993
1761522501003,1001.9588
1761522501039,1001.965
1761522501081,1001.959
1761522501121,1001.959
1761522501167,1001.9366
1761522501201,1001.9292
1761522501239,1001.9319
1761522501279,1001.9549
1761522501319,1001.9224
1761522501359,1001.9274
1761522501403,1001.93536
1761522501444,1001.91235
1761522501487,1001.9486
1761522501524,1001.9558
1761522501573,1001.9153
1761522501602,1001.9278
1761522501641,1001.9629
1761522501689,1001.9285
1761522501725,1001.9405
1761522501761,1001.9483
1761522501802,1001.9607
1761522501842,1001.9409
1761522501881,1001.92096
1761522501927,1001.9334
1761522501960,1001.94635
1761522502001,1001.95374
1761522502039,1001.9361
1761522502094,1001.9387
1761522502124,1001.9359
1761522502159,1001.94385
1761522502200,1001.9593
1761522502240,1001.92883
1761522502282,1001.9618
1761522502321,1001.94635
1761522502360,1001.949
1761522502408,1001.9215
1761522502440,1001.96674
1761522502486,1001.9671
1761522502535,1001.944
1761522502559,1001.944
1761522502615,1001.9408
1761522502656,1001.925
1761522502683,1001.925
1761522502722,1001.9521
1761522502762,1001.9562
1761522502799,1001.9807
1761522502840,1001.98083
1761522502886,1001.9573
1761522502924,1001.9598
1761522502972,1001.9779
1761522503001,1001.9484
1761522503043,1001.9386
1761522503084,1001.95447
1761522503128,1001.9568
1761522503167,1001.9493
1761522503215,1001.92944
1761522503245,1001.94696
1761522503282,1001.96515
1761522503324,1001.97217
1761522503365,1001.97217
1761522503403,1001.9447
1761522503445,1001.9679
1761522503485,1001.97906
1761522503522,1001.9645
1761522503573,1001.95593
1761522503601,1001.9615
1761522503644,1001.96674
1761522503681,1001.9799
1761522503721,1001.9771
1761522503761,1001.94495
1761522503805,1001.9322
1761522503840,1001.9322
1761522503882,1001.9525
1761522503921,1001.9846
1761522503959,1001.964
1761522504000,1001.95544
1761522504041,1001.97125
1761522504081,1001.94147
1761522504124,1001.9696
1761522504166,1001.9581
1761522504209,1001.9581
1761522504242,1001.95087
1761522504279,1001.97577
1761522504319,1001.96344
1761522504359,1001.95825
1761522504399,1001.97876
1761522504449,1001.96075
1761522504490,1001.9507
1761522504526,1001.9568
1761522504563,1001.96094
1761522504601,1001.9743
1761522504655,1001.94104
1761522504682,1001.94104
1761522504732,1001.9458
1761522504758,1002.0058
1761522504802,1001.98224
1761522504843,1001.97375
1761522504883,1001.97375
1761522504921,1001.96826
1761522504974,1001.971
1761522505007,1001.96094
1761522505046,1001.9817
1761522505082,1001.9696
1761522505120,1001.9696
1761522505164,1001.97217
1761522505200,1001.9791
1761522505241,1001.96265
1761522505281,1001.97766
1761522505322,1001.9497
1761522505361,1001.995
1761522505403,1001.9726
1761522505441,1001.93024
1761522505480,1001.965
1761522505519,1001.95013
1761522505567,1001.9597
1761522505605,1001.96216
1761522505646,1001.9377
1761522505686,1001.9732
1761522505723,1001.94763
1761522505760,1001.94257
1761522505799,1001.95807
1761522505839,1001.9582
1761522505880,1001.98047
1761522505919,1001.9606
1761522505960,1001.9557
1761522506008,1001.94806
1761522506049,1001.9625
1761522506085,1001.9582
1761522506124,1001.9956
1761522506163,1001.9676
1761522506201,1001.9407
1761522506242,1001.9484
1761522506281,1001.93823
1761522506320,1001.99115
1761522506362,1001.9684
1761522506399,1001.9584
1761522506442,1001.9334
1761522506482,1001.93835
1761522506522,1001.92834
1761522506559,1001.9462
1761522506601,1001.97656
1761522506643,1001.98615
1761522506681,1001.9687
1761522506722,1001.9462
1761522506761,1001.95435
1761522506802,1001.9487
1761522506840,1001.96124
1761522506881,1001.94904
1761522506922,1001.92444
1761522506960,1001.9473
1761522507003,1001.9412
1761522507041,1001.96954
1761522507084,1001.93994
1761522507122,1001.9699
1761522507163,1001.95984
1761522507202,1001.9574
1761522507242,1001.98773
1761522507279,1001.96234
1761522507319,1001.96484
1761522507361,1001.96075
1761522507400,1001.94495
1761522507442,1001.9674
1761522507484,1001.9649
1761522507521,1001.9782
1761522507563,1001.9727
1761522507601,1001.9932
1761522507639,1001.9757
1761522507683,1001.94775
1761522507725,1001.9752
1761522507764,1001.97485
1761522507799,1001.96783
1761522507844,1001.9602
1761522507880,1001.9602
1761522507919,1001.9524
1761522507963,1001.9864
1761522508016,1001.97345
1761522508043,1001.96014
1761522508082,1001.9607
1761522508132,1001.97437
1761522508168,1001.9927
1761522508203,1001.9882
1761522508241,1001.9724
1761522508279,1001.9403
1761522508322,1001.97107
1761522508359,1001.9685
1761522508409,1001.9611
1761522508440,1001.9611
1761522508480,1001.9487
1761522508521,1001.97925
1761522508566,1001.97186
1761522508601,1001.96655
1761522508646,1001.9617
1761522508697,1001.9744
1761522508727,1001.9744
1761522508761,1001.9891
1761522508799,1001.9983
1761522508839,1001.9872
1761522508879,1001.9969
1761522508923,1001.9752
1761522508977,1001.9827
1761522509005,1001.9827
1761522509056,1002.00073
1761522509082,1001.97375
1761522509121,1001.98157
1761522509162,1002.00806
1761522509202,1001.98047
1761522509242,1001.9895
1761522509287,1002.016
1761522509322,1001.9888
1761522509364,1001.98627
1761522509400,1001.98627
1761522509441,1001.98663
1761522509488,1002.03125
1761522509524,1002.00867
1761522509560,1002.0098
1761522509602,1001.9938
1761522509641,1002.00446
1761522509681,1001.9868
1761522509721,1002.01245
1761522509760,1001.9778
1761522509801,1001.96783
1761522509842,1001.9828
1761522509881,1002.00586
1761522509922,1001.97546
1761522509961,1002.00903
1761522510000,1001.9736
1761522510042,1001.9959
1761522510082,1001.9863
1761522510127,1001.9741
1761522510163,1002.01154
1761522510205,1001.98914
1761522510241,1001.97095
1761522510280,1001.9766
1761522510319,1001.98663
1761522510359,1001.98694
1761522510400,1001.9921
1761522510439,1001.9946
1761522510490,1002.00946
1761522510521,1002.02014
1761522510561,1001.99963
1761522510604,1002.0121
1761522510647,1001.99963
1761522510686,1002.02014
1761522510725,1001.9877
1761522510760,1001.993
1761522510798,1001.9955
1761522510844,1001.9907
1761522510880,1001.9907
1761522510924,1001.99744
1761522510972,1002.0362
1761522511001,1002.0041
1761522511047,1001.99243
1761522511088,1002.0036
1761522511127,1001.98444
1761522511159,1001.9716
1761522511208,1001.993
1761522511241,1001.99493
1761522511282,1001.988
1761522511320,1002.0009
1761522511364,1001.9657
1761522511400,1001.9657
1761522511439,1002.0032
1761522511480,1002.0118
1761522511535,1001.9868
1761522511564,1001.98773
1761522511603,1001.9617
1761522511657,1001.96216
1761522511686,1001.96216
1761522511723,1001.95
1761522511764,1001.9893
1761522511799,1001.96924
1761522511839,1001.97546
1761522511878,1001.9641
1761522511922,1001.9455
1761522511962,1001.9682
1761522512007,1001.956
1761522512049,1001.931
1761522512084,1001.9437
1761522512124,1001.9369
1761522512164,1001.9416
1761522512208,1001.92694
1761522512241,1001.9369
1761522512282,1001.9397
1761522512321,1001.95233
1761522512358,1001.9366
1761522512403,1001.9369
1761522512443,1001.95685
1761522512487,1001.93994
1761522512525,1001.9344
1761522512563,1001.9274
1761522512602,1001.9422
1761522512644,1001.9482
1761522512681,1001.9152
1761522512725,1001.9604
1761522512759,1001.923
1761522512802,1001.9227
1761522512842,1001.9506
1761522512879,1001.94525
1761522512920,1001.90546
1761522512965,1001.923
1761522513000,1001.9208
1761522513039,1001.9129
1761522513080,1001.971
1761522513127,1001.9383
1761522513165,1001.9258
1761522513201,1001.9258
1761522513242,1001.9308
1761522513281,1001.91327
1761522513320,1001.9411
1761522513359,1001.95123
1761522513401,1001.8934
1761522513439,1001.9011
1761522513482,1001.9338
1761522513527,1001.9311
1761522513559,1001.90375
1761522513603,1001.9514
1761522513645,1001.9288
1761522513694,1001.91876
1761522513730,1001.91876
1761522513772,1001.94653
1761522513801,1001.9088
1761522513841,1001.9088
1761522513879,1001.9288
1761522513921,1001.9341
1761522513963,1001.8988
1761522514008,1001.88635
1761522514047,1001.9191
1761522514094,1001.93164
1761522514126,1001.92413
1761522514162,1001.9114
1761522514200,1001.92474
1761522514240,1001.92163
1761522514281,1001.9239
1761522514322,1001.93976
1761522514362,1001.90485
1761522514403,1001.9338
1761522514445,1001.96204
1761522514487,1001.92505
1761522514533,1001.94727
1761522514567,1001.94727
1761522514602,1001.92914
1761522514648,1001.94507
1761522514680,1001.92224
1761522514720,1001.91766
1761522514773,1001.93225
1761522514804,1001.93475
1761522514839,1001.9601
1761522514879,1001.91766
1761522514921,1001.91016
1761522514961,1001.93475
1761522515009,1001.9073
1761522515039,1001.9073
1761522515086,1001.93463
1761522515126,1001.9766
1761522515160,1001.94604
1761522515209,1001.93225
1761522515242,1001.93787
1761522515285,1001.9439
1761522515318,1001.90894
1761522515362,1001.92664
1761522515399,1001.9041
1761522515444,1001.9151
1761522515481,1001.9353
1761522515527,1001.93286
1761522515562,1001.9579
1761522515605,1001.911
1761522515642,1001.938
1761522515679,1001.9333
1761522515725,1001.93286
1761522515764,1001.9333
1761522515800,1001.91296
1761522515841,1001.93854
1761522515885,1001.9333
1761522515920,1001.9333
1761522515959,1001.94275
1761522516000,1001.97217
1761522516040,1001.954
1761522516086,1001.9857
1761522516124,1001.9412
1761522516164,1001.9676
1761522516217,1001.92017
1761522516242,1001.91797
1761522516283,1001.9582
1761522516322,1001.93286
1761522516359,1001.923
1761522516400,1001.9512
1761522516441,1001.9084
1761522516479,1001.9392
1761522516525,1001.93677
1761522516564,1001.92896
1761522516615,1001.93396
1761522516644,1001.93396
1761522516682,1001.95844
1761522516725,1001.98596
1761522516760,1001.96765
1761522516801,1001.97125
1761522516842,1001.9626
1761522516882,1001.9576
1761522516919,1001.95844
1761522516964,1001.954
1761522517016,1001.9311
1761522517045,1001.9311
1761522517088,1001.9454
1761522517120,1002.00287
1761522517160,1001.9749
1761522517199,1001.9313
1761522517242,1001.9526
1761522517284,1001.9601
1761522517320,1001.9679
1761522517362,1001.9534
1761522517399,1001.94147
1761522517443,1001.9517
1761522517484,1001.9546
1761522517519,1001.94946
1761522517561,1001.94446
1761522517601,1001.95197
1761522517645,1001.9471
1761522517682,1001.9701
1761522517733,1001.93964
1761522517765,1001.93695
1761522517801,1001.9651
1761522517839,1001.91455
1761522517879,1001.93713
1761522517920,1001.92444
1761522517959,1001.94696
1761522518009,1001.9489
1761522518040,1001.9489
1761522518081,1001.9739
1761522518125,1002.0006
1761522518162,1002.0003
1761522518201,1001.9972
1761522518240,1002.1775
1761522518278,1001.9604
1761522518318,1001.87585
1761522518360,1001.92615
1761522518401,1001.97095
1761522518441,1001.9486
1761522518481,1001.9794
1761522518524,1001.9761
1761522518564,1001.969
1761522518600,1001.96674
1761522518640,1001.97144
1761522518679,1002.02466
1761522518727,1001.96173
1761522518762,1001.9593
1761522518805,1001.97144
1761522518841,1001.9595
1761522518882,1001.9817
1761522518921,1001.9739
1761522518962,1001.9645
1761522519012,1001.99945
1761522519042,1001.9496
1761522519081,1001.9719
1761522519122,1001.9773
1761522519163,1001.98444
1761522519201,1001.93964
1761522519242,1001.94696
1761522519283,1001.9548
1761522519321,1001.9598
1761522519360,1001.9377
1761522519399,1001.9548
1761522519442,1001.9551
1761522519495,1001.94525
1761522519526,1001.9428
1761522519561,1001.95374
1761522519599,1001.9377
1761522519644,1001.9483
1761522519687,1001.94104
1761522519724,1001.9387
1761522519762,1001.9285
1761522519800,1001.9383
1761522519838,1001.95374
1761522519880,1001.9459
1761522519925,1001.908
1761522519967,1001.908
1761522520002,1001.9632
1761522520051,1001.98236
1761522520092,1001.93475
1761522520132,1001.9537
1761522520165,1001.93195
1761522520201,1001.9428
1761522520242,1001.91547
1761522520281,1001.9079
1761522520319,1001.92377
1761522520362,1001.9317
1761522520405,1001.9317
1761522520441,1001.9317
1761522520486,1001.9143
1761522520520,1001.9532
1761522520565,1001.938
1761522520601,1001.909
1761522520644,1001.91284
1761522520685,1001.91376
1761522520722,1001.9317
1761522520761,1001.9292
1761522520805,1001.95233
1761522520843,1001.9171
1761522520879,1001.94055
1761522520919,1001.91046
1761522520962,1001.9258
1761522521015,1001.92
1761522521052,1001.92
1761522521085,1001.91736
1761522521121,1001.9676
1761522521163,1001.96954
1761522521207,1001.9479
1761522521245,1001.93677
1761522521280,1001.9325
1761522521322,1001.9254
1761522521358,1001.93353
1761522521404,1001.901
1761522521440,1001.901
1761522521482,1001.9455
1761522521523,1001.9151
1761522521564,1001.9246
1761522521601,1001.92377
1761522521646,1001.94995
1761522521682,1001.9353
1761522521727,1001.91797
1761522521761,1001.93604
1761522521806,1001.9162
1761522521842,1001.9063
1761522521880,1001.92615
1761522521923,1001.907
1761522521963,1001.9165
1761522522000,1001.9165
1761522522044,1001.90485
1761522522085,1001.8999
1761522522122,1001.892
1761522522161,1001.91943
1761522522201,1001.89734
1761522522244,1001.91235
1761522522282,1001.9253
1761522522329,1001.92584
1761522522359,1001.9003
1761522522399,1001.90784
1761522522445,1001.9285
1761522522487,1001.9285
1761522522531,1001.88794
1761522522577,1001.9009
1761522522630,1001.9332
1761522522645,1001.91565
1761522522683,1001.9232
1761522522722,1001.9084
1761522522767,1001.91583
1761522522800,1001.89087
1761522522844,1001.90405
1761522522882,1001.9109
1761522522925,1001.93146
1761522522968,1001.93146
1761522523016,1001.918
1761522523048,1001.90314
1761522523095,1001.9185
1761522523122,1001.9185
1761522523166,1001.9651
1761522523200,1001.9523
1761522523239,1001.9405
1761522523281,1001.91675
1761522523322,1001.9437
1761522523361,1001.9165
1761522523402,1001.91455
1761522523439,1001.90485
1761522523489,1001.92633
1761522523533,1001.92633
1761522523574,1001.938
1761522523601,1001.94977
1761522523639,1001.9525
1761522523683,1001.9411
1761522523720,1001.94446
1761522523764,1001.923
1761522523799,1001.916
1761522523844,1001.91425
1761522523879,1001.9188
1761522523919,1001.92236
1761522523958,1001.91956
1761522523999,1001.9373
1761522524039,1001.9302
1761522524082,1001.9252
1761522524125,1001.9324
1761522524162,1001.91516
1761522524204,1001.9352
1761522524245,1001.9403
1761522524281,1001.9327
1761522524320,1001.91486
1761522524364,1001.9402
1761522524402,1001.9278
1761522524439,1001.9278
1761522524481,1001.913
1761522524521,1001.9205
1761522524565,1001.9084
1761522524605,1001.9109
1761522524645,1001.9203
1761522524684,1001.93835
1761522524720,1001.9455
1761522524760,1001.93835
1761522524810,1001.9288
1761522524840,1001.9288
1761522524881,1001.90015
1761522524923,1001.9567
1761522524961,1001.95386
1761522525000,1001.9431
1761522525045,1001.9515
1761522525080,1001.9348
1761522525121,1001.9402
1761522525164,1001.9455
1761522525206,1001.9153
1761522525241,1001.9358
1761522525280,1001.94366
1761522525323,1001.9233
1761522525362,1001.9213
1761522525399,1001.9288
1761522525439,1001.92114
1761522525480,1001.93164
1761522525522,1001.9166
1761522525560,1001.93616
1761522525604,1001.8987
1761522525640,1001.93384
1761522525684,1001.92914
1761522525725,1001.92914
1761522525763,1001.92914
1761522525801,1001.9342
1761522525845,1001.942
1761522525878,1001.93195
1761522525920,1001.92487
1761522525959,1001.9495
1761522526027,1001.9372
1761522526043,1001.9372
1761522526089,1001.9512
1761522526128,1001.97595
1761522526162,1001.9556
1761522526201,1001.95703
1761522526250,1001.9553
1761522526281,1001.9617
1761522526326,1001.93665
1761522526361,1001.95447
1761522526402,1001.9598
1761522526442,1001.9623
1761522526481,1001.95764
1761522526523,1001.9501
1761522526562,1001.9503
1761522526607,1001.9406
1761522526645,1001.9526
1761522526687,1001.9171
1761522526721,1001.9506
1761522526761,1001.9556
1761522526811,1001.9528
1761522526840,1001.9303
1761522526882,1001.94604
1761522526919,1001.9451
1761522526960,1001.9485
1761522526999,1001.9512
1761522527039,1001.96844
1761522527086,1001.9456
1761522527126,1001.9506
1761522527168,1001.95844
1761522527222,1001.99396
1761522527240,1001.99396
1761522527292,1001.96564
1761522527326,1001.9723
1761522527361,1001.9826
1761522527401,1001.9786
1761522527445,1001.9741
1761522527480,1001.9741
1761522527523,1001.9924
1761522527565,1002.0047
1761522527606,1001.9819
1761522527646,1001.9631
1761522527686,1001.9721
1761522527727,1001.9698
1761522527766,1001.9836
1761522527819,1001.9652
1761522527858,1002.00415
1761522527882,1001.9815
1761522527921,1001.9818
1761522527959,1001.94147
1761522528007,1001.9851
1761522528041,1001.9851
1761522528081,1001.9618
1761522528127,1001.99554
1761522528161,1001.97516
1761522528205,1001.9666
1761522528241,1001.98724
1761522528281,1002.0031
1761522528320,1001.9811
1761522528363,1002.0096
1761522528399,1002.00464
1761522528439,1001.9871
1761522528480,1001.9699
1761522528522,1002.0108
1761522528565,1002.00037
1761522528601,1002.00745
1761522528645,1001.9775
1761522528683,1001.98846
1761522528733,1001.98047
1761522528769,1001.98047
1761522528808,1002.0058
1761522528852,1001.99976
1761522528885,1001.99615
1761522528922,1001.99005
1761522528961,1002.0117
1761522529003,1002.0095
1761522529047,1002.0079
1761522529084,1001.9955
1761522529122,1001.9905
1761522529162,1002.0111
1761522529200,1001.98846
1761522529239,1001.9966
1761522529281,1002.0019
1761522529322,1001.9712
1761522529361,1001.9991
1761522529399,1002.01154
1761522529438,1001.9841
1761522529482,1001.9712
1761522529521,1002.02716
1761522529560,1002.00946
1761522529599,1001.9994
1761522529644,1001.99445
1761522529680,1001.99445
1761522529721,1001.99744
1761522529761,1002.0079
1761522529800,1002.00946
1761522529842,1001.97
1761522529881,1001.99194
1761522529922,1002.0204
1761522529959,1001.9994
1761522529999,1002.02057
1761522530046,1001.99554
1761522530086,1002.0054
1761522530124,1002.0204
1761522530165,1001.99805
1761522530207,1002.0231
1761522530244,1002.02094
1761522530284,1002.05054
1761522530320,1002.0156
1761522530367,1002.0366
1761522530401,1002.0181
1761522530442,1001.99304
1761522530481,1002.0364
1761522530519,1002.00635
1761522530573,1002.0188
1761522530613,1002.01373
1761522530651,1002.02966
1761522530683,1002.0037
1761522530726,1002.0192
1761522530762,1002.0142
1761522530801,1001.9992
1761522530840,1002.0243
1761522530881,1001.98627
1761522530921,1002.00385
1761522530960,1002.0087
1761522531005,1001.9968
1761522531047,1001.9968
1761522531081,1002.0442
1761522531119,1002.0301
1761522531161,1002.007
1761522531214,1002.0161
1761522531241,1002.01166
1761522531279,1001.9929
1761522531322,1002.03394
1761522531367,1002.0089
1761522531403,1002.0092
1761522531439,1002.01373
1761522531479,1002.0149
1761522531523,1002.00745
1761522531561,1002.00745
1761522531607,1002.0327
1761522531647,1002.0201
1761522531684,1002.01764
1761522531728,1002.0179
1761522531763,1002.01025
1761522531808,1002.00775
1761522531860,1002.0154
1761522531879,1002.00287
1761522531918,1002.0261
1761522531960,1002.0154
1761522532005,1002.0133
1761522532042,1002.0133
1761522532090,1002.00024
1761522532124,1002.0521
1761522532165,1002.03156
1761522532213,1002.0329
1761522532243,1002.0217
1761522532281,1002.0374
1761522532321,1002.0352
1761522532361,1002.0229
1761522532399,1002.008
1761522532442,1002.0207
1761522532480,1002.0227
1761522532520,1002.03394
1761522532578,1002.0238
1761522532608,1002.03656
1761522532644,1002.0238
1761522532685,1002.01904
1761522532726,1002.02155
1761522532761,1002.017
1761522532800,1002.01385
1761522532843,1002.0064
1761522532881,1002.02155
1761522532922,1002.032
1761522532959,1002.02203
1761522532998,1002.00525
1761522533039,1002.0223
1761522533082,1002.0197
1761522533119,1002.0197
1761522533160,1002.0302
1761522533203,1002.0248
1761522533248,1002.012
1761522533283,1002.03217
1761522533326,1002.02966
1761522533360,1002.02716
1761522533404,1002.0097
1761522533438,1002.01276
1761522533484,1002.02026
1761522533524,1002.02026
1761522533559,1002.0302
1761522533608,1002.036
1761522533647,1002.0355
1761522533680,1002.0256
1761522533723,1002.0452
1761522533766,1002.04846
1761522533801,1002.0427
1761522533845,1002.01306
1761522533893,1002.0302
1761522533922,1002.033
1761522533962,1002.03345
1761522534006,1002.0285
1761522534045,1002.0285
1761522534086,1002.031
1761522534120,1002.0003
1761522534160,1002.04767
1761522534202,1002.0243
1761522534245,1002.0432
1761522534280,1002.0363
1761522534323,1002.02954
1761522534365,1002.05524
1761522534402,1002.01276
1761522534442,1002.0485
1761522534479,1002.02515
1761522534520,1002.029
1761522534561,1002.0694
1761522534602,1002.0135
1761522534642,1002.0291
1761522534681,1002.0238
1761522534721,1002.0341
1761522534760,1002.0393
1761522534807,1002.01935
1761522534847,1002.0266
1761522534880,1002.02185
1761522534919,1001.99634
1761522534958,1002.0446
1761522535001,1002.02185
1761522535040,1002.02466
1761522535092,1002.0421
1761522535124,1002.02936
1761522535165,1002.0397
1761522535206,1002.0397
1761522535239,1002.03186
1761522535293,1002.01483
1761522535320,1002.0455
1761522535364,1002.02734
1761522535401,1002.0098
1761522535441,1002.03296
1761522535485,1002.05725
1761522535521,1002.05725
1761522535560,1002.05237
1761522535604,1002.08234
1761522535640,1002.0507
1761522535693,1002.0419
1761522535722,1002.046
1761522535764,1002.0341
1761522535805,1002.0397
1761522535840,1002.00415
1761522535886,1002.03534
1761522535921,1002.01733
1761522535959,1002.02985
1761522535999,1002.0275
1761522536042,1002.0428
1761522536085,1002.02057
1761522536127,1002.0154
1761522536172,1002.0158
1761522536206,1002.0158
1761522536246,1002.0221
1761522536292,1002.0574
1761522536320,1002.0522
1761522536361,1002.04596
1761522536407,1002.0494
1761522536439,1002.0478
1761522536482,1002.05237
1761522536525,1002.01733
1761522536565,1002.01733
1761522536609,1002.02
1761522536643,1002.0622
1761522536688,1002.0344
1761522536723,1002.0684
1761522536767,1002.02185
1761522536799,1002.03
1761522536842,1002.02545
1761522536882,1002.0158
1761522536922,1002.003
1761522536961,1002.0315
1761522537003,1002.0215
1761522537041,1002.0215
1761522537086,1002.024
1761522537121,1002.024
1761522537174,1002.04474
1761522537201,1002.0343
1761522537245,1002.0014
1761522537286,1002.0043
1761522537321,1002.0044
1761522537372,1002.02185
1761522537400,1002.0101
1761522537442,1002.03296
1761522537479,1002.0273
1761522537519,1002.0002
1761522537562,1002.003
1761522537599,1001.9869
1761522537647,1002.0076
1761522537681,1001.95935
1761522537726,1001.9952
1761522537760,1002.0058
1761522537808,1001.97015
1761522537843,1001.9927
1761522537880,1002.0005
1761522537921,1001.9783
1761522537958,1001.968
1761522538002,1001.95807
1761522538039,1001.95807
1761522538082,1001.9691
1761522538130,1001.9741
1761522538163,1001.95514
1761522538209,1001.938
1761522538241,1001.96576
1761522538280,1001.9737
1761522538321,1001.9687
1761522538360,1001.951
1761522538408,1001.94366
1761522538442,1001.9635
1761522538482,1001.9433
1761522538519,1001.94617
1761522538567,1001.92114
1761522538607,1001.96576
1761522538646,1001.94666
1761522538680,1001.9691
1761522538727,1001.9417
1761522538774,1001.93353
1761522538802,1001.9392
1761522538842,1001.9617
1761522538882,1001.93665
1761522538923,1001.9292
1761522538962,1001.93365
1761522539005,1001.93414
1761522539040,1001.93414
1761522539083,1001.92377
1761522539119,1001.956
1761522539164,1001.9575
1761522539201,1001.96655
1761522539240,1001.9266
1761522539289,1001.95294
1761522539319,1001.93866
1761522539360,1001.9183
1761522539405,1001.9671
1761522539440,1001.9521
1761522539478,1001.9296
1761522539525,1001.9247
1761522539561,1001.9247
1761522539600,1001.94415
1761522539641,1001.95654
1761522539684,1001.9684
1761522539733,1001.95654
1761522539765,1001.9455
1761522539800,1001.95306
1761522539839,1001.94415
1761522539887,1001.94214
1761522539922,1001.93964
1761522539961,1001.93
1761522540002,1001.93243
1761522540040,1001.9521
1761522540083,1001.9408
1761522540120,1001.9582
1761522540172,1001.9336
1761522540206,1001.9283
1761522540241,1001.9358
1761522540280,1001.9182
1761522540321,1001.94867
1761522540363,1001.9456
1761522540401,1001.9457
1761522540443,1001.9332
1761522540482,1001.9228
1761522540519,1001.9356
1761522540560,1001.9311
1761522540601,1001.93616
1761522540643,1001.9586
1761522540681,1001.9366
1761522540722,1001.92865
1761522540762,1001.9307
1761522540805,1001.95905
1761522540845,1001.95905
1761522540880,1001.9336
1761522540924,1001.9216
1761522540959,1001.932
1761522541003,1001.9211
1761522541042,1001.9211
1761522541088,1001.9493
1761522541122,1001.9614
1761522541169,1001.94147
1761522541201,1001.94147
1761522541248,1001.9386
1761522541282,1001.96545
1761522541328,1001.9444
1761522541362,1001.9267
1761522541402,1001.9627
1761522541440,1001.92
1761522541481,1001.94904
1761522541525,1001.9512
1761522541561,1001.9512
1761522541600,1001.9386
1761522541642,1001.973
1761522541685,1001.94763
1761522541722,1001.94415
1761522541766,1001.9372
1761522541801,1001.97327
1761522541846,1001.94904
1761522541882,1001.93164
1761522541923,1001.92896
1761522541962,1001.9496
1761522542001,1001.9496
1761522542039,1001.9296
1761522542082,1001.92505
1761522542122,1001.93506
1761522542174,1001.9302
1761522542199,1001.93756
1761522542239,1001.93225
1761522542283,1001.92224
1761522542324,1001.93225
1761522542362,1001.9476
1761522542400,1001.9497
1761522542440,1001.94617
1761522542478,1001.976
1761522542521,1001.9457
1761522542563,1001.93756
1761522542603,1001.9512
1761522542641,1001.9512
1761522542684,1001.9205
1761522542724,1001.9302
1761522542760,1001.94586
1761522542808,1001.92596
1761522542849,1001.94867
1761522542882,1001.90326
1761522542921,1001.9109
1761522542961,1001.93085
1761522543000,1001.93823
1761522543045,1001.94116
1761522543081,1001.94116
1761522543126,1001.9479
1761522543160,1001.95984
1761522543214,1001.9617
1761522543243,1001.9432
1761522543282,1001.96924
1761522543323,1001.94415
1761522543360,1002.1616
1761522543400,1001.9822
1761522543442,1001.7621
1761522543480,1001.8821
1761522543519,1001.8901
1761522543560,1001.9182
1761522543600,1001.9151
1761522543641,1001.96075
1761522543683,1001.92725
1761522543722,1001.93005
1761522543762,1001.9455
1761522543804,1001.9207
1761522543841,1001.9476
1761522543886,1001.93506
1761522543933,1001.9484
1761522543960,1001.90515
1761522543998,1001.9279
1761522544044,1001.9737
1761522544079,1001.9737
1761522544121,1001.92224
1761522544161,1001.9416
1761522544201,1001.9816
1761522544243,1001.9603
1761522544282,1001.95905
1761522544324,1001.95953
1761522544361,1001.9521
1761522544405,1001.91724
1761522544441,1001.94006
1761522544481,1001.9807
1761522544521,1001.9455
1761522544562,1001.93335
1761522544605,1001.9507
1761522544648,1001.9162
1761522544682,1001.9361
1761522544722,1001.93854
1761522544761,1001.92865
1761522544799,1001.91876
1761522544850,1001.9366
1761522544884,1001.9597
1761522544922,1001.9341
1761522544962,1001.9391
1761522545002,1001.9419
1761522545039,1001.96155
1761522545079,1001.9547
1761522545119,1001.9324
1761522545173,1001.9448
1761522545202,1001.95264
1761522545245,1001.96014
1761522545282,1001.9778
1761522545324,1001.9398
1761522545361,1001.9447
1761522545405,1001.9504
1761522545444,1001.96783
1761522545478,1001.95514
1761522545518,1001.9504
1761522545566,1001.93787
1761522545601,1001.93787
1761522545641,1001.9419
1761522545692,1001.9646
1761522545729,1001.96857
1761522545763,1001.9701
1761522545802,1002.0044
1761522545841,1001.9646
1761522545886,1001.95514
1761522545928,1001.95233
1761522545961,1001.95044
1761522546001,1001.97406
1761522546044,1001.96594
1761522546081,1001.96594
1761522546141,1001.9788
1761522546162,1001.9788
1761522546207,1001.98773
1761522546246,1001.9844
1761522546281,1001.9799
1761522546324,1001.9676
1761522546362,1001.9612
1761522546399,1001.9498
1761522546440,1001.96045
1761522546483,1001.9863
1761522546522,1001.96594
1761522546560,1001.9738
1761522546603,1001.9773
1761522546647,1001.9721
1761522546695,1001.93665
1761522546719,1001.9621
1761522546771,1001.94977
1761522546802,1001.9778
1761522546846,1001.93274
1761522546888,1001.9602
1761522546921,1001.9428
1761522546961,1001.95026
1761522546998,1001.97314
1761522547038,1001.9508
1761522547081,1001.9836
1761522547122,1001.9528
1761522547165,1001.9532
1761522547201,1001.9761
1761522547254,1001.96313
1761522547281,1001.9383
1761522547321,1001.9336
1761522547360,1001.9336
1761522547402,1001.9281
1761522547444,1001.9665
1761522547481,1001.9306
1761522547520,1001.9561
1761522547565,1001.96857
1761522547601,1001.96857
1761522547645,1001.95557
1761522547680,1001.97205
1761522547725,1001.98267
1761522547761,1001.95374
1761522547802,1001.9524
1761522547839,1001.93994
1761522547883,1001.968
1761522547921,1001.94775
1761522547960,1001.9485
1761522548002,1001.9441
1761522548042,1001.9441
1761522548079,1001.926
1761522548122,1001.92206
1761522548164,1001.9625
1761522548214,1001.9521
1761522548246,1001.92444
1761522548287,1001.9572
1761522548323,1001.93225
1761522548364,1001.9545
1761522548407,1001.9545
1761522548441,1001.9701
1761522548486,1001.93256
1761522548518,1001.9801
1761522548565,1001.93256
1761522548603,1001.93256
1761522548641,1001.9529
1761522548681,1001.95337
1761522548720,1001.9476
1761522548764,1001.96326
1761522548808,1001.93256
1761522548842,1001.9634
1761522548880,1001.95337
1761522548925,1001.93585
1761522548965,1001.9559
1761522549003,1001.9578
1761522549045,1001.93835
1761522549086,1001.93835
1761522549127,1001.9453
1761522549162,1001.9587
1761522549210,1001.9537
1761522549242,1001.9493
1761522549287,1001.96857
1761522549334,1001.9112
1761522549366,1001.93115
1761522549407,1001.96857
1761522549446,1001.97925
1761522549482,1001.989
1761522549522,1001.9537
1761522549559,1001.954
1761522549600,1001.9643
1761522549645,1001.9769
1761522549681,1001.94946
1761522549719,1001.93677
1761522549763,1001.9493
1761522549803,1001.9715
1761522549845,1001.9343
1761522549887,1001.9548
1761522549928,1001.9445
1761522549960,1001.9393
1761522549998,1001.93225
1761522550039,1001.92975
1761522550080,1001.94727
1761522550126,1001.9268
1761522550161,1001.91406
1761522550202,1001.94727
1761522550251,1001.9445
1761522550281,1001.9648
1761522550336,1001.9752
1761522550363,1001.94226
1761522550399,1001.92975
1761522550447,1001.9602
1761522550482,1001.95026
1761522550519,1001.9652
1761522550564,1001.97314
1761522550601,1001.97314
1761522550646,1001.9403
1761522550681,1001.92065
1761522550720,1001.98315
1761522550767,1001.96783
1761522550801,1001.9403
1761522550840,1001.9228
1761522550882,1001.94775
1761522550923,1001.96344
1761522550962,1001.95557
1761522551001,1001.968
1761522551042,1001.9709
1761522551079,1001.9406
1761522551120,1001.96594
1761522551171,1001.97565
1761522551202,1001.9762
1761522551246,1001.93555
1761522551281,1001.95807
1761522551322,1001.9464
1761522551363,1001.9462
1761522551403,1001.9614
1761522551441,1001.96124
1761522551481,1001.95654
1761522551518,1001.97156
1761522551559,1001.9817
1761522551605,1001.9968
1761522551644,1001.9968
1761522551680,1001.96643
1761522551724,1001.9314
1761522551762,1001.97675
1761522551802,1001.9895
1761522551840,1001.96405
1761522551886,1001.9517
1761522551922,1001.9871
1761522551961,1001.9771
1761522552007,1001.95654
1761522552042,1001.95654
1761522552080,1001.98737
1761522552122,1001.96704
1761522552168,1001.98206
1761522552202,1001.99774
1761522552240,1001.97766
1761522552286,1001.9856
1761522552323,1002.0031
1761522552365,1001.98486
1761522552405,1001.98267
1761522552440,1002.0031
1761522552488,1001.97485
1761522552520,1001.98065
1761522552562,1001.9599
1761522552599,1002.02563
1761522552644,1001.99854
1761522552684,1002.0031
1761522552724,1001.9707
1761522552762,1001.9885
1761522552809,1002.0315
1761522552841,1002.0315
1761522552885,1002.0023
1761522552926,1002.03455
1761522552970,1002.0337
1761522553000,1002.0209
1761522553038,1002.02673
1761522553079,1002.0045
1761522553121,1001.9973
1761522553167,1001.9924
1761522553201,1001.98773
1761522553246,1001.98773
1761522553285,1002.00275
1761522553321,1001.984
1761522553361,1001.9881
1761522553415,1001.9968
1761522553441,1001.9864
1761522553482,1002.0065
1761522553521,1001.99396
1761522553565,1002.0411
1761522553602,1002.0411
1761522553643,1001.979
1761522553683,1001.9768
1761522553727,1002.0018
1761522553760,1001.99976
1761522553812,1001.9968
1761522553842,1002.0068
1761522553884,1002.0093
1761522553924,1001.9893
1761522553966,1002.0018
1761522554013,1001.9943
1761522554042,1001.9943
1761522554085,1002.01447
1761522554120,1002.01447
1761522554161,1002.0458
1761522554207,1002.07056
1761522554241,1002.06866
1761522554289,1002.0327
1761522554324,1002.0239
1761522554373,1001.9952
1761522554402,1002.01117
1761522554441,1002.0193
1761522554487,1001.9815
1761522554525,1002.0118
1761522554559,1002.00977
1761522554598,1002.0126
1761522554641,1002.00977
1761522554682,1002.0151
1761522554724,1001.9932
1761522554772,1001.99255
1761522554802,1002.00287
1761522554846,1001.9982
1761522554884,1001.9982
1761522554921,1002.0139
1761522554962,1001.9883
1761522555002,1001.99005
1761522555038,1002.00006
1761522555084,1002.0059
1761522555119,1002.0059
1761522555161,1002.0176
1761522555201,1002.0672
1761522555247,1002.0692
1761522555285,1002.01514
1761522555326,1002.0114
1761522555363,1002.0398
1761522555401,1002.0151
1761522555449,1001.99255
1761522555486,1002.0082
1761522555524,1002.0062
1761522555562,1001.99585
1761522555599,1002.0313
1761522555640,1001.99884
1761522555683,1002.00885
1761522555721,1002.0014
1761522555762,1002.0139
1761522555801,1001.9989
1761522555845,1001.9939
1761522555884,1001.9914
1761522555920,1002.00885
1761522555973,1002.0069
1761522556003,1001.9791
1761522556038,1001.99634
1761522556078,1001.9944
1761522556125,1002.0039
1761522556161,1002.0039
1761522556201,1001.9969
1761522556241,1001.99725
1761522556281,1001.9942
1761522556321,1001.99725
1761522556364,1001.9844
1761522556402,1002.02686
1761522556439,1001.9995
1761522556485,1002.0003
1761522556521,1002.002
1761522556562,1001.992
1761522556605,1001.9919
1761522556639,1001.9919
1761522556683,1002.01685
1761522556720,1002.03876
1761522556767,1002.046
1761522556804,1002.0275
1761522556842,1002.04376
1761522556885,1002.01636
1761522556934,1002.01935
1761522556960,1001.99164
1761522557011,1002.0067
1761522557042,1002.0067
1761522557081,1002.02716
1761522557121,1002.0414
1761522557161,1002.021
1761522557202,1002.0151
1761522557243,1002.00287
1761522557285,1002.0366
1761522557321,1001.9939
1761522557362,1002.02716
1761522557402,1002.0178
1761522557443,1002.03296
1761522557481,1001.9872
1761522557524,1002.0105
1761522557558,1002.02344
1761522557599,1002.0189
1761522557642,1002.0055
1761522557680,1002.01544
1761522557728,1002.0134
1761522557768,1002.01294
1761522557812,1001.97797
1761522557853,1002.014
1761522557885,1001.9958
1761522557922,1002.02075
1761522557961,1002.0064
1761522558001,1002.0414
1761522558041,1002.014
1761522558082,1002.0164
1761522558122,1001.9928
1761522558162,1002.02094
1761522558202,1002.0064
1761522558243,1002.0064
1761522558282,1002.0142
1761522558321,1002.0147
1761522558361,1002.0039
1761522558401,1002.03436
1761522558446,1002.0217
1761522558487,1002.00696
1761522558522,1001.99725
1761522558562,1001.9964
1761522558602,1002.00946
1761522558641,1001.9964
1761522558682,1002.0299
1761522558721,1002.0273
1761522558759,1002.0264
1761522558799,1001.9765
1761522558846,1002.0147
1761522558880,1001.97687
1761522558923,1001.9894
1761522558963,1001.99786
1761522559001,1002.00476
1761522559039,1001.9842
1761522559078,1001.99243
1761522559118,1001.98474
1761522559160,1001.98987
1761522559201,1001.9818
1761522559250,1001.98724
1761522559288,1001.98737
1761522559324,1001.98737
1761522559360,1001.98474
1761522559401,1001.9881
1761522559458,1001.9824
1761522559481,1001.9603
1761522559519,1001.96783
1761522559561,1001.9597
1761522559601,1001.9698
1761522559641,1001.97485
1761522559683,1001.9623
1761522559724,1001.9582
1761522559763,1001.9805
1761522559805,1001.9582
1761522559857,1001.93304
1761522559897,1001.95306
1761522559926,1001.9503
1761522559976,1001.94556
1761522560001,1001.9482
1761522560043,1001.9609
1761522560082,1001.9758
1761522560122,1001.9357
1761522560163,1001.9457
1761522560202,1001.93115
1761522560241,1001.92834
1761522560280,1001.94086
1761522560320,1001.93335
1761522560365,1001.9638
1761522560400,1001.94617
1761522560443,1001.93866
1761522560493,1001.9562
1761522560529,1001.95416
1761522560559,1001.9537
1761522560598,1001.93884
1761522560640,1001.94666
1761522560684,1001.92084
1761522560721,1001.91296
1761522560761,1001.9316
1761522560805,1001.93634
1761522560845,1001.9361
1761522560883,1001.93634
1761522560922,1001.94135
1761522560961,1001.92664
1761522561000,1001.95917
1761522561040,1001.92413
1761522561082,1001.9141
1761522561124,1001.92163
1761522561162,1001.92163
1761522561202,1001.93964
1761522561241,1001.9261
1761522561280,1001.9141
1761522561320,1001.92413
1761522561358,1002.0274
