1761523130377,1001.87134
1761523130419,1001.87726
1761523130458,1001.87726
1761523130497,1001.80365
1761523130537,1001.78046
1761523130577,1001.7665
1761523130618,1001.7854
1761523130658,1001.7636
1761523130698,1001.7489
1761523130738,1001.7572
1761523130778,1001.767
1761523130818,1001.7607
1761523130858,1001.7782
1761523130897,1001.7932
1761523130937,1001.7958
1761523130978,1001.8257
1761523131018,1001.8187
1761523131058,1001.80164
1761523131098,1001.7862
1761523131138,1001.8592
1761523131179,1001.81635
1761523131217,1001.6735
1761523131256,1001.76117
1761523131297,1001.8588
1761523131337,1001.8267
1761523131379,1001.7963
1761523131421,1001.9218
1761523131459,1001.924
1761523131497,1002.0524
1761523131538,1002.0474
1761523131578,1001.8398
1761523131617,1001.52716
1761523131657,1001.41376
1761523131698,1001.6014
1761523131737,1001.697
1761523131782,1001.72455
1761523131821,1001.7723
1761523131858,1001.95264
1761523131899,1002.0876
1761523131939,1001.90765
1761523131978,1001.8429
1761523132017,1001.7953
1761523132057,1001.70264
1761523132098,1001.62036
1761523132139,1001.5375
1761523132180,1001.66766
1761523132219,1001.8273
1761523132259,1001.9313
1761523132299,1001.7928
1761523132344,1001.68835
1761523132377,1001.60583
1761523132417,1001.6609
1761523132457,1001.7312
1761523132497,1001.726
1761523132538,1001.7478
1761523132578,1001.776
1761523132618,1001.9788
1761523132658,1002.0714
1761523132697,1001.6585
1761523132737,1001.63116
1761523132776,1001.6591
1761523132817,1001.6916
1761523132857,1001.72974
1761523132898,1001.7442
1761523132938,1001.9221
1761523132978,1002.54
1761523133018,1001.9825
1761523133058,1001.5416
1761523133098,1001.58966
1761523133137,1001.60425
1761523133178,1001.7046
1761523133220,1001.7603
1761523133260,1001.8054
1761523133298,1001.8554
1761523133337,1002.1886
1761523133379,1002.02625
1761523133418,1001.62024
1761523133459,1001.6954
1761523133498,1001.76086
1761523133538,1001.66595
1761523133578,1001.72577
1761523133618,1001.8938
1761523133661,1002.14923
1761523133699,1002.205
1761523133738,1002.0525
1761523133777,1001.58673
1761523133817,1001.5043
1761523133858,1001.6164
1761523133898,1001.72955
1761523133938,1001.76245
1761523133977,1001.7971
1761523134021,1001.9855
1761523134060,1002.2355
1761523134100,1001.9849
1761523134139,1001.56995
1761523134179,1001.5121
1761523134217,1001.5971
1761523134257,1001.6348
1761523134297,1001.75104
1761523134340,1001.9139
1761523134377,1002.5073
1761523134418,1002.7902
1761523134459,1001.7795
1761523134498,1001.1434
1761523134539,1001.2107
1761523134577,1001.4941
1761523134617,1001.6368
1761523134657,1001.7721
1761523134697,1001.9824
1761523134737,1002.3381
1761523134778,1002.16034
1761523134817,1001.6128
1761523134857,1001.3549
1761523134898,1001.4673
1761523134938,1001.6353
1761523134977,1001.7603
1761523135017,1001.6502
1761523135057,1001.7009
1761523135098,1001.7533
1761523135138,1001.8119
1761523135179,1001.762
1761523135219,1001.724
1761523135259,1001.75757
1761523135298,1001.7718
1761523135337,1001.80756
1761523135377,1001.8057
1761523135417,1001.84515
1761523135458,1002.09106
1761523135497,1001.9111
1761523135538,1001.6408
1761523135579,1001.6733
1761523135619,1001.7594
1761523135658,1001.76953
1761523135698,1001.77954
1761523135737,1001.8175
1761523135776,1002.14575
1761523135817,1002.536
1761523135856,1001.6675
1761523135898,1001.37964
1761523135938,1001.5103
1761523135978,1001.63104
1761523136018,1001.6886
1761523136058,1001.76385
1761523136098,1001.82623
1761523136137,1002.21484
1761523136176,1003.19135
1761523136217,1001.73737
1761523136257,1001.03375
1761523136298,1001.3351
1761523136337,1001.553
1761523136378,1001.64294
1761523136417,1001.6814
1761523136458,1001.7916
1761523136498,1002.1383
1761523136537,1002.33563
1761523136577,1001.61475
1761523136617,1001.48267
1761523136657,1001.5386
1761523136698,1001.6188
1761523136738,1001.68634
1761523136778,1001.7195
1761523136817,1001.7675
1761523136857,1001.97534
1761523136897,1002.6168
1761523136937,1001.86304
1761523136979,1001.5405
1761523137016,1001.48596
1761523137057,1001.58844
1761523137097,1001.69653
1761523137138,1001.73706
1761523137178,1001.9853
1761523137218,1002.28876
1761523137257,1002.3692
1761523137296,1001.7156
1761523137337,1001.43536
1761523137377,1001.4157
1761523137418,1001.5516
1761523137459,1001.6843
1761523137498,1001.74493
1761523137538,1001.9483
1761523137577,1002.50415
1761523137618,1002.587
1761523137658,1001.3653
1761523137697,1001.21545
1761523137737,1001.5313
1761523137778,1001.6648
1761523137819,1001.6726
1761523137859,1001.72534
1761523137899,1001.9186
1761523137938,1002.1234
1761523137978,1002.44745
1761523138017,1001.6937
1761523138057,1001.43634
1761523138097,1001.6072
1761523138137,1001.7473
1761523138178,1001.7204
1761523138220,1001.6152
1761523138259,1001.7305
1761523138298,1002.1647
1761523138342,1002.4735
1761523138377,1001.65393
1761523138417,1001.49445
1761523138457,1001.65234
1761523138496,1001.657
1761523138537,1001.6803
1761523138578,1001.80865
1761523138618,1002.0542
1761523138658,1002.3798
1761523138698,1001.7764
1761523138738,1001.53156
1761523138777,1001.50903
1761523138816,1001.4189
1761523138857,1001.53455
1761523138897,1001.7128
1761523138937,1001.82104
1761523138978,1002.02124
1761523139017,1002.9383
1761523139057,1002.2351
1761523139098,1001.10315
1761523139137,1001.2159
1761523139177,1001.4543
1761523139217,1001.6268
1761523139258,1001.69257
1761523139298,1001.78033
1761523139338,1002.05664
1761523139379,1002.8102
1761523139419,1002.06146
1761523139458,1001.5304
1761523139497,1001.2657
1761523139537,1001.3909
1761523139577,1001.56384
1761523139618,1001.6797
1761523139657,1001.80963
1761523139698,1002.08026
1761523139739,1002.7728
1761523139779,1002.4046
1761523139818,1001.07166
1761523139858,1001.23224
1761523139897,1001.4205
1761523139938,1001.5658
1761523139977,1001.6739
1761523140017,1001.8017
1761523140057,1002.0704
1761523140098,1002.4264
1761523140139,1002.03827
1761523140179,1001.397
1761523140219,1001.33655
1761523140258,1001.4226
1761523140297,1001.58057
1761523140337,1001.6685
1761523140377,1001.78174
1761523140417,1002.4205
1761523140458,1002.97174
1761523140499,1002.766
1761523140537,1001.0552
1761523140578,1001.10547
1761523140618,1001.22327
1761523140658,1001.3989
1761523140697,1001.48615
1761523140737,1001.6121
1761523140777,1001.99896
1761523140818,1003.1135
1761523140859,1002.6856
1761523140899,1001.48315
1761523140938,1001.0518
1761523140978,1001.13776
1761523141017,1001.44025
1761523141057,1001.68414
1761523141097,1001.8921
1761523141138,1002.41583
1761523141177,1002.80743
1761523141218,1001.4944
1761523141259,1000.9832
1761523141299,1001.2264
1761523141339,1001.50244
1761523141378,1001.59534
1761523141418,1001.59534
1761523141457,1001.73303
1761523141497,1002.079
1761523141537,1002.72797
1761523141578,1001.44037
1761523141619,1000.9843
1761523141658,1001.20233
1761523141698,1001.4657
1761523141738,1001.6459
1761523141778,1001.70905
1761523141818,1001.78485
1761523141857,1002.2084
1761523141897,1002.2031
1761523141937,1001.7572
1761523141978,1001.41406
1761523142018,1001.42194
1761523142058,1001.55475
1761523142098,1001.6375
1761523142138,1001.7578
1761523142178,1001.85297
1761523142217,1002.212
1761523142257,1002.24646
1761523142298,1001.70795
1761523142338,1001.4252
1761523142379,1001.46484
1761523142418,1001.5257
1761523142460,1001.6208
1761523142498,1001.75415
1761523142537,1001.97974
1761523142577,1002.04486
1761523142617,1002.5334
1761523142657,1001.63416
1761523142697,1001.15765
1761523142738,1001.28625
1761523142779,1001.44366
1761523142819,1001.53357
1761523142859,1001.62885
1761523142898,1001.72406
1761523142938,1002.05334
1761523142977,1002.673
1761523143017,1001.97345
1761523143057,1001.4344
1761523143098,1001.2714
1761523143139,1001.4143
1761523143178,1001.68274
1761523143219,1001.81586
1761523143258,1001.94617
1761523143298,1002.4023
1761523143338,1002.8859
1761523143377,1001.34467
1761523143418,1000.8166
1761523143458,1001.1445
1761523143498,1001.3876
1761523143538,1001.5559
1761523143578,1001.6587
1761523143618,1001.76904
1761523143658,1002.0072
1761523143698,1002.74695
1761523143737,1001.65125
1761523143777,1001.18005
1761523143817,1001.2704
1761523143858,1001.4065
1761523143899,1001.62665
1761523143939,1001.75397
1761523143979,1001.78705
1761523144017,1001.88477
1761523144057,1002.21564
1761523144098,1002.2886
1761523144137,1001.3739
1761523144177,1001.1085
1761523144218,1001.3867
1761523144258,1001.464
1761523144299,1001.5801
1761523144339,1001.66736
1761523144379,1001.77057
1761523144418,1002.0838
1761523144458,1001.9535
1761523144497,1001.4422
1761523144537,1001.51245
1761523144577,1001.6584
1761523144617,1001.5826
1761523144658,1001.6182
1761523144698,1001.7107
1761523144738,1001.82916
1761523144779,1002.09485
1761523144823,1002.5134
1761523144858,1001.53546
1761523144898,1001.20435
1761523144937,1001.3103
1761523144979,1001.4482
1761523145021,1001.5184
1761523145059,1001.54095
1761523145098,1001.7244
1761523145138,1001.81665
1761523145178,1002.1803
1761523145218,1001.61664
1761523145259,1001.43365
1761523145299,1001.4585
1761523145337,1001.5114
1761523145378,1001.58453
1761523145419,1001.6766
1761523145462,1001.7901
1761523145502,1001.85986
1761523145545,1002.0836
1761523145586,1001.775
1761523145617,1001.39404
1761523145657,1001.3667
1761523145697,1001.5146
1761523145740,1001.54663
1761523145777,1001.60736
1761523145819,1001.67224
1761523145859,1001.8329
1761523145900,1002.44446
1761523145948,1002.076
1761523145980,1001.46674
1761523146018,1001.3868
1761523146057,1001.4219
1761523146098,1001.5325
1761523146137,1001.49994
1761523146178,1001.59235
1761523146219,1002.0785
1761523146261,1002.51276
1761523146299,1002.4696
1761523146337,1001.41187
1761523146377,1001.06635
1761523146418,1001.30695
1761523146457,1001.41187
1761523146499,1001.53186
1761523146538,1001.6779
1761523146579,1001.9487
1761523146617,1001.99585
1761523146657,1002.21686
1761523146698,1001.7101
1761523146738,1001.1809
1761523146777,1001.2815
1761523146818,1001.44946
1761523146858,1001.5948
1761523146899,1001.67
1761523146940,1001.7897
1761523146979,1001.8454
1761523147018,1001.97076
1761523147059,1001.50214
1761523147097,1001.3116
1761523147137,1001.3286
1761523147177,1001.43384
1761523147221,1001.53937
1761523147259,1001.6096
1761523147298,1001.6697
1761523147339,1001.84735
1761523147381,1002.08575
1761523147419,1001.6278
1761523147459,1001.4087
1761523147498,1001.45447
1761523147538,1001.5093
1761523147577,1001.67224
1761523147617,1001.78784
1761523147657,1001.81506
1761523147699,1002.1359
1761523147739,1002.3282
1761523147779,1001.5196
1761523147819,1001.10547
1761523147858,1001.1361
1761523147898,1001.3116
1761523147938,1001.44946
1761523147978,1001.5271
1761523148017,1001.55914
1761523148058,1001.54913
1761523148098,1001.6143
1761523148138,1001.6346
1761523148178,1001.57916
1761523148219,1001.62744
1761523148258,1001.58405
1761523148297,1001.6472
1761523148337,1001.65436
1761523148377,1001.6422
1761523148418,1001.6315
1761523148459,1001.6546
1761523148499,1001.65436
1761523148539,1001.59705
1761523148579,1001.6171
1761523148617,1001.60455
1761523148657,1001.62964
1761523148698,1001.61163
1761523148739,1001.7126
1761523148778,1001.8527
1761523148818,1001.94995
1761523148859,1001.81537
1761523148899,1001.56195
1761523148939,1001.4911
1761523148978,1001.5093
1761523149018,1001.5238
1761523149059,1001.6043
1761523149097,1001.7527
1761523149137,1001.96326
1761523149177,1002.02264
1761523149219,1001.702
1761523149259,1001.44617
1761523149299,1001.4564
1761523149338,1001.4685
1761523149378,1001.5313
1761523149418,1001.55133
1761523149457,1001.58154
1761523149498,1001.65875
1761523149538,1001.78687
1761523149578,1001.8745
1761523149618,1001.7492
1761523149658,1001.5489
1761523149699,1001.4582
1761523149738,1001.4933
1761523149778,1001.5659
1761523149817,1001.6011
1761523149857,1001.63403
1761523149897,1001.7991
1761523149939,1002.08484
1761523149979,1001.5079
1761523150019,1001.42065
1761523150059,1001.4833
1761523150098,1001.5054
1761523150137,1001.57104
1761523150177,1001.5735
1761523150217,1001.68835
1761523150257,1002.02716
1761523150298,1002.02966
1761523150338,1001.5179
1761523150379,1001.4049
1761523150419,1001.4447
1761523150459,1001.5087
1761523150498,1001.6015
1761523150537,1001.62573
1761523150577,1001.7035
1761523150617,1002.08185
1761523150657,1002.2974
1761523150698,1001.4723
1761523150739,1001.26984
1761523150778,1001.3652
1761523150819,1001.43774
1761523150858,1001.543
1761523150898,1001.5556
1761523150939,1001.6605
1761523150977,1001.8658
1761523151017,1002.0867
1761523151058,1001.78546
1761523151097,1001.57
1761523151138,1001.4397
1761523151178,1001.4575
1761523151219,1001.498
1761523151259,1001.5575
1761523151298,1001.67017
1761523151337,1001.8682
1761523151377,1002.52484
1761523151418,1001.64264
1761523151458,1001.19366
1761523151499,1001.28436
1761523151539,1001.3345
1761523151579,1001.4021
1761523151618,1001.4671
1761523151657,1001.5475
1761523151697,1001.64264
1761523151737,1001.9077
1761523151778,1002.10126
1761523151818,1001.733
1761523151857,1001.46985
1761523151899,1001.35956
1761523151939,1001.39453
1761523151979,1001.53735
1761523152019,1001.6301
1761523152058,1001.83563
1761523152098,1002.0361
1761523152137,1001.99615
1761523152177,1001.5299
1761523152217,1001.3566
1761523152259,1001.33685
1761523152299,1001.3895
1761523152339,1001.4548
1761523152378,1001.569
1761523152418,1001.8855
1761523152458,1001.9183
1761523152497,1001.77014
1761523152537,1001.72546
1761523152578,1001.4892
1761523152617,1001.3995
1761523152658,1001.43713
1761523152698,1001.5801
1761523152740,1001.68286
1761523152778,1001.798
1761523152818,1001.9208
1761523152858,1001.7777
1761523152897,1001.5774
1761523152937,1001.31177
1761523152978,1001.32623
1761523153019,1001.37665
1761523153059,1001.4271
1761523153099,1001.53986
1761523153137,1001.57495
1761523153177,1001.96313
1761523153218,1003.11633
1761523153258,1001.85065
1761523153298,1001.0436
1761523153338,1000.96313
1761523153378,1001.1085
1761523153419,1001.30945
1761523153459,1001.48737
1761523153498,1001.46906
1761523153539,1001.63226
1761523153578,1001.90295
1761523153617,1001.845
1761523153657,1001.24603
1761523153697,1001.24664
1761523153738,1001.34937
1761523153778,1001.4393
1761523153819,1001.48944
1761523153859,1001.54486
1761523153899,1001.5925
1761523153938,1001.7955
1761523153978,1001.93524
1761523154017,1001.6696
1761523154057,1001.39124
1761523154097,1001.5574
1761523154137,1001.57495
1761523154178,1001.5948
1761523154219,1001.5826
1761523154259,1001.585
1761523154299,1001.8429
1761523154338,1002.0186
1761523154377,1001.6478
1761523154417,1001.36914
1761523154457,1001.3168
1761523154498,1001.3688
1761523154540,1001.46436
1761523154579,1001.50946
1761523154617,1001.56494
1761523154657,1001.6546
1761523154697,1001.8782
1761523154737,1001.89087
1761523154777,1001.6125
1761523154817,1001.52924
1761523154856,1001.48694
1761523154897,1001.5475
1761523154938,1001.5948
1761523154979,1001.5525
1761523155019,1001.5471
1761523155058,1002.011
1761523155097,1002.1482
1761523155137,1001.61975
1761523155177,1001.1484
1761523155218,1001.144
1761523155257,1001.32623
1761523155299,1001.4596
1761523155339,1001.5274
1761523155379,1001.5925
1761523155419,1001.8783
1761523155458,1002.35706
1761523155498,1001.7784
1761523155537,1001.38196
1761523155577,1001.3569
1761523155617,1001.44727
1761523155657,1001.4773
1761523155698,1001.46967
1761523155739,1001.6408
1761523155778,1001.8056
1761523155819,1002.01117
1761523155857,1001.9087
1761523155897,1001.56055
1761523155937,1001.3498
1761523155977,1001.35706
1761523156018,1001.4623
1761523156059,1001.5023
1761523156099,1001.60266
1761523156138,1001.8041
1761523156177,1001.846
1761523156218,1001.8237
1761523156258,1001.60767
1761523156297,1001.4503
1761523156337,1001.41766
1761523156377,1001.51776
1761523156418,1001.55804
1761523156459,1001.6207
1761523156499,1001.82166
1761523156538,1001.79865
1761523156578,1001.37006
1761523156617,1001.38055
1761523156657,1001.4607
1761523156697,1001.54095
1761523156737,1001.54095
1761523156777,1001.55554
1761523156819,1001.5656
1761523156858,1001.6387
1761523156898,1001.88477
1761523156938,1002.10236
1761523156978,1001.8768
1761523157018,1001.7114
1761523157057,1001.584
1761523157097,1001.48126
1761523157137,1001.5033
1761523157177,1001.5211
1761523157219,1001.66626
1761523157259,1001.822
1761523157299,1002.25836
1761523157339,1001.44366
1761523157378,1001.1978
1761523157417,1001.2781
1761523157457,1001.341
1761523157497,1001.4638
1761523157540,1001.54126
1761523157579,1001.63116
1761523157618,1001.7265
1761523157657,1001.9023
1761523157699,1001.9073
1761523157738,1001.7622
1761523157778,1001.5539
1761523157817,1001.5064
1761523157857,1001.6342
1761523157897,1001.5886
1761523157938,1001.6415
1761523157978,1001.84485
1761523158019,1002.0557
1761523158059,1001.83514
1761523158099,1001.1153
1761523158137,1001.2457
1761523158177,1001.43365
1761523158217,1001.50146
1761523158257,1001.53906
1761523158297,1001.6066
1761523158339,1001.72925
1761523158379,1001.96985
1761523158419,1001.6968
1761523158458,1001.6512
1761523158498,1001.5364
1761523158538,1001.49634
1761523158577,1001.55164
1761523158617,1001.587
1761523158657,1001.72144
1761523158697,1001.8896
1761523158739,1001.78455
1761523158779,1001.5213
1761523158819,1001.4637
1761523158858,1001.4813
1761523158899,1001.53876
1761523158938,1001.56146
1761523158977,1001.6817
1761523159017,1001.7442
1761523159058,1001.9626
1761523159099,1001.9302
1761523159138,1001.7693
1761523159178,1001.62915
1761523159218,1001.55096
1761523159258,1001.5515
1761523159300,1001.5764
1761523159337,1001.5988
1761523159377,1001.7768
1761523159418,1001.78455
1761523159458,1001.74896
1761523159499,1001.7168
1761523159539,1001.6316
1761523159578,1001.5835
1761523159617,1001.59155
1761523159657,1001.5539
1761523159697,1001.6362
1761523159737,1001.7365
1761523159777,1001.759
1761523159818,1001.76447
1761523159859,1001.7419
1761523159899,1001.6591
1761523159939,1001.6236
1761523159979,1001.67834
1761523160018,1001.67334
1761523160058,1001.69385
1761523160097,1001.6658
1761523160137,1001.80914
1761523160177,1001.8943
1761523160218,1002.087
1761523160259,1002.1693
1761523160299,1001.70844
1761523160339,1001.52844
1761523160378,1001.4804
1761523160422,1001.49756
1761523160458,1001.6881
1761523160497,1001.83124
1761523160538,1001.9416
1761523160577,1001.94354
1761523160618,1001.726
1761523160658,1001.5223
1761523160698,1001.4748
1761523160738,1001.545
1761523160779,1001.6301
1761523160818,1001.6979
1761523160857,1001.8908
1761523160899,1001.96606
1761523160938,1001.97107
1761523160978,1001.93835
1761523161019,1001.72034
1761523161059,1001.49445
1761523161099,1001.40204
1761523161137,1001.4465
1761523161177,1001.6703
1761523161218,1001.8526
1761523161257,1002.18616
1761523161297,1002.058
1761523161337,1001.7048
1761523161379,1001.4866
1761523161419,1001.3688
1761523161459,1001.4138
1761523161498,1001.5861
1761523161538,1001.7294
1761523161578,1001.94244
1761523161618,1001.9048
1761523161657,1001.86444
1761523161697,1001.43365
1761523161737,1001.4135
1761523161779,1001.5364
1761523161819,1001.68634
1761523161859,1001.8168
1761523161899,1002.0145
1761523161938,1002.06494
1761523161978,1001.86444
1761523162017,1001.5256
1761523162057,1001.59595
1761523162097,1001.6454
1761523162138,1001.76904
1761523162178,1001.7639
1761523162219,1001.82874
1761523162259,1001.88354
1761523162298,1001.74854
1761523162338,1001.66327
1761523162377,1001.6729
1761523162419,1001.70026
1761523162457,1001.6351
1761523162498,1001.82587
1761523162539,1001.9556
1761523162579,1002.0589
1761523162619,1001.8504
1761523162658,1001.6724
1761523162697,1001.55994
1761523162738,1001.64484
1761523162777,1001.6978
1761523162817,1001.69495
1761523162858,1001.80023
1761523162899,1001.7827
1761523162939,1001.69745
1761523162979,1001.8075
1761523163019,1001.7548
1761523163058,1001.8326
1761523163098,1001.511
1761523163137,1001.5436
1761523163177,1001.70654
1761523163218,1001.8268
1761523163258,1002.0256
1761523163299,1001.9797
1761523163339,1001.87946
1761523163379,1001.71875
1761523163419,1001.6435
1761523163458,1001.64594
1761523163498,1001.656
1761523163538,1001.779
1761523163577,1001.93964
1761523163617,1002.062
1761523163658,1001.9364
1761523163698,1001.7212
1761523163739,1001.6559
1761523163779,1001.608
1761523163819,1001.6478
1761523163858,1001.7734
1761523163898,1001.89844
1761523163938,1002.05096
1761523163978,1001.92377
1761523164018,1001.87805
1761523164059,1001.86584
1761523164099,1001.7408
1761523164138,1001.6704
1761523164177,1001.6451
1761523164218,1001.68005
1761523164258,1001.8075
1761523164297,1001.9654
1761523164337,1002.2056
1761523164377,1002.24854
1761523164419,1001.87994
1761523164459,1001.5974
1761523164499,1001.55914
1761523164539,1001.61383
1761523164578,1001.66406
1761523164618,1001.7621
1761523164657,1001.8976
1761523164697,1002.18243
1761523164738,1002.12756
1761523164778,1001.8172
1761523164820,1001.5888
1761523164859,1001.611
1761523164899,1001.67847
1761523164938,1001.7486
1761523164979,1001.8158
1761523165017,1001.924
1761523165057,1002.1975
1761523165097,1002.3426
1761523165137,1001.6985
1761523165178,1001.42993
1761523165218,1001.49994
1761523165259,1001.59534
1761523165299,1001.71295
1761523165338,1001.8032
1761523165378,1002.00104
1761523165417,1002.1965
1761523165457,1002.011
1761523165497,1001.7431
1761523165538,1001.61505
1761523165579,1001.63763
1761523165619,1001.65936
1761523165658,1001.7024
1761523165697,1001.7951
1761523165737,1001.8873
1761523165778,1002.1807
1761523165818,1002.43134
1761523165857,1001.8703
1761523165900,1001.59644
1761523165940,1001.53925
1761523165978,1001.4786
1761523166021,1001.64197
1761523166062,1001.72925
1761523166101,1001.82446
1761523166137,1002.1351
1761523166177,1002.3457
1761523166217,1002.20776
1761523166258,1001.9171
1761523166300,1001.5885
1761523166346,1001.3533
1761523166381,1001.51776
1761523166419,1001.7036
1761523166463,1001.7163
1761523166506,1001.93414
1761523166539,1002.1568
1761523166579,1002.0264
1761523166618,1001.7502
1761523166657,1001.59314
1761523166698,1001.59796
1761523166739,1001.67523
1761523166781,1001.7408
1761523166819,1001.83514
1761523166858,1002.12085
1761523166899,1002.206
1761523166938,1001.8276
1761523166982,1001.4242
1761523167017,1001.4844
1761523167058,1001.63696
1761523167099,1001.7372
1761523167139,1001.8074
1761523167178,1001.8778
1761523167217,1001.99554
1761523167258,1002.0875
1761523167307,1001.85443
1761523167339,1001.7565
1761523167380,1001.68134
1761523167419,1001.6688
1761523167461,1001.72406
1761523167500,1001.7763
1761523167548,1001.8615
1761523167581,1002.1549
1761523167620,1002.3872
1761523167657,1002.19696
1761523167697,1001.8109
1761523167739,1001.525
1761523167782,1001.4827
1761523167818,1001.6425
1761523167861,1001.75024
1761523167901,1001.8003
1761523167949,1001.94037
1761523167980,1002.3514
1761523168019,1001.97064
1761523168063,1001.6795
1761523168097,1001.6495
1761523168140,1001.51154
1761523168177,1001.6168
1761523168218,1001.6643
1761523168259,1001.79987
1761523168304,1001.9617
1761523168338,1002.24725
1761523168379,1002.077
1761523168418,1001.84357
1761523168460,1001.6783
1761523168498,1001.55774
1761523168539,1001.6129
1761523168578,1001.7312
1761523168619,1001.87103
1761523168658,1002.06384
1761523168697,1002.37695
1761523168739,1001.8359
1761523168778,1001.4977
1761523168818,1001.55524
1761523168857,1001.5694
1761523168898,1001.6248
1761523168938,1001.68744
1761523168979,1001.6994
1761523169019,1001.96716
1761523169059,1002.2953
1761523169098,1002.12036
1761523169142,1001.89734
1761523169177,1001.639
1761523169217,1001.4984
1761523169257,1001.48083
1761523169297,1001.593
1761523169338,1001.92615
1761523169379,1002.21643
1761523169419,1002.34644
1761523169459,1001.86053
1761523169499,1001.50665
1761523169538,1001.4621
1761523169577,1001.5069
1761523169617,1001.7151
1761523169657,1001.7114
1761523169697,1001.8239
1761523169739,1001.93896
1761523169779,1002.25946
1761523169820,1002.1012
1761523169859,1001.7226
1761523169905,1001.55
1761523169939,1001.4844
1761523169978,1001.5993
1761523170018,1001.68115
1761523170060,1001.7285
1761523170102,1001.9991
1761523170139,1002.0813
1761523170177,1001.7205
1761523170218,1001.3342
1761523170259,1001.4119
1761523170298,1001.5893
1761523170339,1001.61414
1761523170379,1001.6713
1761523170419,1001.8041
1761523170459,1001.9291
1761523170499,1002.1718
1761523170541,1002.319
1761523170579,1002.0731
1761523170619,1001.6292
1761523170657,1001.35126
1761523170697,1001.4511
1761523170738,1001.62646
1761523170784,1001.8089
1761523170818,1002.1218
1761523170860,1002.32935
1761523170901,1001.8755
1761523170941,1001.4494
1761523170981,1001.4419
1761523171027,1001.4088
1761523171060,1001.48346
1761523171098,1001.6791
1761523171140,1001.9269
1761523171177,1002.5173
1761523171217,1002.6318
1761523171259,1001.8003
1761523171307,1001.4269
1761523171341,1001.36224
1761523171380,1001.39874
1761523171418,1001.5966
1761523171461,1001.6635
1761523171497,1001.8265
1761523171538,1002.137
1761523171578,1002.1463
1761523171622,1001.19446
1761523171658,1001.2315
1761523171698,1001.49194
1761523171738,1001.64685
1761523171780,1001.67944
1761523171820,1001.73444
1761523171860,1001.77875
1761523171898,1001.86865
1761523171939,1002.039
1761523171978,1002.2187
1761523172021,1001.8005
1761523172060,1001.7352
1761523172101,1001.6443
1761523172141,1001.5915
1761523172177,1001.67914
1761523172217,1001.73914
1761523172257,1001.8166
1761523172299,1001.7787
1761523172338,1001.8108
1761523172379,1001.4776
1761523172421,1001.5825
1761523172459,1001.6124
1761523172499,1001.6663
1761523172538,1001.7049
1761523172577,1001.74896
1761523172617,1001.76135
1761523172657,1001.736
1761523172697,1001.7032
1761523172738,1001.741
1761523172779,1001.73517
1761523172819,1001.7326
1761523172859,1001.7279
1761523172898,1001.73944
1761523172938,1001.70123
1761523172977,1001.72687
1761523173018,1001.7061
1761523173057,1001.73083
1761523173098,1001.72076
1761523173137,1001.7101
1761523173178,1001.728
1761523173218,1001.7276
1761523173259,1001.72516
1761523173298,1001.6969
1761523173338,1001.73444
1761523173377,1002.3705
1761523173417,1002.4225
1761523173457,1001.56915
1761523173498,1001.2054
1761523173539,1001.3831
1761523173579,1001.51587
1761523173619,1001.60095
1761523173657,1001.6711
1761523173697,1002.5574
1761523173738,1002.1816
1761523173778,1002.26697
1761523173822,1000.9895
1761523173859,1001.1629
1761523173900,1001.42267
1761523173948,1001.5806
1761523173984,1001.6482
1761523174021,1001.67303
1761523174061,1001.79095
1761523174104,1002.5111
1761523174137,1002.2764
1761523174177,1001.6107
1761523174217,1001.3979
1761523174257,1001.35724
1761523174306,1001.45734
1761523174340,1001.618
1761523174380,1001.77344
1761523174420,1002.08545
1761523174460,1002.6147
1761523174500,1001.6382
1761523174538,1001.21674
1761523174579,1001.39484
1761523174621,1001.49493
1761523174657,1001.5901
1761523174697,1001.66797
1761523174737,1001.7706
1761523174779,1001.93365
1761523174819,1002.32697
1761523174858,1001.846
1761523174897,1001.5257
1761523174938,1001.45544
1761523174978,1001.5032
1761523175018,1001.5706
1761523175059,1001.62756
1761523175098,1001.62036
1761523175139,1001.7979
1761523175177,1002.38196
1761523175217,1001.6032
1761523175257,1001.3451
1761523175297,1001.44037
1761523175337,1001.53076
1761523175378,1001.58325
1761523175418,1001.65076
1761523175459,1001.6658
1761523175498,1001.71576
1761523175538,1001.85016
1761523175578,1001.9729
1761523175618,1001.6329
1761523175657,1001.5231
1761523175697,1001.62573
1761523175737,1001.65594
1761523175778,1001.67834
1761523175819,1001.6933
1761523175859,1001.8127
1761523175898,1002.0808
1761523175938,1002.1364
1761523175978,1001.68304
1761523176017,1001.3526
1761523176057,1001.48303
1761523176097,1001.5982
1761523176137,1001.62756
1761523176177,1001.65515
1761523176218,1001.75336
1761523176258,1001.73596
1761523176298,1001.78107
1761523176339,1001.78094
1761523176377,1001.7653
1761523176417,1001.7184
1761523176457,1001.7033
1761523176498,1001.7328
1761523176538,1001.7603
1761523176579,1001.831
1761523176619,1001.8362
1761523176657,1001.7606
1761523176697,1001.72
1761523176738,1001.64014
1761523176777,1001.64044
1761523176817,1001.65076
1761523176858,1001.6685
1761523176898,1001.663
1761523176938,1001.6808
1761523176979,1001.7234
1761523177019,1001.7235
1761523177058,1001.78595
1761523177098,1001.78107
1761523177137,1001.7657
1761523177177,1001.7506
1761523177216,1001.7631
1761523177257,1001.8338
1761523177297,1001.8605
1761523177339,1001.8235
1761523177378,1001.7127
1761523177419,1001.6232
1761523177458,1001.66077
1761523177498,1001.73083
1761523177538,1001.74615
1761523177577,1001.7106
1761523177617,1001.6808
1761523177657,1001.7185
1761523177698,1001.79877
1761523177738,1001.81104
1761523177779,1001.8736
1761523177819,1001.86383
1761523177858,1001.80133
1761523177898,1001.66345
1761523177938,1001.6758
1761523177977,1001.6884
1761523178018,1001.8088
1761523178058,1001.7537
1761523178099,1001.7234
1761523178140,1001.81604
1761523178177,1001.8338
1761523178217,1001.78375
1761523178258,1001.6808
1761523178298,1001.678
1761523178340,1001.6686
1761523178377,1001.71783
1761523178418,1001.72815
1761523178459,1001.7657
1761523178499,1001.7058
1761523178541,1001.716
1761523178578,1001.73834
1761523178619,1001.74
1761523178658,1001.73334
1761523178697,1001.7459
1761523178737,1001.77783
1761523178777,1001.79376
1761523178818,1001.8786
1761523178859,1001.9984
1761523178899,1001.94086
1761523178939,1001.63086
1761523178978,1001.53534
1761523179018,1001.6079
1761523179057,1001.67834
1761523179098,1001.7335
1761523179137,1001.74335
1761523179177,1001.7929
1761523179218,1001.7954
1761523179258,1001.8633
1761523179299,1001.7954
1761523179338,1001.70087
1761523179378,1001.718
1761523179418,1001.7134
1761523179457,1001.75336
1761523179497,1001.73303
1761523179538,1001.8257
1761523179578,1001.8833
1761523179619,1001.85077
1761523179658,1001.8287
1761523179698,1001.7886
1761523179738,1001.73303
1761523179778,1001.6708
1761523179817,1001.6911
1761523179857,1001.7262
1761523179897,1001.79095
1761523179938,1001.8007
1761523179979,1001.88837
1761523180019,1001.89294
1761523180058,1001.81036
1761523180098,1001.7703
1761523180138,1001.7328
1761523180177,1001.7255
1761523180217,1001.7453
1761523180257,1001.77783
1761523180297,1001.8713
1761523180338,1002.06384
1761523180379,1001.8354
1761523180418,1001.5731
1761523180459,1001.5948
1761523180498,1001.7234
1761523180538,1001.66516
1761523180578,1001.73083
1761523180617,1001.76086
1761523180658,1001.77313
1761523180697,1001.883
1761523180738,1002.01624
1761523180778,1001.82007
1761523180819,1001.79846
1761523180859,1001.7581
1761523180898,1001.7453
1761523180938,1001.7428
1761523180977,1001.818
1761523181017,1001.94275
1761523181057,1002.0733
1761523181098,1001.9162
1761523181138,1001.5729
1761523181177,1001.6107
1761523181218,1001.69806
1761523181258,1001.7706
1761523181298,1001.7503
1761523181337,1001.7911
1761523181377,1001.831
1761523181417,1002.00073
1761523181458,1002.0415
1761523181499,1001.86017
1761523181539,1001.7954
1761523181579,1001.76843
1761523181619,1001.831
1761523181658,1001.8035
1761523181697,1001.7678
1761523181737,1001.7653
1761523181777,1001.74756
1761523181817,1001.856
1761523181858,1001.801
1761523181899,1001.7681
1761523181939,1001.7503
1761523181979,1001.7753
1761523182018,1001.7804
1761523182058,1001.81323
1761523182097,1001.80255
1761523182137,1001.9578
1761523182177,1002.14056
1761523182217,1002.0288
1761523182258,1001.8205
1761523182298,1001.65515
1761523182339,1001.6724
1761523182379,1001.7729
1761523182418,1001.818
1761523182458,1001.84265
1761523182497,1001.8683
1761523182537,1001.83514
1761523182577,1001.81354
1761523182618,1001.7653
1761523182659,1001.7911
1761523182698,1001.7676
1761523182738,1001.80756
1761523182778,1001.8198
1761523182818,1001.89526
1761523182857,1002.13367
1761523182897,1001.9963
1761523182937,1001.86554
1761523182978,1001.8207
1761523183019,1001.75336
1761523183059,1001.79095
1761523183099,1001.84045
1761523183138,1001.92804
1761523183177,1002.12335
1761523183217,1002.216
1761523183257,1002.0552
1761523183297,1001.75507
1761523183337,1001.71533
1761523183378,1001.69244
1761523183419,1001.67773
1761523183460,1001.7447
1761523183499,1001.94086
1761523183538,1002.1878
1761523183578,1002.0329
1761523183617,1001.98096
1761523183658,1002.063
1761523183697,1001.8981
1761523183737,1001.76
1761523183779,1001.8152
1761523183819,1001.80005
1761523183859,1001.8082
1761523183898,1002.03296
1761523183939,1001.9556
1761523183978,1001.913
1761523184017,1001.8054
1761523184057,1001.7631
1761523184098,1001.7578
1761523184138,1001.7503
1761523184178,1001.82513
1761523184218,1001.9074
1761523184257,1002.3309
1761523184298,1002.32837
1761523184338,1002.12585
1761523184377,1002.16583
1761523184418,1001.8102
1761523184457,1001.6145
1761523184498,1001.69525
1761523184539,1001.7857
1761523184579,1001.7829
1761523184619,1002.0179
1761523184658,1002.0527
1761523184697,1001.9854
1761523184737,1001.7751
1761523184777,1001.6749
1761523184817,1001.67694
1761523184858,1001.76
1761523184898,1001.72955
1761523184939,1001.7901
1761523184979,1001.87024
1761523185019,1001.92224
1761523185058,1001.9879
1761523185098,1001.99005
1761523185137,1001.9249
1761523185176,1001.83716
1761523185217,1001.84485
1761523185258,1001.88477
1761523185299,1001.90454
1761523185338,1001.96454
1761523185378,1002.06696
1761523185417,1001.95984
1761523185457,1001.71893
1761523185497,1001.784
1761523185536,1001.83435
1761523185576,1001.87726
1761523185617,1001.88446
1761523185657,1001.927
1761523185698,1001.9793
1761523185738,1002.02423
1761523185778,1001.9166
1761523185819,1001.8945
1761523185858,1001.8912
1761523185897,1001.89655
1761523185937,1001.88904
1761523185978,1001.90704
1761523186018,1001.91956
1761523186059,1001.9393
1761523186099,1001.99963
1761523186139,1001.9696
1761523186178,1001.90204
1761523186217,1001.88654
1761523186257,1001.92456
1761523186297,1001.90674
1761523186337,1001.9293
1761523186378,1001.9416
1761523186418,1001.9818
1761523186459,1002.0197
1761523186499,1001.9821
1761523186539,1001.932
1761523186578,1001.9473
1761523186618,1001.90454
1761523186657,1001.91675
1761523186697,1001.91705
1761523186737,1001.89197
1761523186778,1001.9467
1761523186819,1002.12476
1761523186859,1001.91956
1761523186899,1001.8816
1761523186940,1001.91956
1761523186978,1001.9166
1761523187018,1001.9217
1761523187058,1001.9545
1761523187097,1001.9947
1761523187138,1002.0945
1761523187177,1002.4606
1761523187218,1002.18274
1761523187258,1001.85443
1761523187298,1001.81476
1761523187339,1001.7989
1761523187377,1001.85693
1761523187417,1001.94275
1761523187457,1002.0602
1761523187498,1002.49786
1761523187538,1002.31256
1761523187579,1001.7543
1761523187619,1001.642
1761523187659,1001.7375
1761523187698,1001.80756
1761523187737,1001.88776
1761523187777,1001.91736
1761523187818,1002.045
1761523187857,1002.1478
1761523187897,1002.1877
1761523187940,1002.0902
1761523187979,1001.8672
1761523188019,1001.8498
1761523188059,1001.9174
1761523188100,1001.9628
1761523188139,1001.96735
1761523188179,1002.0733
1761523188217,1002.0154
1761523188257,1002.0154
1761523188298,1001.88477
1761523188339,1001.84485
1761523188379,1001.8547
1761523188419,1001.92773
1761523188459,1001.9425
1761523188498,1001.9729
1761523188539,1002.103
1761523188577,1002.37305
1761523188618,1002.39014
1761523188658,1001.9225
1761523188698,1001.725
1761523188738,1001.7944
1761523188778,1001.8519
1761523188818,1001.9325
1761523188858,1002.0349
1761523188900,1002.2703
1761523188937,1002.2425
1761523188977,1001.9445
1761523189018,1001.6892
1761523189058,1001.7064
1761523189099,1001.837
1761523189139,1001.88196
1761523189178,1001.9367
1761523189218,1002.0948
1761523189257,1002.2252
1761523189297,1002.18243
1761523189337,1002.02185
1761523189377,1001.90955
1761523189417,1001.884
1761523189459,1001.91156
1761523189499,1001.9316
1761523189539,1001.89374
1761523189579,1002.3416
1761523189619,1002.32227
1761523189658,1002.20953
1761523189697,1001.8089
1761523189737,1001.6689
1761523189778,1001.7736
1761523189818,1001.8334
1761523189861,1001.89874
1761523189899,1001.9288
1761523189939,1002.1641
1761523189978,1002.427
1761523190018,1002.1889
1761523190057,1001.77325
1761523190097,1001.61084
1761523190137,1001.78577
1761523190179,1001.81555
1761523190217,1001.9238
1761523190257,1002.0437
1761523190298,1002.3268
1761523190338,1002.4918
1761523190378,1002.1216
1761523190417,1001.7989
1761523190457,1001.57306
1761523190497,1001.7403
1761523190537,1001.85333
1761523190577,1001.90875
1761523190618,1001.9936
1761523190658,1002.22144
1761523190697,1003.17773
1761523190737,1003.41565
1761523190777,1001.8434
1761523190818,1001.4228
1761523190857,1001.20703
1761523190896,1001.52045
1761523190937,1001.7861
1761523190979,1001.7558
1761523191019,1001.9936
1761523191058,1002.1613
1761523191098,1002.1909
1761523191138,1001.93604
1761523191178,1001.94354
1761523191217,1001.84296
1761523191257,1001.82587
1761523191297,1001.8809
1761523191337,1001.95056
1761523191378,1002.079
1761523191419,1002.2983
1761523191459,1002.3244
1761523191498,1002.0508
1761523191538,1001.743
1761523191578,1001.7711
1761523191618,1001.77826
1761523191659,1001.8663
1761523191697,1001.9307
1761523191738,1002.0407
1761523191779,1002.3766
1761523191819,1002.3111
1761523191869,1001.7032
1761523191904,1001.6857
1761523191938,1001.8387
1761523191977,1001.8862
1761523192017,1001.89905
1761523192059,1001.9535
1761523192099,1002.1144
1761523192149,1002.269
1761523192180,1002.1459
1761523192218,1001.94885
1761523192257,1001.8036
1761523192298,1001.8262
1761523192337,1001.8759
1761523192377,1001.916
1761523192417,1001.9766
1761523192458,1002.00867
1761523192499,1001.98663
1761523192539,1001.9738
1761523192579,1002.0114
1761523192619,1001.98663
1761523192658,1001.9691
1761523192697,1001.98663
1761523192737,1001.9535
1761523192777,1001.9886
1761523192817,1001.9838
1761523192858,1002.0161
1761523192899,1002.05865
1761523192939,1001.9685
1761523192978,1001.976
1761523193018,1001.9889
1761523193058,1001.9811
1761523193097,1001.95154
1761523193137,1001.9563
1761523193178,1001.9535
1761523193217,1002.0061
1761523193258,1002.2818
1761523193299,1002.14935
1761523193339,1001.89343
1761523193378,1001.86096
1761523193417,1001.94385
1761523193457,1001.9961
1761523193497,1002.0344
1761523193537,1002.1038
1761523193578,1002.2311
1761523193618,1002.2261
1761523193659,1001.9911
1761523193698,1001.89844
1761523193737,1001.8387
1761523193777,1001.8638
1761523193818,1001.921
1761523193857,1002.04626
1761523193897,1002.2715
1761523193937,1002.36224
1761523193978,1002.22144
1761523194019,1001.906
1761523194059,1001.77576
1761523194099,1001.7711
1761523194139,1001.78577
1761523194178,1001.85046
1761523194217,1001.9581
1761523194257,1002.1018
1761523194298,1002.14655
1761523194338,1001.93304
1761523194378,1001.916
1761523194419,1001.89594
1761523194458,1001.9285
1761523194499,1001.99866
1761523194539,1001.96606
1761523194578,1001.9936
1761523194617,1002.1691
1761523194657,1002.21893
1761523194697,1002.11835
1761523194737,1001.9285
1761523194779,1001.83307
1761523194819,1001.8809
1761523194859,1001.9155
1761523194898,1001.9254
1761523194938,1002.0287
1761523194978,1002.1616
1761523195017,1002.4768
1761523195058,1002.5644
1761523195098,1002.11383
1761523195139,1001.7057
1761523195178,1001.6206
1761523195218,1001.7834
1761523195257,1001.8655
1761523195298,1002.0412
1761523195337,1002.7021
1761523195377,1002.5444
1761523195417,1002.29407
1761523195457,1001.65314
1761523195498,1001.63513
1761523195539,1001.7303
1761523195579,1001.8264
1761523195619,1001.90375
1761523195660,1002.00116
1761523195697,1002.1889
1761523195737,1002.2796
1761523195778,1002.34186
1761523195818,1001.91846
1761523195857,1001.7633
1761523195898,1001.8434
1761523195939,1001.9685
1761523195979,1001.9886
1761523196019,1001.9936
1761523196058,1002.2665
1761523196098,1002.20386
1761523196137,1002.13354
1761523196177,1001.7678
1761523196217,1001.77075
1761523196257,1001.85046
1761523196299,1001.921
1761523196339,1001.9507
1761523196379,1001.9861
1761523196420,1002.13837
1761523196458,1002.44415
1761523196498,1002.2311
1761523196537,1002.0232
1761523196577,1001.85333
1761523196618,1001.82336
1761523196658,1001.8855
1761523196698,1001.9507
1761523196737,1001.9811
1761523196778,1002.40375
1761523196818,1002.63904
1761523196858,1002.77673
1761523196897,1001.71545
1761523196937,1001.4373
1761523196977,1001.6727
1761523197018,1002.0081
1761523197059,1002.0011
1761523197098,1001.9553
1761523197138,1002.16345
1761523197178,1002.356
1761523197217,1002.5669
1761523197257,1002.2865
1761523197297,1001.8727
1761523197337,1001.6979
1761523197377,1001.68256
1761523197419,1001.83026
1761523197459,1001.87994
1761523197498,1001.93024
1761523197538,1002.3956
1761523197578,1002.6182
1761523197618,1002.3755
1761523197657,1001.5413
1761523197697,1001.60425
1761523197737,1001.822
1761523197778,1001.859
1761523197819,1001.9666
1761523197859,1002.044
1761523197898,1002.21674
1761523197938,1002.4639
1761523197977,1002.2662
1761523198017,1002.02795
1761523198057,1001.77765
1761523198097,1001.7
1761523198138,1001.79706
1761523198179,1001.8671
1761523198218,1001.9794
1761523198258,1002.4804
1761523198298,1002.67487
1761523198338,1002.36115
1761523198378,1001.7787
1761523198417,1001.6683
1761523198457,1001.64545
1761523198497,1001.74524
1761523198538,1001.873
1761523198579,1002.0432
1761523198622,1002.2405
1761523198658,1002.36017
1761523198697,1002.00476
1761523198737,1001.96454
1761523198777,1002.0641
1761523198817,1002.01917
1761523198858,1001.97125
1761523198897,1001.98804
1761523198939,1002.0437
1761523198979,1002.03284
1761523199019,1001.95807
1761523199058,1002.1507
1761523199098,1002.0954
1761523199138,1001.9423
1761523199177,1001.89453
1761523199217,1001.9174
1761523199257,1001.90967
1761523199298,1002.05975
1761523199338,1002.14154
1761523199378,1002.37445
1761523199418,1002.109
1761523199458,1001.9168
1761523199498,1001.7957
1761523199537,1001.8336
1761523199577,1001.92053
1761523199617,1002.00397
1761523199658,1002.0558
1761523199698,1002.451
1761523199738,1002.46533
1761523199777,1001.9023
1761523199819,1001.6796
1761523199858,1001.76416
1761523199898,1001.87463
1761523199937,1001.95447
1761523199977,1001.95386
1761523200018,1002.0817
1761523200057,1002.29205
1761523200098,1002.4364
1761523200139,1002.23413
1761523200178,1001.90125
1761523200217,1001.7837
1761523200257,1001.84076
1761523200297,1001.9606
1761523200337,1002.1032
1761523200377,1002.23334
1761523200418,1002.7862
1761523200459,1002.7111
1761523200498,1002.18744
1761523200539,1001.6321
1761523200578,1001.74963
1761523200618,1001.7796
1761523200658,1001.84955
1761523200697,1001.9747
1761523200737,1001.9924
1761523200777,1002.4666
1761523200818,1002.915
1761523200859,1002.6024
1761523200899,1001.83093
1761523200939,1001.53107
1761523200978,1001.5427
1761523201018,1001.74634
1761523201057,1001.9357
1761523201097,1002.1113
1761523201138,1002.714
1761523201178,1002.80896
1761523201218,1001.9832
1761523201258,1001.5252
1761523201298,1001.6471
1761523201338,1001.79553
1761523201378,1001.86523
1761523201418,1001.9573
1761523201457,1002.0497
1761523201497,1002.3904
1761523201540,1002.70276
1761523201578,1002.49
1761523201619,1002.0145
1761523201659,1001.7264
1761523201698,1001.63916
1761523201737,1001.7869
1761523201777,1001.94916
1761523201817,1002.03925
1761523201857,1002.4872
1761523201897,1002.9398
1761523201938,1002.3117
1761523201979,1001.4559
1761523202019,1001.6686
1761523202059,1001.84625
1761523202098,1001.83826
1761523202138,1001.9737
1761523202178,1001.9959
1761523202217,1002.2262
1761523202257,1002.6314
1761523202297,1002.56616
1761523202337,1001.97565
1761523202379,1001.88556
1761523202419,1001.79297
1761523202459,1001.88776
1761523202498,1001.9127
1761523202537,1001.9052
1761523202579,1002.29346
1761523202617,1002.8055
1761523202656,1002.5382
1761523202697,1001.9497
1761523202738,1001.6345
1761523202778,1001.72943
1761523202818,1001.8272
1761523202857,1001.93475
1761523202897,1001.9545
1761523202937,1002.0369
1761523202977,1002.3374
1761523203017,1002.8228
1761523203057,1002.2525
1761523203099,1002.14703
1761523203137,1002.10455
1761523203177,1001.899
1761523203218,1002.01416
1761523203257,1002.07916
1761523203297,1002.41675
1761523203337,1002.77954
1761523203377,1002.437
1761523203455,1001.6207
1761523203496,1001.78265
1761523203535,1001.7637
1761523203575,1001.84314
1761523203615,1002.1193
1761523203655,1002.66974
1761523203695,1002.8457
1761523203735,1002.30774
1761523203776,1001.91205
1761523203816,1001.74396
1761523203855,1001.6964
1761523203895,1001.6964
1761523203938,1001.7943
1761523203975,1001.8116
1761523204015,1001.95166
1761523204055,1001.9967
1761523204096,1002.0008
1761523204136,1002.05884
1761523204175,1002.0729
1761523204215,1002.1038
1761523204255,1002.103
1761523204295,1002.11835
1761523204335,1002.0798
1761523204375,1002.0823
1761523204415,1002.07275
1761523204455,1002.0823
1761523204495,1002.1021
1761523204539,1002.1146
1761523204575,1002.094
1761523204615,1002.0915
1761523204656,1002.0946
1761523204695,1002.09924
1761523204735,1002.08417
1761523204775,1002.0388
1761523204815,1002.06354
1761523204856,1002.0857
1761523204896,1002.1333
1761523204969,1002.1261
1761523204977,1002.11334
1761523205028,1002.1079
1761523205057,1002.123
1761523205095,1002.0882
1761523205135,1002.05505
1761523205175,1002.0571
1761523205215,1002.1955
1761523205255,1002.1125
1761523205295,1002.0949
1761523205335,1002.09454
1761523205375,1002.1127
1761523205415,1002.0849
1761523205455,1002.07495
1761523205495,1002.08
1761523205535,1002.07947
1761523205575,1002.108
1761523205615,1002.1155
1761523205655,1002.09546
1761523205696,1002.08795
1761523205736,1002.1184
1761523205777,1002.10297
1761523205816,1002.1033
1761523205857,1002.0865
1761523205895,1002.07196
1761523205935,1002.10443
1761523205975,1002.16486
1761523206016,1002.0998
1761523206057,1002.1459
1761523206097,1002.12616
1761523206135,1002.1387
1761523206175,1002.0988
1761523206215,1002.0764
1761523206255,1002.1171
1761523206297,1002.13226
1761523206335,1002.1501
1761523206376,1002.1255
1761523206416,1002.10046
1761523206456,1002.09
1761523206496,1002.12585
1761523206536,1002.1189
1761523206576,1002.1189
1761523206615,1002.1895
1761523206655,1002.32947
1761523206695,1002.2396
1761523206736,1002.0527
1761523206776,1002.0179
1761523206816,1002.0207
1761523206856,1002.03326
1761523206896,1002.06635
1761523206936,1002.0943
1761523206975,1002.1618
1761523207015,1002.4221
1761523207056,1002.2698
1761523207095,1001.9769
1761523207135,1002.00226
1761523207175,1002.0304
1761523207216,1002.058
1761523207256,1002.1407
1761523207295,1002.12585
1761523207335,1002.1588
1761523207375,1002.29913
1761523207415,1002.36523
1761523207455,1002.1318
1761523207495,1002.06256
1761523207535,1002.0299
1761523207575,1002.0228
1761523207615,1002.0502
1761523207655,1002.0902
1761523207695,1002.26337
1761523207735,1002.35315
1761523207775,1002.37134
1761523207815,1002.0865
1761523207855,1001.95374
1761523207895,1002.0006
1761523207935,1002.02673
1761523207975,1002.05414
1761523208015,1002.0691
1761523208055,1002.1115
1761523208095,1002.1646
1761523208135,1002.2978
1761523208175,1002.24506
1761523208215,1002.0274
1761523208255,1002.0878
1761523208295,1002.1099
1761523208335,1002.0227
1761523208375,1002.0149
1761523208415,1002.12787
1761523208455,1002.5837
1761523208495,1002.9416
1761523208535,1002.3513
1761523208575,1001.9381
1761523208615,1001.8963
1761523208655,1001.8057
1761523208695,1001.806
1761523208735,1001.8688
1761523208775,1002.0385
1761523208815,1002.23413
1761523208855,1002.2043
1761523208895,1002.00885
1761523208935,1001.9593
1761523208976,1002.0172
1761523209016,1002.0874
1761523209056,1002.0842
1761523209096,1002.07166
1761523209135,1002.1275
1761523209175,1002.2701
1761523209216,1002.39545
1761523209255,1002.0976
1761523209295,1001.91235
1761523209335,1001.95264
1761523209376,1002.00055
1761523209416,1002.0735
1761523209456,1002.09845
1761523209497,1002.0957
1761523209536,1002.116
1761523209575,1002.2234
1761523209615,1002.2389
1761523209655,1002.1585
1761523209695,1002.1164
1761523209736,1002.12885
1761523209775,1002.1368
1761523209816,1002.15393
1761523209856,1002.2166
1761523209896,1002.47455
1761523209936,1002.46436
1761523209975,1002.0115
1761523210017,1001.80365
1761523210056,1001.8818
1761523210095,1002.04974
1761523210135,1002.0722
1761523210175,1002.11206
1761523210217,1002.09174
1761523210256,1002.2053
1761523210296,1002.31256
1761523210336,1002.4528
1761523210375,1002.1278
1761523210416,1001.9445
1761523210456,1001.9094
1761523210496,1001.90295
1761523210535,1001.9345
1761523210576,1002.04724
1761523210617,1002.08234
1761523210655,1002.3059
1761523210695,1002.253
1761523210736,1002.1232
1761523210777,1002.0327
1761523210816,1002.06256
1761523210856,1002.03564
1761523210897,1002.07526
1761523210942,1002.1032
1761523210977,1002.1453
1761523211016,1002.2659
1761523211055,1002.77155
1761523211095,1002.56134
1761523211135,1002.08826
1761523211175,1001.89044
1761523211215,1001.8655
1761523211256,1002.05347
1761523211297,1002.19366
1761523211337,1002.2662
1761523211377,1002.5513
1761523211417,1002.90674
1761523211457,1002.1733
1761523211497,1001.6727
1761523211537,1001.69977
1761523211575,1001.86115
1761523211617,1001.88794
1761523211655,1002.0432
1761523211695,1002.16833
1761523211737,1002.6843
1761523211776,1003.2322
1761523211816,1002.8069
1761523211856,1001.99585
1761523211896,1001.5175
1761523211936,1001.555
1761523211976,1001.7879
1761523212016,1001.9931
1761523212056,1002.14825
1761523212098,1002.44617
1761523212135,1002.8617
1761523212175,1002.32513
1761523212215,1001.7098
1761523212255,1001.7152
1761523212296,1001.77734
1761523212335,1001.89453
1761523212375,1001.9975
1761523212416,1002.0375
1761523212456,1002.1453
1761523212498,1002.6088
1761523212536,1002.5882
1761523212576,1002.0748
1761523212615,1001.8924
1761523212655,1001.72485
1761523212695,1001.68665
1761523212736,1001.81226
1761523212776,1001.9472
1761523212817,1002.0722
1761523212857,1002.235
1761523212901,1002.3425
1761523212937,1002.2196
1761523212976,1002.0271
1761523213019,1001.99945
1761523213056,1002.06946
1761523213100,1002.0291
1761523213137,1002.1152
1761523213175,1002.0889
1761523213215,1002.1342
1761523213256,1002.272
1761523213303,1002.272
1761523213337,1002.1415
1761523213377,1002.12646
1761523213417,1002.0614
1761523213457,1002.09644
1761523213497,1002.1639
1761523213536,1002.1138
1761523213577,1002.26166
1761523213616,1002.4869
1761523213655,1002.70703
1761523213695,1002.1833
1761523213736,1001.8404
1761523213777,1001.90515
1761523213816,1001.938
1761523213855,1001.9599
1761523213897,1002.03564
1761523213937,1002.20544
1761523213979,1002.6132
1761523214017,1002.6032
1761523214056,1002.0776
1761523214095,1001.89484
1761523214135,1001.8923
1761523214175,1001.91046
1761523214215,1001.9824
1761523214255,1002.13245
1761523214296,1002.2527
1761523214336,1002.71814
1761523214376,1002.48303
1761523214416,1002.03235
1761523214456,1001.84393
1761523214496,1001.8692
1761523214535,1001.9343
1761523214575,1001.97156
1761523214615,1002.0389
1761523214655,1002.26154
1761523214695,1002.34686
1761523214736,1002.4841
1761523214776,1002.26624
1761523214816,1002.1089
1761523214856,1002.0507
1761523214896,1002.0683
1761523214935,1002.1412
1761523214975,1002.1161
1761523215015,1002.25305
1761523215055,1002.44104
1761523215096,1003.00635
1761523215135,1002.613
1761523215175,1001.89197
1761523215217,1001.9122
1761523215255,1001.9472
1761523215295,1001.8971
1761523215336,1001.9394
1761523215375,1002.01984
1761523215415,1002.20233
1761523215456,1002.5901
1761523215496,1002.6596
1761523215536,1002.34686
1761523215576,1002.0273
1761523215615,1001.7712
1761523215655,1001.77625
1761523215695,1001.8869
1761523215735,1002.0516
1761523215776,1002.16656
1761523215815,1002.622
1761523215856,1002.3284
1761523215896,1002.1139
1761523215937,1002.2008
1761523215976,1002.1836
1761523216015,1002.0481
1761523216056,1002.05853
1761523216095,1002.0904
1761523216135,1002.223
1761523216175,1002.4414
1761523216215,1002.7089
1761523216256,1002.30347
1761523216296,1001.94275
1761523216336,1001.8298
1761523216375,1001.82733
1761523216415,1001.95807
1761523216455,1002.2131
1761523216495,1002.34595
1761523216535,1002.428
1761523216575,1002.4932
1761523216617,1002.3954
1761523216655,1001.9124
1761523216695,1001.8448
1761523216735,1002.0125
1761523216776,1002.0275
1761523216816,1002.1125
1761523216856,1002.1629
1761523216896,1002.32275
1761523216936,1002.3053
1761523216975,1002.4154
1761523217015,1002.2299
1761523217056,1002.1524
1761523217096,1002.0693
1761523217135,1002.0273
1761523217175,1002.085
1761523217215,1002.12256
1761523217255,1002.18494
1761523217295,1002.14
1761523217336,1001.8949
1761523217375,1002.0524
1761523217416,1002.08234
1761523217457,1002.0843
1761523217496,1002.16516
1761523217536,1002.16736
1761523217575,1002.15735
1761523217615,1002.20276
1761523217655,1002.1898
1761523217695,1002.27783
1761523217736,1002.1344
1761523217776,1002.1248
1761523217816,1002.0943
1761523217856,1002.1298
1761523217896,1002.16187
1761523217936,1002.18243
1761523217976,1002.0898
1761523218015,1002.2525
1761523218057,1002.2578
1761523218096,1002.247
1761523218136,1002.1768
1761523218175,1002.1326
1761523218215,1002.1142
1761523218255,1002.1543
1761523218296,1002.2076
1761523218337,1002.20764
1761523218376,1002.2374
1761523218415,1002.3201
1761523218455,1002.29
1761523218496,1002.2129
1761523218537,1002.16
1761523218576,1002.19257
1761523218616,1002.18695
1761523218655,1002.16986
1761523218695,1002.2199
1761523218735,1002.27954
1761523218775,1002.32007
1761523218815,1002.27264
1761523218855,1002.1248
1761523218896,1002.1069
1761523218937,1002.1219
1761523218976,1002.14185
1761523219016,1002.1264
1761523219056,1002.1718
1761523219095,1002.28156
1761523219135,1002.342
1761523219175,1002.2969
1761523219215,1002.2019
1761523219256,1002.1392
1761523219296,1002.1467
1761523219336,1002.1484
1761523219376,1002.2344
1761523219416,1002.3071
1761523219455,1002.2815
1761523219495,1002.2838
1761523219535,1002.27875
1761523219576,1002.22595
1761523219616,1002.1537
1761523219655,1002.1332
1761523219695,1002.1486
1761523219736,1002.18616
1761523219776,1002.24603
1761523219816,1002.2434
1761523219856,1002.2885
1761523219895,1002.31525
1761523219935,1002.3259
1761523219976,1002.24603
1761523220016,1002.16266
1761523220056,1002.1657
1761523220096,1002.21063
1761523220135,1002.21765
1761523220175,1002.2776
1761523220215,1002.2802
1761523220255,1002.11505
1761523220295,1002.03217
1761523220336,1002.0974
1761523220376,1002.1376
1761523220416,1002.1524
1761523220456,1002.1675
1761523220496,1002.1922
1761523220535,1002.2124
1761523220576,1002.2125
1761523220616,1002.20233
1761523220655,1002.2372
1761523220695,1002.26697
1761523220736,1002.272
1761523220776,1002.2447
1761523220816,1002.2219
1761523220856,1002.22406
1761523220896,1002.23663
1761523220936,1002.29205
1761523220976,1002.19916
1761523221015,1002.1669
1761523221055,1002.21436
1761523221095,1002.23694
1761523221135,1002.2065
1761523221175,1002.2291
1761523221215,1002.2316
1761523221256,1002.23364
1761523221296,1002.25665
1761523221336,1002.2216
1761523221375,1002.154
1761523221415,1002.2061
1761523221455,1002.211
1761523221495,1002.2128
1761523221536,1002.271
1761523221576,1002.27594
1761523221617,1002.29065
1761523221655,1002.40564
1761523221695,1002.4032
1761523221735,1002.29083
1761523221775,1002.18744
1761523221815,1002.2154
1761523221855,1002.2104
1761523221895,1002.15533
1761523221935,1002.18005
1761523221975,1002.205
1761523222016,1002.305
1761523222056,1002.3301
1761523222095,1002.28485
1761523222136,1002.4675
1761523222175,1002.4227
1761523222215,1002.29486
1761523222255,1002.23236
1761523222296,1002.18726
1761523222335,1002.195
1761523222375,1002.2469
1761523222416,1002.42725
1761523222455,1002.4275
1761523222495,1002.27936
1761523222535,1002.1214
1761523222575,1002.14453
1761523222615,1002.1339
1761523222655,1002.1793
1761523222695,1002.209
1761523222736,1002.2816
1761523222775,1002.36414
1761523222816,1002.49646
1761523222855,1002.2512
1761523222895,1002.1615
1761523222935,1002.12897
1761523222975,1002.1662
1761523223015,1002.2087
1761523223056,1002.22375
1761523223096,1002.2385
1761523223136,1002.32916
1761523223175,1002.37115
1761523223215,1002.24585
1761523223255,1002.1411
1761523223296,1002.1386
1761523223335,1002.1637
1761523223375,1002.18805
1761523223415,1002.2159
1761523223456,1002.2636
1761523223496,1002.37134
1761523223536,1002.48834
1761523223576,1002.45386
1761523223615,1002.2681
1761523223655,1002.1211
1761523223695,1002.06854
1761523223735,1002.0207
1761523223775,1002.10547
1761523223815,1002.2511
1761523223856,1002.3407
1761523223897,1002.55334
1761523223936,1002.50116
1761523223975,1002.13104
1761523224015,1002.0054
1761523224055,1002.0455
1761523224095,1002.08325
1761523224135,1002.15326
1761523224175,1002.18085
1761523224215,1002.3907
1761523224256,1003.03143
1761523224296,1003.3347
1761523224335,1002.6785
1761523224375,1002.02295
1761523224415,1001.68005
1761523224455,1001.6701
1761523224495,1002.0429
1761523224535,1001.9982
1761523224575,1001.9907
1761523224616,1002.3485
1761523224655,1002.66125
1761523224695,1002.2606
1761523224736,1001.9882
1761523224775,1002.03796
1761523224815,1002.1083
1761523224855,1002.10547
1761523224896,1002.1601
1761523224936,1002.2385
1761523224976,1002.2912
1761523225016,1002.3387
1761523225055,1002.4311
1761523225096,1002.37573
1761523225135,1002.23065
1761523225175,1002.20374
1761523225215,1002.23096
1761523225255,1002.2632
1761523225296,1002.32367
1761523225337,1002.524
1761523225377,1002.7386
1761523225417,1002.4314
1761523225456,1002.0157
1761523225496,1001.93787
1761523225535,1001.97064
1761523225575,1002.0664
1761523225615,1002.20374
1761523225655,1002.29376
1761523225695,1002.351
1761523225735,1002.30634
1761523225776,1002.22375
1761523225815,1002.2562
1761523225856,1002.224
1761523225895,1002.2411
1761523225935,1002.32916
1761523225975,1002.3435
1761523226015,1002.3437
1761523226055,1002.4618
1761523226096,1002.4812
1761523226136,1002.08093
1761523226175,1001.9153
1761523226215,1001.99585
1761523226255,1002.0986
1761523226297,1002.1261
1761523226335,1002.18146
1761523226375,1002.2165
1761523226415,1002.2312
1761523226455,1002.3488
1761523226496,1002.469
1761523226537,1002.4412
1761523226576,1002.38165
1761523226616,1002.2606
1761523226655,1002.2136
1761523226695,1002.2431
1761523226735,1002.32416
1761523226776,1002.46924
1761523226815,1002.4913
1761523226856,1002.29596
1761523226897,1002.11346
1761523226936,1002.0234
1761523226975,1002.0714
1761523227015,1002.1511
1761523227056,1002.2087
1761523227095,1002.21906
1761523227135,1002.31616
1761523227175,1002.524
1761523227215,1002.524
1761523227255,1002.3964
1761523227296,1002.2258
1761523227336,1002.1484
1761523227375,1002.1376
1761523227416,1002.13837
1761523227456,1002.2411
1761523227495,1002.584
1761523227535,1002.7215
1761523227575,1002.4338
1761523227616,1002.0808
1761523227655,1001.9533
1761523227695,1002.0683
1761523227735,1002.174
1761523227775,1002.17084
1761523227816,1002.2484
1761523227855,1002.5187
1761523227895,1003.0966
1761523227935,1002.6188
1761523227975,1002.3463
1761523228016,1002.02844
1761523228056,1001.99097
1761523228096,1002.04333
1761523228135,1002.1386
1761523228175,1002.2509
1761523228215,1002.3807
1761523228255,1002.7936
1761523228295,1002.7667
1761523228336,1002.0683
1761523228376,1002.0689
1761523228415,1002.0779
1761523228456,1002.0207
1761523228496,1002.14557
1761523228535,1002.3038
1761523228575,1002.39575
1761523228615,1002.4986
1761523228655,1002.48834
1761523228695,1002.31024
1761523228735,1002.22565
1761523228776,1002.1562
1761523228816,1002.19086
1761523228856,1002.22815
1761523228895,1002.22845
1761523228935,1002.3535
1761523228975,1002.5691
1761523229015,1002.37866
1761523229055,1002.171
1761523229098,1002.0732
1761523229135,1002.0906
1761523229175,1002.03577
1761523229215,1002.09344
1761523229256,1002.1735
1761523229295,1002.2982
1761523229335,1002.5488
1761523229375,1002.7736
1761523229415,1002.5664
1761523229456,1002.27124
1761523229495,1001.9579
1761523229536,1001.8378
1761523229577,1002.0157
1761523229615,1002.1359
1761523229656,1002.22375
1761523229695,1002.7266
1761523229735,1002.8896
1761523229775,1002.36365
1761523229815,1001.9535
1761523229855,1001.9563
1761523229896,1002.031
1761523229936,1002.04095
1761523229976,1002.09845
1761523230016,1002.1411
1761523230055,1002.2886
1761523230095,1002.56384
1761523230135,1002.50366
1761523230176,1002.161
1761523230215,1002.0554
1761523230257,1002.1076
1761523230296,1002.19556
1761523230336,1002.26056
1761523230376,1002.3106
1761523230415,1002.553
1761523230456,1002.7035
1761523230495,1002.3733
1761523230535,1002.10724
1761523230575,1002.0717
1761523230616,1002.0721
1761523230657,1002.12897
1761523230695,1002.12897
1761523230735,1002.1743
1761523230776,1002.1866
1761523230816,1002.5321
1761523230855,1002.7667
1761523230898,1002.464
1761523230936,1002.16595
1761523230977,1002.0902
1761523231016,1002.06995
1761523231056,1002.04474
1761523231097,1002.104
1761523231137,1002.2821
1761523231175,1002.58984
1761523231215,1002.3416
1761523231255,1002.25085
1761523231296,1002.24365
1761523231336,1002.0557
1761523231376,1002.0782
1761523231417,1002.0829
1761523231455,1002.1029
1761523231497,1002.1671
1761523231535,1002.3702
1761523231575,1002.5098
1761523231615,1002.5145
1761523231657,1002.3219
1761523231695,1002.20935
1761523231735,1002.1111
1761523231777,1002.1139
1761523231817,1002.1487
1761523231856,1002.22876
1761523231896,1002.43134
1761523231936,1002.6482
1761523231976,1002.37054
1761523232016,1002.14764
1761523232056,1002.09265
1761523232095,1002.00464
1761523232135,1002.0594
1761523232175,1002.12964
1761523232215,1002.27954
1761523232257,1002.574
1761523232296,1002.87164
1761523232336,1002.90924
1761523232375,1002.29333
1761523232415,1001.971
1761523232455,1001.84296
1761523232495,1001.90784
1761523232536,1002.0478
1761523232577,1002.183
1761523232616,1002.5051
1761523232656,1002.7929
1761523232695,1002.452
1761523232735,1002.1063
1761523232776,1002.091
1761523232817,1001.9934
1761523232856,1001.9635
1761523232896,1002.06854
1761523232936,1002.1985
1761523232977,1002.4087
1761523233016,1002.2633
1761523233057,1002.0401
1761523233095,1001.8825
1761523233135,1001.8999
1761523233175,1002.05975
1761523233215,1002.11414
1761523233256,1002.1742
1761523233296,1002.1861
1761523233336,1002.2114
1761523233376,1002.1636
1761523233416,1002.1786
1761523233456,1002.15515
1761523233495,1002.20557
1761523233535,1002.15826
1761523233575,1002.1906
1761523233616,1002.1775
1761523233656,1002.1672
1761523233695,1002.19
1761523233735,1002.202
1761523233776,1002.2322
1761523233816,1002.2622
1761523233855,1002.202
1761523233895,1002.1817
1761523233935,1002.1767
1761523233976,1002.20123
1761523234016,1002.1983
1761523234056,1002.30835
1761523234096,1002.5239
1761523234136,1002.4133
1761523234175,1002.21063
1761523234215,1002.1306
1761523234255,1002.07776
1761523234295,1001.9825
1761523234335,1002.07556
1761523234375,1002.1277
1761523234416,1002.2933
1761523234456,1002.4905
1761523234496,1003.02563
1761523234536,1002.8161
1761523234576,1002.30774
1761523234616,1001.90216
1761523234657,1001.82245
1761523234695,1001.9147
1761523234735,1002.05524
1761523234775,1002.1802
1761523234816,1002.53845
1761523234856,1003.02075
1761523234897,1002.1958
1761523234935,1001.85767
1761523234975,1001.8304
1761523235016,1001.84314
1761523235056,1001.97833
1761523235095,1002.0781
1761523235136,1002.25854
1761523235175,1002.46606
1761523235215,1002.6587
1761523235256,1002.46643
1761523235296,1002.1817
1761523235336,1002.04614
1761523235376,1002.0344
1761523235415,1002.0391
1761523235457,1002.1217
1761523235495,1002.2593
1761523235536,1002.5902
1761523235575,1002.7375
1761523235617,1002.3601
1761523235655,1001.89984
1761523235695,1001.83954
1761523235735,1001.8525
1761523235775,1001.89703
1761523235815,1002.08264
1761523235855,1002.12744
1761523235896,1002.2583
1761523235936,1002.5533
1761523235975,1002.67596
1761523236016,1002.291
1761523236056,1002.06305
1761523236095,1002.00854
1761523236135,1002.02094
1761523236175,1001.95593
1761523236215,1002.1409
1761523236255,1002.4344
1761523236297,1002.57697
1761523236336,1002.3521
1761523236375,1002.0295
1761523236416,1001.8819
1761523236455,1001.9015
1761523236496,1002.01953
1761523236535,1002.11694
1761523236576,1002.1973
1761523236615,1002.21466
1761523236655,1002.4378
1761523236695,1002.6774
1761523236735,1002.6152
1761523236775,1002.4503
1761523236816,1002.0307
1761523236855,1001.77783
1761523236896,1001.92053
1761523236935,1002.0735
1761523236975,1002.17053
1761523237015,1002.3412
1761523237055,1002.67334
1761523237096,1002.3061
1761523237136,1001.98846
1761523237175,1001.88806
1761523237215,1001.96594
1761523237255,1002.051
1761523237296,1002.10864
1761523237335,1002.32446
1761523237376,1002.4916
1761523237415,1002.5891
1761523237457,1002.62885
1761523237496,1002.1143
1761523237536,1002.11365
1761523237575,1002.1068
1761523237615,1002.1593
1761523237655,1002.1769
1761523237695,1002.1185
1761523237735,1002.2349
1761523237775,1002.4998
1761523237816,1002.6997
1761523237856,1002.54315
1761523237895,1002.0178
1761523237935,1001.92523
1761523237975,1001.9523
1761523238015,1001.9549
1761523238055,1001.9903
1761523238095,1001.97064
1761523238135,1002.1354
1761523238175,1002.27826
1761523238215,1002.1256
1761523238255,1001.94806
1761523238295,1002.0081
1761523238336,1002.164
1761523238376,1002.23615
1761523238415,1002.2237
1761523238455,1002.22876
1761523238496,1002.2037
1761523238536,1002.183
1761523238576,1002.20624
1761523238616,1002.2182
1761523238656,1002.20624
1761523238695,1002.1732
1761523238735,1002.174
1761523238775,1002.2143
1761523238815,1002.1965
1761523238855,1002.18677
1761523238896,1002.1593
1761523238936,1002.1368
1761523238976,1002.1644
1761523239016,1002.1321
1761523239056,1002.1671
1761523239096,1002.1593
1761523239135,1002.1821
1761523239175,1002.2022
