1761522898974,999.1476
1761522899013,999.1803
1761522899054,999.07837
1761522899094,999.0129
1761522899134,999.007
1761522899173,999.0109
1761522899213,999.0422
1761522899253,998.98474
1761522899293,999.0455
1761522899332,999.0192
1761522899373,998.964
1761522899413,998.9494
1761522899453,998.9038
1761522899494,998.84467
1761522899535,998.7701
1761522899574,998.83966
1761522899614,998.8929
1761522899654,998.92096
1761522899693,998.91846
1761522899733,998.98627
1761522899774,999.16205
1761522899814,999.03156
1761522899855,999.00195
1761522899895,998.9246
1761522899935,998.9419
1761522899974,998.97205
1761522900015,998.9899
1761522900053,998.97
1761522900093,999.0103
1761522900133,999.0002
1761522900173,998.9952
1761522900214,999.0812
1761522900255,999.344
1761522900295,999.3669
1761522900337,999.1417
1761522900380,999.1317
1761522900415,999.11664
1761522900454,998.94885
1761522900493,998.92126
1761522900533,998.96936
1761522900573,998.95416
1761522900615,998.9844
1761522900655,999.00696
1761522900694,998.9796
1761522900733,999.00977
1761522900774,999.1129
1761522900814,999.2937
1761522900853,999.366
1761522900893,999.24335
1761522900935,999.1214
1761522900975,998.9001
1761522901014,998.858
1761522901055,998.9761
1761522901094,999.06134
1761522901134,999.01666
1761522901173,998.9858
1761522901213,999.0667
1761522901252,999.13196
1761522901294,999.08673
1761522901334,999.08716
1761522901375,999.0673
1761522901415,999.1055
1761522901454,999.0751
1761522901494,999.06805
1761522901534,999.08295
1761522901574,999.1532
1761522901613,999.123
1761522901653,999.10315
1761522901695,999.1382
1761522901734,999.1587
1761522901776,999.1738
1761522901815,999.2274
1761522901857,999.23157
1761522901895,999.1744
1761522901935,999.3222
1761522901974,999.2047
1761522902013,999.1445
1761522902053,999.15454
1761522902094,999.18964
1761522902135,999.29767
1761522902175,999.40546
1761522902214,999.2274
1761522902254,998.90704
1761522902294,999.08704
1761522902334,999.05255
1761522902374,999.0173
1761522902413,999.11755
1761522902454,999.2053
1761522902493,999.19775
1761522902535,999.19305
1761522902575,999.158
1761522902615,999.08813
1761522902657,999.11334
1761522902693,999.1685
1761522902733,999.2262
1761522902774,999.19366
1761522902817,999.2087
1761522902865,999.17847
1761522902897,999.1914
1761522902947,999.1786
1761522902977,999.1516
1761522903013,999.1308
1761522903054,999.19904
1761522903094,999.18646
1761522903134,999.1968
1761522903173,999.0915
1761522903213,999.15454
1761522903253,999.23474
1761522903295,999.2728
1761522903334,999.2824
1761522903374,999.18005
1761522903415,999.12946
1761522903454,999.15735
1761522903493,999.13477
1761522903534,999.13983
1761522903574,999.20544
1761522903615,999.11993
1761522903654,999.0195
1761522903694,999.0726
1761522903734,999.1375
1761522903776,999.10767
1761522903815,999.14
1761522903854,999.2227
1761522903894,999.24805
1761522903939,999.1881
1761522903975,999.1779
1761522904016,999.1054
1761522904055,999.58154
1761522904095,999.2004
1761522904134,998.85187
1761522904175,998.9973
1761522904213,999.3014
1761522904253,999.1359
1761522904293,999.19116
1761522904333,999.14087
1761522904375,999.1686
1761522904415,999.1811
1761522904455,999.1104
1761522904494,999.0809
1761522904534,999.2664
1761522904574,999.3792
1761522904614,999.1811
1761522904654,999.1209
1761522904693,999.229
1761522904733,999.2764
1761522904776,999.28394
1761522904817,999.14844
1761522904855,999.12225
1761522904897,999.14374
1761522904936,999.1814
1761522904981,999.1786
1761522905013,999.0209
1761522905052,999.4952
1761522905094,999.46783
1761522905134,999.12665
1761522905175,998.8579
1761522905214,999.05853
1761522905254,999.1492
1761522905294,999.1989
1761522905334,999.1742
1761522905374,999.16174
1761522905413,999.23944
1761522905453,999.24945
1761522905493,999.10864
1761522905534,999.1334
1761522905575,999.1234
1761522905615,999.18866
1761522905655,999.23694
1761522905693,999.3365
1761522905733,999.4575
1761522905773,999.2739
1761522905816,998.98553
1761522905856,999.11115
1761522905896,999.2062
1761522905936,999.1488
1761522905978,999.0658
1761522906017,999.0965
1761522906054,999.10095
1761522906097,999.22437
1761522906133,999.2791
1761522906174,999.2466
1761522906213,999.10657
1761522906253,999.204
1761522906294,999.1663
1761522906335,999.089
1761522906375,999.0689
1761522906416,999.43
1761522906455,999.0993
1761522906495,999.0564
1761522906534,999.13116
1761522906573,999.234
1761522906613,999.25446
1761522906654,999.1743
1761522906694,999.1818
1761522906735,999.26624
1761522906775,999.22375
1761522906815,999.204
1761522906855,999.2344
1761522906894,999.2265
1761522906934,999.2469
1761522906986,999.14124
1761522907014,999.197
1761522907053,999.3322
1761522907095,999.3074
1761522907135,999.2971
1761522907174,999.18964
1761522907213,999.2047
1761522907253,999.23193
1761522907293,999.1417
1761522907334,999.15704
1761522907373,999.16943
1761522907414,999.33716
1761522907457,999.30237
1761522907493,999.14435
1761522907535,999.0593
1761522907574,999.0817
1761522907614,999.04175
1761522907654,999.00116
1761522907693,999.099
1761522907733,999.2064
1761522907776,999.29236
1761522907815,999.2473
1761522907855,999.23224
1761522907895,999.2296
1761522907935,999.1495
1761522907975,999.1671
1761522908014,999.25006
1761522908054,999.2601
1761522908093,999.25006
1761522908133,999.30023
1761522908174,999.25006
1761522908214,999.2576
1761522908253,999.2273
1761522908295,999.1495
1761522908335,999.1091
1761522908374,999.2498
1761522908414,999.26733
1761522908453,999.2351
1761522908493,999.2226
1761522908533,999.1997
1761522908575,999.2
1761522908615,999.1674
1761522908656,999.2078
1761522908694,999.19025
1761522908734,999.18
1761522908773,999.1775
1761522908814,999.1674
1761522908853,999.1978
1761522908893,999.2003
1761522908934,999.25555
1761522908975,999.24554
1761522909014,999.215
1761522909055,999.2576
1761522909095,999.28784
1761522909135,999.0901
1761522909174,999.81726
1761522909213,999.2807
1761522909253,998.9596
1761522909294,999.1552
1761522909335,999.3006
1761522909375,999.1705
1761522909415,999.24054
1761522909455,999.2911
1761522909498,999.24554
1761522909534,999.19556
1761522909574,999.2058
1761522909613,999.2607
1761522909653,999.4521
1761522909694,999.5349
1761522909734,999.57947
1761522909774,999.1412
1761522909815,999.221
1761522909855,999.3242
1761522909894,999.2339
1761522909934,999.0679
1761522909973,999.1258
1761522910013,999.3088
1761522910054,999.4149
1761522910095,999.15375
1761522910134,999.04614
1761522910175,999.33716
1761522910214,999.39185
1761522910253,999.5705
1761522910294,999.2749
1761522910334,999.2364
1761522910374,999.21466
1761522910414,999.21466
1761522910454,999.2971
1761522910494,999.3974
1761522910535,999.4178
1761522910575,999.3025
1761522910615,999.2849
1761522910655,999.2579
1761522910694,999.23944
1761522910733,999.32794
1761522910773,999.5808
1761522910815,999.646
1761522910854,999.4307
1761522910895,999.3932
1761522910935,999.3906
1761522910976,999.2177
1761522911014,999.10724
1761522911054,999.13745
1761522911094,999.21466
1761522911134,999.31836
1761522911173,999.33765
1761522911213,999.5212
1761522911254,999.31506
1761522911295,999.3105
1761522911337,999.1651
1761522911380,999.35815
1761522911415,999.4387
1761522911457,999.11487
1761522911501,999.2654
1761522911537,999.356
1761522911575,999.4563
1761522911615,999.3832
1761522911655,999.3055
1761522911694,999.33844
1761522911733,999.3987
1761522911773,999.4112
1761522911814,999.424
1761522911855,999.3717
1761522911896,999.4143
1761522911933,999.45404
1761522911973,999.3191
1761522912015,999.32367
1761522912057,999.4613
1761522912097,999.5265
1761522912137,999.4244
1761522912174,999.38446
1761522912214,999.40704
1761522912253,999.4139
1761522912293,999.38446
1761522912336,999.38696
1761522912377,999.5901
1761522912415,999.57196
1761522912457,999.2014
1761522912495,999.1535
1761522912535,999.09595
1761522912574,999.18365
1761522912614,999.26917
1761522912656,999.4218
1761522912696,999.4347
1761522912733,999.4547
1761522912774,999.43726
1761522912815,999.3494
1761522912858,999.33936
1761522912896,999.3871
1761522912934,999.3395
1761522912974,999.30695
1761522913021,999.3193
1761522913054,999.4246
1761522913095,999.42474
1761522913137,999.41205
1761522913177,999.4575
1761522913214,999.40454
1761522913254,999.367
1761522913295,999.4073
1761522913335,999.37946
1761522913377,999.30396
1761522913414,999.3871
1761522913454,999.4523
1761522913498,999.4197
1761522913535,999.4447
1761522913575,999.4197
1761522913617,999.3914
1761522913659,999.377
1761522913697,999.3168
1761522913734,999.27167
1761522913773,999.33435
1761522913814,999.4246
1761522913858,999.4391
1761522913897,999.31396
1761522913937,999.3142
1761522913976,999.3491
1761522914018,999.43463
1761522914055,999.4347
1761522914095,999.40454
1761522914134,999.4222
1761522914177,999.4214
1761522914213,1000.0058
1761522914254,999.2184
1761522914295,999.23834
1761522914337,999.4043
1761522914377,999.4214
1761522914415,999.4372
1761522914456,999.47955
1761522914494,999.4194
1761522914534,999.40643
1761522914573,999.4294
1761522914615,999.4588
1761522914655,999.5569
1761522914695,999.6747
1761522914734,999.64935
1761522914773,999.2757
1761522914815,999.3234
1761522914855,999.4164
1761522914894,999.4534
1761522914933,999.3638
1761522914973,999.3155
1761522915014,999.33307
1761522915055,999.60455
1761522915095,999.66974
1761522915135,999.6218
1761522915174,999.31586
1761522915213,999.3055
1761522915253,999.2729
1761522915293,999.4232
1761522915333,999.524
1761522915374,999.47144
1761522915414,999.39575
1761522915455,999.4613
1761522915494,999.45135
1761522915534,999.53406
1761522915575,999.61884
1761522915614,999.67444
1761522915655,999.4433
1761522915694,999.5466
1761522915733,999.4182
1761522915773,999.32544
1761522915814,999.2929
1761522915855,999.45087
1761522915895,999.5863
1761522915934,999.56665
1761522915974,999.6063
1761522916014,999.2428
1761522916054,999.54376
1761522916093,999.674
1761522916133,999.2482
1761522916174,999.3778
1761522916214,999.4684
1761522916254,999.5913
1761522916294,999.5437
1761522916335,999.4835
1761522916374,999.4889
1761522916414,999.52856
1761522916453,999.5817
1761522916493,999.54156
1761522916533,999.46094
1761522916575,999.42084
1761522916615,999.4258
1761522916655,999.4785
1761522916695,999.57886
1761522916734,999.6415
1761522916773,999.5613
1761522916813,999.5086
1761522916853,999.5136
1761522916894,999.5437
1761522916934,999.5161
1761522916975,999.45135
1761522917015,999.5538
1761522917054,999.519
1761522917094,999.3886
1761522917135,999.44336
1761522917174,999.28546
1761522917213,999.2628
1761522917253,999.3811
1761522917293,999.5312
1761522917335,999.56384
1761522917375,999.56915
1761522917415,999.5165
1761522917455,999.471
1761522917495,999.47345
1761522917534,999.5115
1761522917573,999.53906
1761522917613,999.54156
1761522917653,999.5543
1761522917694,999.5767
1761522917734,999.5538
1761522917774,999.5115
1761522917815,999.4739
1761522917854,999.4788
1761522917895,999.6093
1761522917934,999.6168
1761522917974,999.4814
1761522918014,999.43146
1761522918054,999.414
1761522918094,999.45135
1761522918135,999.4741
1761522918175,999.48413
1761522918214,999.6996
1761522918253,999.59265
1761522918293,999.45447
1761522918334,999.50397
1761522918373,999.59454
1761522918414,999.5393
1761522918454,1000.29663
1761522918494,999.2936
1761522918535,999.12805
1761522918575,999.37445
1761522918615,999.5719
1761522918655,999.6029
1761522918694,999.5519
1761522918732,999.48413
1761522918773,999.5324
1761522918814,999.57733
1761522918855,999.6529
1761522918895,999.6701
1761522918935,999.72284
1761522918975,999.6579
1761522919014,999.72046
1761522919054,999.5042
1761522919094,999.3895
1761522919133,999.4447
1761522919174,999.5274
1761522919213,999.6478
1761522919254,999.6451
1761522919295,999.48224
1761522919335,999.36694
1761522919375,999.81586
1761522919414,1000.0371
1761522919454,999.39954
1761522919493,999.4524
1761522919533,999.5048
1761522919574,999.4698
1761522919615,999.5732
1761522919655,999.60516
1761522919697,999.5375
1761522919735,999.54016
1761522919774,999.5552
1761522919815,999.59076
1761522919858,999.7136
1761522919895,999.71814
1761522919939,999.844
1761522919978,999.5581
1761522920017,999.51984
1761522920059,999.58325
1761522920096,999.4654
1761522920135,999.35443
1761522920177,999.52057
1761522920218,999.5581
1761522920253,999.58594
1761522920294,999.6086
1761522920333,999.56323
1761522920378,999.6768
1761522920417,999.80383
1761522920456,999.7036
1761522920494,999.3605
1761522920535,999.5082
1761522920574,999.584
1761522920614,999.6286
1761522920654,999.6342
1761522920693,999.5659
1761522920733,999.59106
1761522920774,999.6141
1761522920815,999.65643
1761522920855,999.6792
1761522920895,999.66187
1761522920935,999.5313
1761522920975,999.5361
1761522921014,999.6241
1761522921053,999.82227
1761522921094,999.61163
1761522921134,999.52844
1761522921175,999.63885
1761522921218,999.764
1761522921254,999.9096
1761522921293,999.6342
1761522921335,999.4232
1761522921374,999.24304
1761522921414,999.26544
1761522921453,999.4306
1761522921493,999.5439
1761522921535,999.64667
1761522921575,999.669
1761522921615,999.6141
1761522921655,999.5815
1761522921694,999.5584
1761522921733,999.5263
1761522921773,999.56854
1761522921813,999.6337
1761522921853,999.64136
1761522921895,999.584
1761522921935,999.59875
1761522921976,999.6743
1761522922015,999.6241
1761522922055,999.46576
1761522922095,999.5139
1761522922134,999.764
1761522922174,999.6918
1761522922214,999.5715
1761522922253,999.49097
1761522922294,999.47876
1761522922335,999.4983
1761522922375,999.56396
1761522922415,999.71155
1761522922455,999.52893
1761522922494,999.42346
1761522922534,999.52594
1761522922573,999.40814
1761522922613,999.5263
1761522922655,999.5762
1761522922695,999.6041
1761522922734,999.5862
1761522922774,999.6242
1761522922814,999.6513
1761522922854,999.584
1761522922894,999.5489
1761522922933,999.5461
1761522922973,999.594
1761522923014,999.6011
1761522923053,999.55853
1761522923095,999.5461
1761522923135,999.5463
1761522923175,999.51843
1761522923214,999.5414
1761522923254,999.63885
1761522923293,999.6518
1761522923334,999.60376
1761522923374,999.7315
1761522923415,999.669
1761522923455,999.6969
1761522923495,999.77167
1761522923535,999.47327
1761522923574,999.50085
1761522923614,999.5285
1761522923654,999.4684
1761522923694,999.4988
1761522923733,999.61127
1761522923773,999.6337
1761522923814,999.5514
1761522923855,999.5059
1761522923895,999.60406
1761522923935,999.6015
1761522923974,999.5087
1761522924015,1000.1181
1761522924054,999.6188
1761522924093,999.3703
1761522924133,999.58905
1761522924175,999.5112
1761522924215,999.5489
1761522924254,999.6166
1761522924294,999.6693
1761522924335,999.5515
1761522924374,999.56104
1761522924414,999.6438
1761522924454,999.7645
1761522924494,999.81226
1761522924535,999.72705
1761522924575,999.63916
1761522924615,999.541
1761522924657,999.5059
1761522924695,999.5715
1761522924734,999.6493
1761522924773,999.71405
1761522924813,999.5037
1761522924854,999.7022
1761522924895,999.55896
1761522924937,999.88
1761522924975,999.70447
1761522925016,999.4614
1761522925055,999.55396
1761522925096,999.63446
1761522925137,999.7925
1761522925174,999.75995
1761522925213,999.7721
1761522925253,999.6722
1761522925293,999.6417
1761522925336,999.6997
1761522925378,999.747
1761522925423,999.6169
1761522925458,999.5567
1761522925497,999.60986
1761522925535,999.69507
1761522925577,999.8452
1761522925616,999.7974
1761522925655,999.71045
1761522925696,999.5139
1761522925734,999.6094
1761522925775,999.81476
1761522925816,999.69946
1761522925858,999.5199
1761522925896,999.5994
1761522925937,999.6674
1761522925984,999.76025
1761522926014,999.7431
1761522926056,999.64453
1761522926097,999.7674
1761522926136,999.7681
1761522926175,999.63245
1761522926215,999.587
1761522926254,999.5943
1761522926294,999.70447
1761522926334,999.87354
1761522926376,999.73267
1761522926415,999.62524
1761522926461,999.71716
1761522926495,999.77234
1761522926538,999.7774
1761522926577,999.68225
1761522926617,999.6524
1761522926656,999.6825
1761522926694,999.60474
1761522926733,999.70544
1761522926773,999.80786
1761522926813,999.6248
1761522926855,999.47656
1761522926897,999.632
1761522926937,999.7556
1761522926977,999.6453
1761522927019,999.7728
1761522927066,999.8936
1761522927096,999.8427
1761522927135,999.7582
1761522927177,999.6647
1761522927215,999.6153
1761522927254,999.61523
1761522927294,999.69037
1761522927334,999.7399
1761522927376,999.74493
1761522927417,999.675
1761522927456,999.70483
1761522927495,999.6471
1761522927537,999.7205
1761522927577,999.6699
1761522927617,999.61224
1761522927657,999.66034
1761522927698,999.69727
1761522927738,999.72015
1761522927773,999.65533
1761522927814,999.6579
1761522927854,999.70483
1761522927893,999.6697
1761522927933,999.6399
1761522927974,999.60706
1761522928014,999.5845
1761522928055,999.65283
1761522928094,999.6797
1761522928134,999.7431
1761522928174,999.72266
1761522928214,999.7046
1761522928253,999.5969
1761522928293,999.67206
1761522928334,999.69507
1761522928379,999.7299
1761522928415,999.76276
1761522928455,999.7299
1761522928495,999.6574
1761522928534,999.6869
1761522928574,999.77234
1761522928614,999.7857
1761522928653,1000.1107
1761522928693,999.84766
1761522928734,999.4765
1761522928774,999.58936
1761522928814,999.6471
1761522928855,999.71716
1761522928895,999.7947
1761522928934,999.8176
1761522928974,999.7001
1761522929014,999.6672
1761522929053,999.68225
1761522929094,999.73706
1761522929135,999.8198
1761522929174,999.8179
1761522929216,999.81537
1761522929253,999.8175
1761522929293,1000.0257
1761522929334,999.69
1761522929374,999.7098
1761522929413,999.7678
1761522929453,999.71014
1761522929493,999.6428
1761522929535,999.7151
1761522929575,999.7899
1761522929615,999.9029
1761522929654,999.76025
1761522929694,999.82587
1761522929733,999.7299
1761522929773,1000.3797
1761522929813,999.6955
1761522929854,999.5443
1761522929895,999.632
1761522929934,999.6248
1761522929975,999.685
1761522930015,999.76276
1761522930055,999.76483
1761522930094,999.7631
1761522930134,999.75214
1761522930173,999.7131
1761522930214,999.7732
1761522930253,999.7356
1761522930294,999.78326
1761522930334,999.8033
1761522930375,999.83295
1761522930415,999.9012
1761522930454,1000.0717
1761522930494,999.87854
1761522930534,999.62573
1761522930574,999.7581
1761522930614,999.78326
1761522930655,999.6781
1761522930695,999.6856
1761522930735,999.7007
1761522930774,999.8661
1761522930813,1000.06616
1761522930855,999.7682
1761522930893,999.8413
1761522930933,999.73834
1761522930973,999.8035
1761522931014,999.55804
1761522931055,999.6481
1761522931095,999.8063
1761522931138,999.8514
1761522931175,999.894
1761522931215,999.8141
1761522931253,999.7442
1761522931292,999.87396
1761522931333,999.9274
1761522931373,999.897
1761522931415,999.78705
1761522931455,999.7565
1761522931495,999.9345
1761522931534,999.9571
1761522931574,999.74695
1761522931614,999.70135
1761522931654,999.9899
1761522931693,999.99744
1761522931733,999.95233
1761522931773,999.8402
1761522931814,999.76447
1761522931855,999.81256
1761522931895,999.7344
1761522931934,999.717
1761522931974,999.85974
1761522932015,999.8901
1761522932053,999.6546
1761522932094,999.6719
1761522932134,999.6523
1761522932175,999.6197
1761522932215,999.7223
1761522932254,999.9261
1761522932294,1000.00336
1761522932334,999.8108
1761522932374,999.863
1761522932414,999.8259
1761522932453,999.7406
1761522932493,999.7883
1761522932534,999.8435
1761522932574,999.83826
1761522932615,999.8107
1761522932655,999.88354
1761522932694,999.8912
1761522932734,999.7977
1761522932773,999.8209
1761522932813,999.79083
1761522932853,999.7763
1761522932894,999.8259
1761522932934,999.87134
1761522932976,999.82904
1761522933015,999.72845
1761522933055,999.7633
1761522933095,999.80585
1761522933134,999.75073
1761522933173,999.7838
1761522933214,999.78326
1761522933253,999.8918
1761522933293,999.97217
1761522933334,999.8694
1761522933375,999.7944
1761522933415,999.6637
1761522933456,999.76447
1761522933496,999.8943
1761522933536,999.6209
1761522933574,999.68146
1761522933615,999.7994
1761522933658,999.83203
1761522933696,999.8342
1761522933735,999.8144
1761522933774,999.82196
1761522933814,999.84204
1761522933857,999.8574
1761522933895,999.84216
1761522933937,999.87213
1761522933975,999.8196
1761522934023,999.74445
1761522934054,999.7671
1761522934096,999.7417
1761522934136,999.8851
1761522934175,999.8773
1761522934217,999.8299
1761522934256,999.81494
1761522934293,999.9052
1761522934333,999.845
1761522934374,999.81744
1761522934415,999.8725
1761522934457,999.8528
1761522934499,999.8904
1761522934536,999.95056
1761522934576,999.8879
1761522934625,999.7876
1761522934660,999.72437
1761522934697,999.75726
1761522934734,999.85034
1761522934773,999.8578
1761522934814,999.77704
1761522934856,999.84735
1761522934897,999.8176
1761522934938,999.9428
1761522934976,999.9604
1761522935016,999.8256
1761522935054,999.7449
1761522935095,999.69977
1761522935136,999.8074
1761522935175,999.918
1761522935217,999.83484
1761522935256,999.7773
1761522935294,999.83276
1761522935334,999.93805
1761522935378,1000.1186
1761522935417,1000.23944
1761522935456,999.81494
1761522935497,999.87787
1761522935533,999.928
1761522935575,999.83276
1761522935620,999.70734
1761522935658,999.6317
1761522935698,999.8024
1761522935735,999.93805
1761522935773,999.87537
1761522935813,999.8299
1761522935854,999.8904
1761522935893,999.86755
1761522935938,1000.0808
1761522935978,1000.24365
1761522936019,1000.231
1761522936056,999.7221
1761522936094,999.58923
1761522936137,999.73206
1761522936174,999.81244
1761522936214,999.8629
1761522936254,999.89514
1761522936293,999.865
1761522936333,999.905
1761522936374,999.93506
1761522936414,999.95276
1761522936457,999.9828
1761522936494,999.9501
1761522936535,999.80725
1761522936579,999.81213
1761522936617,999.93524
1761522936658,999.9124
1761522936697,999.97284
1761522936738,999.9828
1761522936774,999.9425
1761522936815,999.9125
1761522936856,1000.0607
1761522936896,1000.19604
1761522936936,999.87463
1761522936983,999.56635
1761522937017,999.7921
1761522937055,999.7696
1761522937096,999.6264
1761522937136,999.7467
1761522937181,999.8646
1761522937218,1000.06537
1761522937258,1000.0628
1761522937293,999.905
1761522937333,999.8373
1761522937374,999.87976
1761522937416,999.9018
1761522937456,999.9596
1761522937498,999.9495
1761522937537,999.93713
1761522937574,999.95197
1761522937613,999.91907
1761522937653,999.9747
1761522937693,999.9319
1761522937733,999.8215
1761522937772,999.9119
1761522937813,1000.03485
1761522937853,999.9797
1761522937894,999.9268
1761522937934,999.91437
1761522937975,999.9118
1761522938014,999.90424
1761522938055,999.8943
1761522938093,999.9674
1761522938133,1000.0899
1761522938173,999.89197
1761522938214,999.7012
1761522938253,1000.0296
1761522938294,999.67847
1761522938334,999.7537
1761522938403,999.9319
1761522938444,999.9805
1761522938483,999.97156
1761522938523,999.98016
1761522938563,999.95557
1761522938604,999.9455
1761522938644,999.9512
1761522938686,999.984
1761522938725,999.9838
1761522938763,999.9938
1761522938804,999.9155
1761522938844,999.914
1761522938883,999.87805
1761522938923,999.8654
1761522938964,999.9004
1761522939008,999.97577
1761522939045,999.95026
1761522939089,1000.0179
1761522939126,1000.0966
1761522939163,1000.1408
1761522939204,1000.106
1761522939243,1000.0656
1761522939283,999.7571
1761522939327,999.9076
1761522939363,1000.03766
1761522939406,999.96
1761522939444,999.85474
1761522939486,999.9475
1761522939523,1000.1356
1761522939571,999.9772
1761522939603,999.87213
1761522939643,999.8614
1761522939689,1000.0076
1761522939723,1000.01447
1761522939764,1000.6389
1761522939804,999.82904
1761522939849,999.7586
1761522939886,1000.0019
1761522939923,999.8388
1761522939963,999.8063
1761522940003,999.9665
1761522940045,1000.00946
1761522940083,999.9492
1761522940125,999.9439
1761522940166,999.95624
1761522940204,999.94885
1761522940245,999.9713
1761522940283,1000.0411
1761522940325,1000.1393
1761522940363,1000.0969
1761522940403,1000.08344
1761522940447,999.9832
1761522940493,999.96844
1761522940525,999.83795
1761522940565,999.77966
1761522940605,999.8603
1761522940644,1000.08813
1761522940683,1000.1411
1761522940727,1000.05084
1761522940768,999.8825
1761522940807,999.84485
1761522940845,1000.0125
1761522940885,1000.0376
1761522940925,1000.2608
1761522940970,1000.0028
1761522941010,999.94275
1761522941053,999.96484
1761522941085,999.9222
1761522941131,1000.01245
1761522941172,1000.10266
1761522941205,1000.0502
1761522941243,999.9497
1761522941284,1000.00226
1761522941324,999.99695
1761522941364,1000.0399
1761522941404,1000.1023
1761522941443,1000.1828
1761522941485,1000.19257
1761522941523,1000.23773
1761522941563,1000.04913
1761522941608,999.8935
1761522941648,999.88416
1761522941694,999.91675
1761522941725,1000.0542
1761522941764,1000.1293
1761522941806,1000.15686
1761522941850,999.9813
1761522941892,999.9613
1761522941933,1000.0164
1761522941964,999.99384
1761522942003,1000.0212
1761522942049,1000.1167
1761522942084,999.98065
1761522942123,999.9854
1761522942163,1000.04565
1761522942203,1000.13086
1761522942243,1000.1261
1761522942283,1000.07776
1761522942323,1000.0628
1761522942363,1000.07263
1761522942403,1000.1025
1761522942443,1000.0401
1761522942483,1000.0829
1761522942523,1000.123
1761522942567,1000.04517
1761522942606,1000.0146
1761522942643,1000.1422
1761522942683,1000.24786
1761522942723,1000.1272
1761522942763,1000.06396
1761522942803,1000.0467
1761522942844,1000.05945
1761522942884,1000.0468
1761522942923,1000.0168
1761522942963,1000.01117
1761522943003,1000.1694
1761522943043,1000.09406
1761522943083,999.9639
1761522943123,1000.1191
1761522943164,999.89343
1761522943203,999.8828
1761522943244,1000.0006
1761522943287,1000.0932
1761522943323,1000.1984
1761522943363,1000.18115
1761522943403,1000.0907
1761522943444,1000.0304
1761522943484,1000.05304
1761522943524,1000.0906
1761522943564,1000.0751
1761522943604,1000.098
1761522943645,1000.1431
1761522943684,1000.15533
1761522943724,1000.10297
1761522943764,1000.0603
1761522943804,1000.12274
1761522943843,1000.2405
1761522943883,1000.1678
1761522943923,1000.14734
1761522943965,1000.09
1761522944004,999.9668
1761522944044,999.95734
1761522944084,999.9843
1761522944123,1000.08014
1761522944164,1000.17993
1761522944203,1000.2177
1761522944243,1000.0449
1761522944284,999.99976
1761522944323,1000.25494
1761522944364,1000.6766
1761522944404,1000.4758
1761522944444,999.7286
1761522944483,999.8515
1761522944524,999.96405
1761522944563,999.98914
1761522944603,1000.13416
1761522944643,1000.14484
1761522944683,1000.06177
1761522944723,1000.21985
1761522944764,1000.32196
1761522944804,1000.35474
1761522944843,1000.2925
1761522944883,1000.4148
1761522944923,1000.2023
1761522944963,1000.1446
1761522945003,1000.00415
1761522945043,999.86554
1761522945084,999.9812
1761522945124,1000.1446
1761522945164,1000.2774
1761522945204,1000.1088
1761522945244,1000.03107
1761522945283,1000.10864
1761522945323,1000.2073
1761522945363,1000.3896
1761522945403,1000.81366
1761522945444,1000.06616
1761522945483,999.93805
1761522945524,999.9433
1761522945563,1000.00604
1761522945603,1000.1113
1761522945643,1000.1489
1761522945686,1000.12665
1761522945724,1000.1489
1761522945763,1000.1412
1761522945803,1000.2843
1761522945844,1000.4046
1761522945885,1000.4547
1761522945925,1000.1764
1761522945964,1000.2992
1761522946004,1000.1864
1761522946044,999.99097
1761522946083,999.9629
1761522946123,1000.046
1761522946164,1000.2015
1761522946203,1000.19904
1761522946243,1000.1933
1761522946284,1000.1387
1761522946324,1000.1538
1761522946363,1000.2287
1761522946403,1000.18884
1761522946443,1000.37695
1761522946483,1000.1387
1761522946523,1000.1765
1761522946563,1000.20404
1761522946603,1000.2317
1761522946644,1000.2668
1761522946684,1000.209
1761522946725,1000.1587
1761522946764,1000.20404
1761522946804,1000.3093
1761522946844,1000.39966
1761522946883,1000.2467
1761522946923,1000.15894
1761522946963,1000.12134
1761522947003,1000.3044
1761522947044,1000.35693
1761522947084,1000.1839
1761522947123,1000.17883
1761522947164,1000.24664
1761522947203,1000.2967
1761522947243,1000.2634
1761522947283,1000.1715
1761522947323,999.99585
1761522947363,1000.1866
1761522947404,1000.02844
1761522947444,1000.07874
1761522947488,1000.2568
1761522947523,1000.3718
1761522947563,1000.3515
1761522947603,1000.23914
1761522947643,1000.2166
1761522947683,1000.1188
1761522947724,1000.2115
1761522947763,1000.3068
1761522947804,1000.2992
1761522947845,1000.2441
1761522947884,1000.18146
1761522947923,1000.2818
1761522947963,1000.34174
1761522948003,1000.1487
1761522948043,1000.1012
1761522948083,1000.37964
1761522948123,1000.3169
1761522948164,1000.25446
1761522948204,1000.19104
1761522948244,1000.1587
1761522948284,1000.209
1761522948324,1000.21606
1761522948364,1000.3494
1761522948403,1000.2262
1761522948443,1000.1012
1761522948483,1000.18884
1761522948523,1000.1615
1761522948567,1000.06366
1761522948604,1000.35175
1761522948643,1000.30383
1761522948683,1000.2793
1761522948723,1000.1714
1761522948763,1000.23413
1761522948803,1000.24146
1761522948843,1000.1739
1761522948883,1000.1535
1761522948923,1000.2416
1761522948964,1000.2441
1761522949004,1000.2617
1761522949043,1000.35205
1761522949083,1000.65784
1761522949123,1000.4071
1761522949163,1000.0712
1761522949203,1000.0736
1761522949243,1000.1309
1761522949285,1000.1538
1761522949325,1000.1062
1761522949367,1000.39185
1761522949403,1000.63525
1761522949443,999.99585
1761522949483,1000.11615
1761522949523,1000.2065
1761522949563,1000.16595
1761522949603,1000.26373
1761522949644,1000.2888
1761522949684,1000.12634
1761522949724,1000.2264
1761522949764,1000.36206
1761522949804,1000.3111
1761522949844,1000.3696
1761522949883,1000.5351
1761522949923,1000.3894
1761522949963,1000.13885
1761522950003,1000.096
1761522950043,1000.13916
1761522950084,1000.24615
1761522950124,1000.2492
1761522950163,1000.25665
1761522950204,1000.2166
1761522950246,1000.4146
1761522950283,1000.41675
1761522950323,1000.2216
1761522950363,1000.24695
1761522950403,1000.19904
1761522950443,1000.1789
1761522950483,1000.19104
1761522950524,1000.2266
1761522950567,1000.32446
1761522950604,1000.2994
1761522950644,1000.2818
1761522950684,1000.32697
1761522950729,1000.2967
1761522950764,1000.24445
1761522950804,1000.20435
1761522950853,1000.2291
1761522950884,1000.3269
1761522950927,1000.37476
1761522950963,1000.2843
1761522951003,1000.32947
1761522951043,1000.2868
1761522951088,1000.2692
1761522951124,1000.56506
1761522951164,1000.688
1761522951205,1000.45984
1761522951244,1000.1389
1761522951283,1000.00604
1761522951329,999.843
1761522951363,999.93896
1761522951403,1000.1791
1761522951443,1000.2542
1761522951485,1000.2944
1761522951525,1000.27954
1761522951565,1000.2516
1761522951607,1000.2693
1761522951649,1000.2717
1761522951686,1000.2063
1761522951732,1000.24915
1761522951765,1000.2668
1761522951803,1000.3196
1761522951851,1000.3021
1761522951886,1000.2717
1761522951925,1000.2516
1761522951967,1000.31946
1761522952007,1000.3365
1761522952044,1000.30133
1761522952083,1000.19904
1761522952123,1000.2341
1761522952170,1000.29913
1761522952203,1000.3494
1761522952244,1000.28674
1761522952285,1000.3345
1761522952324,1000.3193
1761522952367,1000.28174
1761522952404,1000.19885
1761522952445,1000.19635
1761522952485,1000.25665
1761522952524,1000.28687
1761522952564,1000.234
1761522952607,1000.30164
1761522952648,1000.2891
1761522952686,1000.2434
1761522952724,1000.3312
1761522952764,1000.31366
1761522952804,1000.574
1761522952853,1000.15314
1761522952884,1000.1507
1761522952930,1000.2685
1761522952963,1000.2506
1761522953005,1000.359
1761522953044,1000.2911
1761522953085,1000.3284
1761522953124,1000.3308
1761522953163,1000.36884
1761522953203,1000.4311
1761522953243,1000.41846
1761522953283,1000.2957
1761522953323,1000.2581
1761522953363,1000.3858
1761522953403,1000.27295
1761522953444,1000.21533
1761522953484,1000.1775
1761522953525,1000.3208
1761522953567,1000.37805
1761522953604,1000.38086
1761522953643,1000.2097
1761522953683,1000.4328
1761522953723,1000.5707
1761522953764,1000.40564
1761522953803,1000.38275
1761522953844,1000.1699
1761522953884,1000.07904
1761522953924,1000.3674
1761522953963,1000.3426
1761522954003,1000.31744
1761522954043,1000.3576
1761522954083,1000.35486
1761522954123,1000.3526
1761522954163,1000.39233
1761522954203,1000.43506
1761522954243,1000.32477
1761522954284,1000.25946
1761522954324,1000.37994
1761522954363,1000.36237
1761522954404,1000.4002
1761522954443,1000.3445
1761522954484,1000.43494
1761522954523,1000.49524
1761522954563,1000.4521
1761522954603,1000.26917
1761522954644,1000.3719
1761522954684,1000.50275
1761522954724,1000.84827
1761522954763,1000.1839
1761522954803,1000.0786
1761522954843,1000.2941
1761522954883,1000.3443
1761522954923,1000.397
1761522954963,1000.4096
1761522955003,1000.3314
1761522955044,1000.3744
1761522955084,1000.4045
1761522955123,1000.4521
1761522955167,1000.4575
1761522955204,1000.4201
1761522955243,1000.3091
1761522955284,1000.3116
1761522955323,1000.47205
1761522955365,1000.5901
1761522955405,1000.5524
1761522955445,1000.5096
1761522955489,1000.4922
1761522955528,1000.56476
1761522955570,1000.6475
1761522955605,1000.64
1761522955644,1000.2035
1761522955684,1000.24884
1761522955724,999.9657
1761522955767,1000.05835
1761522955810,1000.3689
1761522955844,1000.4921
1761522955889,1000.43445
1761522955929,1000.3592
1761522955967,1000.37396
1761522956007,1000.3815
1761522956045,1000.34924
1761522956084,1000.36646
1761522956124,1000.4573
1761522956168,1000.44214
1761522956204,1000.44446
1761522956243,1000.4215
1761522956285,1000.4521
1761522956324,1000.40906
1761522956366,1000.32367
1761522956405,1000.42413
1761522956446,1000.5519
1761522956487,1000.5167
1761522956526,1000.45654
1761522956564,1000.4119
1761522956605,1000.42413
1761522956644,1000.4045
1761522956684,1000.2862
1761522956724,1000.3539
1761522956764,1000.5114
1761522956804,1000.4741
1761522956848,1000.41656
1761522956884,1000.29047
1761522956931,1000.7045
1761522956965,1000.64685
1761522957009,1000.05023
1761522957044,1000.2357
1761522957084,1000.46344
1761522957125,1000.5187
1761522957166,1000.45654
1761522957205,1000.41077
1761522957252,1000.40576
1761522957284,1000.4789
1761522957335,1000.5986
1761522957366,1000.68134
1761522957404,1000.43085
1761522957444,1000.3005
1761522957483,1000.4456
1761522957526,1000.68353
1761522957566,1000.3004
1761522957606,1000.4479
1761522957645,1000.4107
1761522957690,1000.8593
1761522957724,1000.31555
1761522957772,1000.31036
1761522957810,1000.4406
1761522957843,1000.4684
1761522957891,1000.5577
1761522957925,1000.48083
1761522957966,1000.4074
1761522958004,1000.46783
1761522958044,1000.5375
1761522958085,1000.6138
1761522958125,1000.51306
1761522958164,1000.5377
1761522958203,1000.5652
1761522958255,1000.3896
1761522958284,1000.3546
1761522958325,1000.45734
1761522958365,1000.61475
1761522958404,1000.6474
1761522958444,1000.50995
1761522958484,1000.6925
1761522958524,1000.5119
1761522958563,1000.507
1761522958605,1000.29376
1761522958643,1000.3872
1761522958683,1000.56757
1761522958723,1000.49945
1761522958763,1000.4691
1761522958808,1000.5139
1761522958844,1000.4889
1761522958884,1000.5321
1761522958924,1000.56396
1761522958964,1000.5408
1761522959004,1000.6172
1761522959043,1000.43884
1761522959083,1000.47064
1761522959123,1000.5607
1761522959163,1000.6117
1761522959204,1000.56885
1761522959244,1000.5032
1761522959284,1000.44635
1761522959323,1000.57904
1761522959366,1000.7676
1761522959404,1000.5859
1761522959443,1000.3058
1761522959483,1000.36804
1761522959523,1000.6761
1761522959564,1000.37024
1761522959604,1000.3152
1761522959643,1000.4205
1761522959683,1000.546
1761522959723,1000.49054
1761522959763,1000.5712
1761522959803,1000.61096
1761522959843,1000.5737
1761522959883,1000.5109
1761522959923,1000.5312
1761522959964,1000.5433
1761522960004,1000.5611
1761522960044,1000.5913
1761522960083,1000.54565
1761522960123,1000.5028
1761522960163,1000.5611
1761522960204,1000.6761
1761522960243,1000.5056
1761522960283,1000.3678
1761522960323,1000.5279
1761522960364,1000.7188
1761522960404,1000.6661
1761522960443,1000.61053
1761522960483,1000.52325
1761522960523,1000.5608
1761522960563,1000.6309
1761522960603,1000.7182
1761522960643,1000.62775
1761522960683,1000.3974
1761522960723,1000.5675
1761522960764,1000.1793
1761522960804,1000.21686
1761522960844,1000.3873
1761522960883,1000.5477
1761522960923,1000.618
1761522960963,1000.60803
1761522961003,1000.545
1761522961043,1000.5274
1761522961084,1000.535
1761522961125,1000.5274
1761522961164,1000.51447
1761522961208,1000.4877
1761522961245,1000.4952
1761522961286,1000.52026
1761522961323,1000.56506
1761522961366,1000.61725
1761522961405,1000.7004
1761522961445,1000.91125
1761522961494,1000.921
1761522961525,1000.555
1761522961568,1000.6131
1761522961610,1000.555
1761522961647,1000.4626
1761522961685,1000.4218
1761522961723,1000.3946
1761522961763,1000.5494
1761522961803,1000.69
1761522961843,1000.555
1761522961884,1000.5696
1761522961924,1000.6724
1761522961965,1000.5696
1761522962003,1000.66034
1761522962044,1000.8179
1761522962083,1000.6646
1761522962124,1000.377
1761522962165,1000.4648
1761522962205,1000.46735
1761522962245,1000.58264
1761522962284,1000.6121
1761522962333,1000.5776
1761522962364,1000.55756
1761522962404,1000.64307
1761522962444,1000.6674
1761522962483,1000.6769
1761522962523,1000.87787
1761522962564,1001.0609
1761522962609,1000.7953
1761522962648,1000.7071
1761522962684,1000.66736
1761522962724,1000.50995
1761522962763,1000.39124
1761522962803,1000.3816
1761522962843,1000.52185
1761522962884,1000.6799
1761522962926,1000.7377
1761522962972,1000.6217
1761522963006,1000.5293
1761522963045,1000.6598
1761522963089,1000.75226
1761522963123,1000.9557
1761522963168,1000.73737
1761522963211,1000.4866
1761522963244,1000.57654
1761522963284,1000.60443
1761522963324,1000.6618
1761522963364,1000.68915
1761522963412,1000.64197
1761522963449,1000.61163
1761522963485,1000.6287
1761522963523,1000.6834
1761522963569,1000.7297
1761522963603,1000.85187
1761522963645,1000.7441
1761522963683,1000.5485
1761522963723,1000.6889
1761522963764,1000.6639
1761522963804,1000.64136
1761522963844,1000.6386
1761522963883,1000.71375
1761522963923,1000.84186
1761522963963,1000.84375
1761522964004,1000.65894
1761522964044,1000.4127
1761522964083,1000.6185
1761522964123,1000.7766
1761522964164,1000.59564
1761522964204,1000.6408
1761522964243,1000.7184
1761522964287,1000.8193
1761522964323,1000.7686
1761522964363,1000.6629
1761522964403,1000.7411
1761522964443,1000.7511
1761522964483,1000.70294
1761522964524,1000.6353
1761522964564,1000.6454
1761522964604,1000.7258
1761522964643,1000.6708
1761522964683,1000.67303
1761522964723,1000.7106
1761522964763,1000.77563
1761522964803,1000.8313
1761522964843,1000.7933
1761522964883,1000.7452
1761522964924,1000.7635
1761522964964,1000.73315
1761522965006,1000.71564
1761522965044,1000.771
1761522965085,1000.7576
1761522965126,1000.7527
1761522965165,1000.58276
1761522965203,1000.7527
1761522965243,1000.505
1761522965283,1000.56775
1761522965325,1000.8225
1761522965364,1000.92065
1761522965404,1001.04846
1761522965444,1000.931
1761522965483,1000.80505
1761522965523,1000.7276
1761522965563,1000.7255
1761522965603,1000.7657
1761522965643,1000.76025
1761522965684,1000.6975
1761522965728,1000.61725
1761522965764,1000.5722
1761522965804,1000.64984
1761522965843,1000.7025
1761522965883,1000.7148
1761522965923,1000.87024
1761522965963,1001.1309
1761522966003,1001.00085
1761522966045,1000.4444
1761522966084,1000.4093
1761522966124,1000.46185
1761522966163,1000.53455
1761522966203,1000.5969
1761522966243,1000.68494
1761522966283,1000.65686
1761522966323,1000.6795
1761522966363,1000.7649
1761522966403,1000.75476
1761522966445,1000.7424
1761522966484,1000.86475
1761522966524,1000.89276
1761522966563,1000.72217
1761522966603,1000.5891
1761522966647,1001.1838
1761522966683,1000.7148
1761522966723,1000.5471
1761522966763,1000.69946
1761522966804,1000.8674
1761522966844,1000.8122
1761522966887,1000.7771
1761522966924,1000.75226
1761522966963,1000.7975
1761522967003,1000.7446
1761522967043,1000.78235
1761522967083,1000.8426
1761522967124,1000.74976
1761522967163,1000.8529
1761522967204,1001.0051
1761522967248,1000.86755
1761522967284,1000.84766
1761522967323,1000.8175
1761522967363,1000.6273
1761522967403,1000.6975
1761522967446,1000.8801
1761522967488,1000.657
1761522967525,1000.6822
1761522967565,1000.7148
1761522967606,1001.0184
1761522967644,1000.72485
1761522967684,1000.7021
1761522967724,1000.8354
1761522967772,1000.86755
1761522967808,1000.88025
1761522967843,1000.7899
1761522967885,1000.8301
1761522967924,1000.8951
1761522967964,1001.00775
1761522968004,1001.1157
1761522968044,1000.8426
1761522968084,1000.7999
1761522968124,1000.7293
1761522968163,1000.6618
1761522968203,1000.762
1761522968243,1000.85986
1761522968283,1000.9704
1761522968324,1001.01276
1761522968364,1001.41626
1761522968405,1000.98267
1761522968444,1000.1651
1761522968483,1000.54584
1761522968523,1000.71204
1761522968563,1000.7921
1761522968603,1000.80194
1761522968643,1000.84186
1761522968683,1000.7645
1761522968724,1000.7992
1761522968764,1000.87244
1761522968804,1000.8016
1761522968843,1000.76373
1761522968883,1000.7766
1761522968923,1000.84674
1761522968963,1000.89154
1761522969003,1000.80884
1761522969044,1000.7393
1761522969084,1000.8022
1761522969124,1000.91974
1761522969164,1000.8847
1761522969203,1000.8239
1761522969243,1000.7821
1761522969283,1000.782
1761522969323,1000.80133
1761522969363,1000.8596
1761522969403,1000.8672
1761522969444,1000.76117
1761522969484,1000.6487
1761522969524,1000.7239
1761522969564,1000.83167
1761522969604,1000.774
1761522969643,1000.8742
1761522969683,1000.9348
1761522969723,1000.9123
1761522969763,1000.8117
1761522969803,1000.8095
1761522969844,1000.7809
1761522969883,1000.8217
1761522969924,1000.77155
1761522969963,1000.76373
1761522970003,1000.8815
1761522970043,1000.78375
1761522970083,1000.7414
1761522970123,1000.76416
1761522970164,1000.9517
1761522970204,1001.26025
1761522970252,1001.1422
1761522970285,1000.80194
1761522970323,1000.8093
1761522970364,1000.76166
1761522970406,1000.6612
1761522970445,1000.6538
1761522970485,1000.8016
1761522970523,1000.96173
1761522970563,1000.7997
1761522970604,1000.67377
1761522970644,1000.7391
1761522970684,1000.9596
1761522970724,1000.7837
1761522970763,1001.18256
1761522970803,1000.6763
1761522970843,1000.74615
1761522970883,1000.80383
1761522970923,1000.75366
1761522970964,1000.79376
1761522971004,1000.8368
1761522971043,1000.78125
1761522971083,1000.79584
1761522971123,1000.77576
1761522971165,1000.77124
1761522971203,1000.8389
1761522971243,1000.81665
1761522971283,1000.89154
1761522971323,1000.9747
1761522971364,1000.9846
1761522971405,1000.81635
1761522971445,1000.7361
1761522971483,1001.0541
1761522971523,1000.95624
1761522971563,1000.8767
1761522971603,1000.7765
1761522971643,1000.73096
1761522971684,1000.7236
1761522971725,1000.75354
1761522971764,1000.8815
1761522971806,1000.9968
1761522971846,1001.0315
1761522971884,1000.91705
1761522971924,1001.21234
1761522971966,1001.0368
1761522972003,1000.3423
1761522972043,1000.8191
1761522972083,1000.97424
1761522972124,1000.6032
1761522972164,1000.7389
1761522972205,1000.8815
1761522972244,1000.8214
1761522972283,1000.78125
1761522972323,1000.8314
1761522972363,1000.8691
1761522972404,1000.87885
1761522972443,1000.96423
1761522972483,1001.05194
1761522972524,1000.9791
1761522972564,1000.89905
1761522972603,1000.91455
1761522972643,1000.8691
1761522972683,1000.7687
1761522972723,1000.75366
1761522972763,1000.8268
1761522972803,1000.909
1761522972843,1000.9191
1761522972883,1000.937
1761522972924,1000.8618
1761522972964,1000.90906
1761522973003,1000.9839
1761522973044,1000.8569
1761522973084,1000.89954
1761522973123,1000.88904
1761522973163,1000.93915
1761522973203,1000.87646
1761522973244,1000.8588
1761522973283,1000.889
1761522973324,1000.96155
1761522973363,1000.9747
1761522973403,1000.92694
1761522973444,1000.8588
1761522973485,1000.90186
1761522973523,1000.97217
1761522973563,1000.914
1761522973605,1000.902
1761522973643,1000.88367
1761522973684,1000.8761
1761522973725,1000.8615
1761522973763,1000.8059
1761522973803,1000.96173
1761522973843,1000.9666
1761522973883,1000.93164
1761522973923,1000.92487
1761522973963,1000.94165
1761522974003,1000.96155
1761522974045,1000.9496
1761522974084,1000.8739
1761522974123,1000.9345
1761522974163,1000.9895
1761522974203,1000.9696
1761522974245,1000.764
1761522974285,1000.8815
1761522974323,1000.6637
1761522974363,1000.70844
1761522974403,1000.83923
1761522974444,1000.9446
1761522974484,1000.9914
1761522974525,1000.9319
1761522974563,1000.95447
1761522974603,1001.03986
1761522974644,1000.96216
1761522974684,1000.8159
1761522974723,1000.74365
1761522974763,1000.92413
1761522974804,1000.9116
1761522974844,1001.0218
1761522974883,1001.1372
1761522974923,1000.9772
1761522974964,1000.9194
1761522975003,1000.8767
1761522975043,1000.86444
1761522975083,1000.82166
1761522975124,1000.8694
1761522975164,1000.9542
1761522975204,1000.9793
1761522975244,1000.9423
1761522975284,1000.77625
1761522975324,1000.8389
1761522975364,1001.1121
1761522975403,1001.1002
1761522975443,1000.8748
1761522975483,1000.82416
1761522975523,1000.8694
1761522975563,1000.9645
1761522975604,1001.00977
1761522975644,1000.927
1761522975684,1000.8843
1761522975724,1000.90155
1761522975763,1000.99976
1761522975803,1001.1425
1761522975843,1001.0321
1761522975883,1001.09283
1761522975923,1000.8468
1761522975964,1000.91187
1761522976004,1000.9446
1761522976044,1000.8923
1761522976083,1000.8694
1761522976123,1000.92725
1761522976163,1001.0329
1761522976203,1001.03235
1761522976244,1000.8873
1761522976284,1000.8947
1761522976324,1001.0175
1761522976364,1000.97705
1761522976404,1001.10547
1761522976444,1000.8945
1761522976483,1000.91705
1761522976523,1000.95233
1761522976563,1000.9574
1761522976603,1000.9724
1761522976643,1001.0022
1761522976683,1001.0221
1761522976724,1000.9576
1761522976764,1000.945
1761522976803,1000.91455
1761522976843,1000.9402
1761522976884,1001.0229
1761522976923,1001.2734
1761522976963,1001.03735
1761522977003,1000.8672
1761522977044,1000.9804
1761522977084,1000.9751
1761522977124,1000.9553
1761522977164,1001.0181
1761522977203,1001.03046
1761522977243,1001.13806
1761522977283,1001.21606
1761522977323,1001.06323
1761522977363,1000.7502
1761522977403,1000.89276
1761522977444,1001.27155
1761522977484,1000.7698
1761522977524,1000.9808
1761522977563,1000.9602
1761522977605,1001.0407
1761522977643,1001.0584
1761522977684,1001.09357
1761522977723,1000.9833
1761522977763,1001.0284
1761522977803,1001.1091
1761522977844,1001.0214
1761522977887,1000.96063
1761522977924,1000.9381
1761522977963,1000.96906
1761522978003,1001.104
1761522978043,1001.27203
1761522978083,1001.1967
1761522978123,1000.97125
1761522978163,1001.0008
1761522978203,1001.03375
1761522978244,1001.00635
1761522978286,1001.034
1761522978323,1001.05634
1761522978364,1001.0442
1761522978403,1000.954
1761522978443,1000.8914
1761522978486,1001.0418
1761522978523,1000.8162
1761522978563,1000.8689
1761522978604,1001.03186
1761522978644,1001.1196
1761522978684,1001.1727
1761522978723,1001.0118
1761522978763,1001.0043
1761522978803,1001.1076
1761522978844,1000.99475
1761522978883,1000.94653
1761522978923,1000.9572
1761522978965,1001.0449
1761522979003,1001.0569
1761522979044,1001.15515
1761522979084,1001.2855
1761522979123,1001.34796
1761522979164,1000.90454
1761522979203,1000.8672
1761522979244,1001.05774
1761522979283,1000.9748
1761522979323,1000.9651
1761522979364,1001.0907
1761522979404,1001.1326
1761522979444,1001.0076
1761522979484,1000.9904
1761522979523,1001.0457
1761522979564,1001.2136
1761522979604,1001.3039
1761522979643,1001.3868
1761522979683,1000.8201
1761522979724,1000.89264
1761522979764,1000.8878
1761522979804,1001.0432
1761522979851,1001.10803
1761522979884,1001.0886
1761522979929,1001.0413
1761522979963,1001.079
1761522980003,1001.0836
1761522980045,1001.1961
1761522980084,1001.1616
1761522980124,1001.2319
1761522980164,1001.3242
1761522980205,1001.16943
1761522980244,1001.0343
1761522980291,1000.9966
1761522980324,1000.9743
1761522980369,1001.0391
1761522980403,1001.1775
1761522980444,1001.13245
1761522980489,1001.017
1761522980530,1001.0522
1761522980565,1001.3336
1761522980607,1001.33295
1761522980646,1001.1679
1761522980684,1000.9719
1761522980723,1001.10474
1761522980766,1001.10565
1761522980808,1001.1633
1761522980845,1001.1431
1761522980893,1001.1311
1761522980925,1001.1077
1761522980974,1001.1878
1761522981005,1001.3413
1761522981045,1001.2711
1761522981085,1001.2109
1761522981123,1001.2937
1761522981163,1001.116
1761522981212,1001.00244
1761522981245,1001.13873
1761522981287,1001.10864
1761522981329,1001.1811
1761522981373,1001.17084
1761522981403,1001.1943
1761522981444,1001.2816
1761522981486,1001.2139
1761522981524,1001.0265
1761522981565,1001.1688
1761522981612,1001.3945
1761522981645,1001.03595
1761522981684,1001.1443
1761522981726,1001.18445
1761522981766,1001.24646
1761522981811,1001.33984
1761522981849,1001.26666
1761522981887,1001.2165
1761522981926,1001.23694
1761522981965,1001.257
1761522982003,1001.15924
1761522982044,1001.1939
1761522982084,1001.2096
1761522982124,1001.1688
1761522982163,1001.1094
1761522982203,1001.1643
1761522982244,1001.34985
1761522982286,1001.3374
1761522982323,1001.23206
1761522982364,1001.18195
1761522982410,1001.22455
1761522982445,1001.23694
1761522982489,1001.25903
1761522982525,1001.28467
1761522982563,1001.3418
1761522982603,1001.257
1761522982644,1000.9738
1761522982684,1001.21704
1761522982727,1001.014
1761522982770,1001.1062
1761522982809,1001.21686
1761522982849,1001.3522
1761522982886,1001.28217
1761522982931,1001.2421
1761522982963,1001.2244
1761522983010,1001.2272
1761522983043,1001.2872
1761522983088,1001.2265
1761522983126,1001.2171
1761522983165,1001.31226
1761522983204,1001.3479
1761522983246,1001.4982
1761522983286,1001.5153
1761522983325,1001.2967
1761522983364,1001.1713
1761522983408,1001.1142
1761522983449,1001.16425
1761522983488,1001.13416
1761522983525,1001.2269
1761522983567,1001.42267
1761522983607,1001.2967
1761522983647,1001.20703
1761522983689,1001.20197
1761522983731,1001.3267
1761522983771,1001.4395
1761522983803,1001.1062
1761522983853,1001.15375
1761522983890,1001.1717
1761522983924,1001.31226
1761522983964,1001.3719
1761522984004,1001.2215
1761522984044,1001.26654
1761522984085,1001.2736
1761522984126,1001.34924
1761522984164,1001.39197
1761522984206,1001.41455
1761522984244,1001.27905
1761522984290,1001.26385
1761522984325,1001.27893
1761522984370,1001.2258
1761522984409,1001.2341
1761522984446,1001.2565
1761522984491,1001.42505
1761522984525,1001.49164
1761522984565,1001.1407
1761522984605,1001.77795
1761522984645,1001.38416
1761522984684,1001.15356
1761522984725,1001.12305
1761522984765,1001.08044
1761522984804,1001.1654
1761522984844,1001.35864
1761522984885,1001.3462
1761522984923,1001.33875
1761522984965,1001.1979
1761522985004,1001.2665
1761522985046,1001.40393
1761522985087,1001.36554
1761522985124,1001.2837
1761522985168,1001.19806
1761522985204,1001.20056
1761522985243,1001.33124
1761522985284,1001.4461
1761522985323,1001.2731
1761522985365,1001.1976
1761522985404,1001.0977
1761522985446,1001.5188
1761522985485,1001.12244
1761522985529,1001.2632
1761522985563,1001.33923
1761522985604,1001.4512
1761522985647,1001.5139
1761522985684,1001.4162
1761522985725,1001.2557
1761522985764,1001.36804
1761522985804,1001.40845
1761522985848,1001.4908
1761522985890,1001.2953
1761522985923,1000.98706
1761522985969,1001.0875
1761522986007,1001.17
1761522986047,1001.28534
1761522986083,1001.41095
1761522986124,1001.3555
1761522986163,1001.24725
1761522986210,1001.2724
1761522986246,1001.26404
1761522986284,1001.2877
1761522986324,1001.2068
1761522986364,1001.43524
1761522986404,1001.39526
1761522986447,1001.36224
1761522986484,1001.24756
1761522986533,1000.9411
1761522986564,1000.98364
1761522986605,1001.1143
1761522986645,1001.25446
1761522986687,1001.28204
1761522986723,1001.3777
1761522986764,1001.3272
1761522986806,1001.2813
1761522986844,1001.262
1761522986884,1001.3046
1761522986930,1001.22626
1761522986967,1001.2966
1761522987012,1001.33966
1761522987045,1001.32166
1761522987087,1001.3217
1761522987124,1001.2163
1761522987163,1001.15924
1761522987205,1001.1411
1761522987248,1001.2336
1761522987287,1001.37146
1761522987335,1001.32654
1761522987364,1001.28394
1761522987407,1001.28394
1761522987443,1001.3031
1761522987483,1001.3015
1761522987524,1001.2288
1761522987570,1001.2288
1761522987604,1001.46436
1761522987646,1001.4293
1761522987684,1001.2737
1761522987726,1001.0852
1761522987765,1001.0151
1761522987809,1001.0176
1761522987853,1001.11755
1761522987887,1001.27344
1761522987924,1001.30585
1761522987963,1001.3156
1761522988003,1001.28076
1761522988050,1001.26294
1761522988084,1001.26556
1761522988124,1001.2555
1761522988166,1001.2527
1761522988207,1001.3256
1761522988248,1001.3485
1761522988284,1001.30554
1761522988330,1001.27
1761522988365,1001.2905
1761522988404,1001.2452
1761522988444,1001.1853
1761522988485,1001.23987
1761522988525,1001.3903
1761522988575,1001.31006
1761522988607,1001.255
1761522988644,1001.25494
1761522988684,1001.28735
1761522988724,1001.282
1761522988764,1001.20935
1761522988804,1001.2498
1761522988854,1001.41986
1761522988884,1001.33014
1761522988924,1001.2623
1761522988963,1001.1065
1761522989003,1001.05096
1761522989044,1001.1066
1761522989083,1001.26447
1761522989123,1001.39514
1761522989163,1001.34174
1761522989204,1001.29193
1761522989243,1001.2544
1761522989283,1001.2314
1761522989327,1001.2365
1761522989363,1001.2239
1761522989403,1001.2665
1761522989443,1001.22943
1761522989483,1001.2974
1761522989523,1001.2561
1761522989563,1001.3465
1761522989603,1001.4442
1761522989644,1001.4366
1761522989687,1001.1838
1761522989723,1001.39935
1761522989763,1001.409
1761522989803,1001.3815
1761522989843,1001.27625
1761522989884,1001.11584
1761522989925,1001.2289
1761522989964,1001.3864
1761522990004,1001.407
1761522990046,1001.1609
1761522990085,1001.35175
1761522990123,1001.55444
1761522990165,1001.3664
1761522990203,1001.06036
1761522990244,1001.20825
1761522990285,1001.2383
1761522990328,1001.2785
1761522990363,1001.33673
1761522990404,1001.2661
1761522990449,1001.3593
1761522990485,1001.4567
1761522990526,1001.42914
1761522990563,1001.7729
1761522990603,1001.7823
1761522990646,1001.27344
1761522990688,1001.1481
1761522990724,1001.1635
1761522990765,1001.17084
1761522990813,1001.3339
1761522990848,1001.2686
1761522990888,1001.2383
1761522990928,1001.286
1761522990967,1001.2584
1761522991005,1001.562
1761522991044,1001.647
1761522991083,1001.0676
1761522991124,1001.2159
1761522991165,1001.38385
1761522991212,1001.2908
1761522991255,1001.3485
1761522991283,1001.39935
1761522991329,1001.3384
1761522991367,1001.3306
1761522991404,1001.3887
1761522991443,1001.51416
1761522991486,1001.3887
1761522991525,1001.2661
1761522991564,1001.42584
1761522991615,1001.43634
1761522991650,1001.3459
1761522991689,1001.36365
1761522991727,1001.35596
1761522991763,1001.4261
1761522991810,1001.56647
1761522991845,1001.486
1761522991890,1001.31104
1761522991924,1001.2381
1761522991965,1001.2032
1761522992005,1001.7916
1761522992050,1001.1625
1761522992086,1001.2481
1761522992123,1001.3225
1761522992164,1001.5086
1761522992205,1001.53094
1761522992246,1001.43115
1761522992283,1001.3359
1761522992325,1001.43134
1761522992364,1001.49835
1761522992404,1001.4564
1761522992451,1001.4054
1761522992485,1001.44507
1761522992525,1001.3377
1761522992564,1001.2575
1761522992604,1001.4004
1761522992644,1001.49805
1761522992688,1001.4705
1761522992730,1001.3677
1761522992765,1001.3899
1761522992803,1001.4102
1761522992844,1001.45795
1761522992884,1001.3999
1761522992927,1001.3752
1761522992963,1001.54065
1761522993009,1001.6982
1761522993045,1001.7684
1761522993086,1001.60803
1761522993124,1001.27203
1761522993168,1001.21936
1761522993203,1000.9763
1761522993243,1001.0784
1761522993283,1001.3571
1761522993323,1001.5778
1761522993364,1001.46265
1761522993406,1001.36224
1761522993446,1001.3848
1761522993488,1001.43256
1761522993524,1001.46265
1761522993565,1001.4751
1761522993604,1001.4651
1761522993645,1001.3367
1761522993688,1001.39734
1761522993725,1001.4501
1761522993764,1001.46484
1761522993806,1001.47705
1761522993844,1001.3416
1761522993887,1001.4143
1761522993924,1001.5096
1761522993963,1001.4824
1761522994003,1001.45197
1761522994043,1001.4645
1761522994090,1001.6043
1761522994123,1001.35175
1761522994164,1001.2363
1761522994205,1001.4539
1761522994245,1001.55975
1761522994294,1001.59155
1761522994323,1001.4412
1761522994364,1001.19055
1761522994403,1001.4436
1761522994445,1001.6217
1761522994485,1001.5465
1761522994525,1001.4211
1761522994570,1001.35596
1761522994604,1001.35345
1761522994646,1001.58203
1761522994685,1001.7645
1761522994729,1001.51404
1761522994763,1001.42615
1761522994803,1001.6666
1761522994849,1001.416
1761522994884,1001.32086
1761522994924,1001.41565
1761522994965,1001.712
1761522995003,1001.7544
1761522995044,1001.37054
1761522995087,1001.2932
1761522995123,1001.5213
1761522995163,1001.66626
1761522995205,1001.5885
1761522995244,1001.52545
1761522995284,1001.4578
1761522995324,1001.6107
1761522995367,1001.7636
1761522995405,1001.543
1761522995444,1001.5129
1761522995483,1001.4554
1761522995523,1001.41516
1761522995563,1001.4503
1761522995610,1001.54846
1761522995645,1001.5831
1761522995689,1001.67633
1761522995725,1001.4196
1761522995768,1001.44
1761522995806,1001.3494
1761522995843,1001.3067
1761522995894,1001.538
1761522995925,1001.66284
1761522995964,1001.60266
1761522996009,1001.5524
1761522996050,1001.55756
1761522996092,1001.49725
1761522996125,1001.62256
1761522996166,1001.5571
1761522996211,1001.5751
1761522996249,1001.5305
1761522996288,1001.4766
1761522996331,1001.47217
1761522996365,1001.44727
1761522996403,1001.5224
1761522996445,1001.5948
1761522996487,1001.7204
1761522996532,1001.66266
1761522996569,1001.55994
1761522996609,1001.58716
1761522996644,1001.67267
1761522996687,1001.62006
1761522996727,1001.5518
1761522996763,1001.58966
1761522996804,1001.79724
1761522996846,1001.86725
1761522996891,1001.5393
1761522996924,1001.3487
1761522996967,1001.2611
1761522997003,1001.1834
1761522997046,1001.30115
1761522997089,1001.4963
1761522997125,1001.6943
1761522997165,1001.61865
1761522997210,1001.60156
1761522997249,1001.52155
1761522997284,1001.50885
1761522997329,1001.489
1761522997371,1001.49884
1761522997407,1001.4515
1761522997444,1001.4557
1761522997484,1001.59906
1761522997523,1001.7068
1761522997565,1001.69135
1761522997605,1001.5965
1761522997653,1001.6641
1761522997684,1001.64667
1761522997724,1001.6035
1761522997763,1001.6091
1761522997804,1001.47375
1761522997845,1001.4679
1761522997891,1001.6161
1761522997923,1001.75415
1761522997967,1001.5659
1761522998007,1001.4908
1761522998045,1001.68896
1761522998090,1001.38794
1761522998127,1001.6482
1761522998164,1001.64825
1761522998203,1001.4473
1761522998244,1001.49225
1761522998285,1001.62286
1761522998326,1001.73334
1761522998365,1001.64014
1761522998412,1001.50757
1761522998453,1001.53796
1761522998487,1001.58276
1761522998527,1001.6908
1761522998564,1001.7106
1761522998603,1001.67523
1761522998649,1001.66766
1761522998684,1001.65765
1761522998725,1001.6855
1761522998766,1001.49976
1761522998805,1001.5496
1761522998845,1001.52203
1761522998883,1001.7106
1761522998930,1001.73315
1761522998964,1001.64764
1761522999005,1001.3842
1761522999048,1001.78076
1761522999095,1001.9057
1761522999125,1002.05334
1761522999164,1001.40356
1761522999207,1001.41425
1761522999245,1001.4868
1761522999291,1001.4994
1761522999324,1001.5871
1761522999363,1001.67236
1761522999404,1001.58655
1761522999449,1001.5361
1761522999486,1001.6573
1761522999524,1001.78174
1761522999565,1001.8068
1761522999604,1001.87445
1761522999644,1001.3739
1761522999684,1001.5161
1761522999723,1001.6184
1761522999768,1001.62415
1761522999803,1001.6464
1761522999855,1001.71155
1761522999885,1001.86194
1761522999925,1001.8968
1761522999965,1001.84436
1761523000005,1001.24786
1761523000049,1001.72656
1761523000089,1001.3961
1761523000124,1001.4856
1761523000164,1001.7291
1761523000205,1001.6259
1761523000243,1001.67365
1761523000284,1001.69653
1761523000326,1001.6986
1761523000375,1001.68365
1761523000411,1001.74384
1761523000444,1001.7288
1761523000483,1001.706
1761523000523,1001.62836
1761523000563,1001.6357
1761523000603,1001.5204
1761523000644,1001.61804
1761523000684,1001.8011
1761523000725,1001.8262
1761523000770,1001.71594
1761523000803,1001.6884
1761523000844,1001.6833
1761523000889,1001.7109
1761523000925,1001.6307
1761523000968,1001.7709
1761523001006,1001.86865
1761523001046,1001.66315
1761523001084,1001.45233
1761523001123,1001.58795
1761523001164,1001.3974
1761523001204,1001.6527
1761523001247,1001.90814
1761523001283,1001.8107
1761523001326,1001.6678
1761523001365,1001.6725
1761523001408,1001.75525
1761523001444,1001.6375
1761523001486,1001.625
1761523001523,1001.6625
1761523001569,1001.69006
1761523001603,1001.6526
1761523001644,1001.8125
1761523001685,1002.0955
1761523001724,1001.9734
1761523001764,1001.7023
1761523001805,1001.6371
1761523001844,1001.5569
1761523001891,1001.54974
1761523001925,1001.51904
1761523001964,1001.59924
1761523002005,1001.7598
1761523002043,1001.86505
1761523002087,1001.68414
1761523002127,1001.7495
1761523002164,1001.66187
1761523002208,1002.0427
1761523002249,1001.9729
1761523002287,1001.51416
1761523002324,1001.60425
1761523002372,1001.7121
1761523002403,1001.7417
1761523002445,1001.7898
1761523002485,1001.7417
1761523002525,1001.6891
1761523002564,1001.7241
1761523002606,1001.83124
1761523002645,1001.9171
1761523002685,1001.85205
1761523002724,1001.8792
1761523002763,1001.8539
1761523002803,1001.7135
1761523002843,1001.71655
1761523002884,1001.6434
1761523002925,1001.5982
1761523002973,1001.716
1761523003012,1001.82623
1761523003052,1001.80615
1761523003090,1001.7787
1761523003127,1001.6233
1761523003170,1002.10944
1761523003206,1002.0895
1761523003244,1001.4429
1761523003285,1001.6154
1761523003336,1001.7481
1761523003365,1001.7707
1761523003407,1001.7582
1761523003457,1001.78326
1761523003485,1001.71796
1761523003528,1001.7431
1761523003563,1001.76556
1761523003605,1001.83575
1761523003644,1001.9911
1761523003684,1002.1789
1761523003724,1001.80554
1761523003765,1001.5424
1761523003812,1001.7682
1761523003849,1001.77765
1761523003883,1001.7353
1761523003923,1001.74054
1761523003971,1001.7876
1761523004005,1001.7926
1761523004045,1002.03125
1761523004084,1001.8999
1761523004124,1001.8278
1761523004165,1001.64233
1761523004203,1001.7796
1761523004244,1002.16315
1761523004284,1001.59393
1761523004330,1001.59674
1761523004365,1001.7721
1761523004414,1001.83453
1761523004445,1001.87756
1761523004486,1001.8499
1761523004532,1001.7375
1761523004572,1001.7969
1761523004606,1001.9776
1761523004644,1001.8019
1761523004683,1001.7397
1761523004726,1001.7843
1761523004763,1001.85486
1761523004805,1001.75464
1761523004854,1001.69165
1761523004888,1001.85736
1761523004925,1001.885
1761523004967,1001.90704
1761523005006,1001.87714
1761523005045,1001.8996
1761523005083,1001.9074
1761523005126,1001.875
1761523005164,1001.77423
1761523005206,1001.92017
1761523005244,1002.03705
1761523005285,1001.91705
1761523005327,1001.7717
1761523005363,1001.50867
1761523005404,1001.47284
1761523005444,1001.62646
1761523005483,1001.76666
1761523005523,1001.7913
1761523005565,1001.93463
1761523005606,1001.8917
1761523005645,1001.8194
1761523005685,1001.83185
1761523005723,1001.81946
1761523005763,1001.7763
1761523005803,1001.8015
1761523005844,1001.8236
1761523005888,1001.8485
1761523005925,1001.86664
1761523005965,1001.8089
1761523006006,1001.7868
1761523006046,1001.7162
1761523006089,1001.72577
1761523006124,1001.8385
1761523006164,1001.8566
1761523006204,1001.87646
1761523006249,1001.8686
1761523006292,1001.8512
1761523006324,1001.89417
1761523006373,1001.8786
1761523006404,1001.76587
1761523006447,1001.9141
1761523006488,1002.00195
1761523006524,1002.01447
1761523006569,1001.856
1761523006608,1001.62555
1761523006643,1001.5203
1761523006689,1001.4744
1761523006725,1001.6627
1761523006765,1001.7927
1761523006805,1001.846
1761523006844,1001.8285
1761523006885,1001.89154
1761523006923,1001.8736
1761523006963,1001.81323
1761523007005,1001.7326
1761523007045,1001.7249
1761523007085,1001.83093
1761523007124,1001.8577
1761523007168,1001.92804
1761523007207,1001.87024
1761523007245,1001.7926
1761523007284,1001.79297
1761523007327,1001.7852
1761523007365,1001.70026
1761523007403,1001.8332
1761523007446,1001.93536
1761523007484,1001.8578
1761523007526,1001.7701
1761523007565,1001.80554
1761523007606,1001.8577
1761523007644,1001.8653
1761523007683,1001.8356
1761523007725,1001.83575
1761523007764,1001.87274
1761523007804,1001.97046
1761523007844,1002.0107
1761523007886,1001.96545
1761523007924,1001.95807
1761523007964,1001.7128
1761523008007,1001.5996
1761523008046,1001.58154
1761523008083,1001.46655
1761523008124,1001.64197
1761523008168,1001.8697
1761523008210,1001.7317
1761523008250,1001.80975
1761523008285,1001.8549
1761523008324,1001.8577
1761523008366,1001.92505
1761523008408,1001.87225
1761523008445,1001.9021
1761523008494,1001.77954
1761523008524,1001.77466
1761523008564,1001.8521
1761523008605,1001.78937
1761523008647,1001.93506
1761523008686,1002.0218
1761523008727,1001.9972
1761523008772,1001.7918
1761523008804,1001.91455
1761523008849,1001.85175
1761523008892,1001.8489
1761523008923,1001.8069
1761523008964,1001.7089
1761523009003,1001.671
1761523009044,1001.85425
1761523009085,1002.0246
1761523009124,1001.81946
1761523009163,1001.671
1761523009203,1001.947
1761523009243,1001.85175
1761523009283,1002.10205
1761523009323,1001.7988
1761523009363,1001.7562
1761523009404,1001.72144
1761523009444,1001.80133
1761523009484,1001.8793
1761523009523,1001.93896
1761523009563,1001.8413
1761523009604,1001.8043
1761523009643,1001.8314
1761523009683,1001.9265
1761523009723,1002.1545
1761523009763,1001.8588
1761523009803,1001.9139
1761523009845,1002.002
1761523009887,1001.8335
1761523009927,1001.7988
1761523009964,1001.7637
1761523010003,1001.94165
1761523010043,1002.06696
1761523010083,1001.8487
1761523010123,1001.8011
1761523010164,1001.84375
1761523010204,1001.7887
1761523010245,1001.97156
1761523010284,1002.0114
1761523010323,1001.8865
1761523010363,1001.80133
1761523010403,1001.8261
1761523010446,1001.8811
1761523010483,1001.964
1761523010525,1002.07916
1761523010564,1002.0271
1761523010604,1001.99646
1761523010643,1002.04974
1761523010687,1001.97174
1761523010723,1001.8413
1761523010763,1001.8694
1761523010803,1002.00665
1761523010843,1002.0597
1761523010883,1001.98914
1761523010924,1002.03687
1761523010964,1002.01666
1761523011004,1002.0622
1761523011043,1002.1722
1761523011083,1002.2223
1761523011123,1002.1978
1761523011163,1001.7593
1761523011203,1002.0973
1761523011243,1001.3781
1761523011284,1001.46814
1761523011324,1001.904
1761523011364,1002.0422
1761523011403,1001.9297
1761523011443,1001.8968
1761523011483,1001.9695
1761523011523,1001.96716
1761523011563,1001.9119
1761523011603,1001.902
1761523011643,1001.9146
1761523011684,1001.80914
1761523011724,1001.8443
1761523011765,1001.93665
1761523011803,1001.97925
1761523011844,1002.0324
1761523011883,1002.0951
1761523011923,1002.15015
1761523011963,1001.9945
1761523012003,1001.96216
1761523012044,1001.9648
1761523012084,1001.8521
1761523012124,1001.7321
1761523012163,1001.7518
1761523012203,1001.79706
1761523012247,1001.9604
1761523012283,1002.0949
1761523012328,1002.0376
1761523012363,1002.0325
1761523012403,1001.8345
1761523012443,1002.28064
1761523012483,1001.8872
1761523012524,1001.8148
1761523012564,1001.978
1761523012603,1001.9146
1761523012643,1001.8971
1761523012683,1001.99524
1761523012725,1001.9201
1761523012767,1001.90283
1761523012804,1001.97546
1761523012850,1001.93286
1761523012887,1002.0329
1761523012926,1002.1485
1761523012972,1002.2537
1761523013004,1002.2566
1761523013043,1002.0682
1761523013083,1001.9609
1761523013130,1001.86084
1761523013164,1001.8903
1761523013204,1001.95795
1761523013244,1001.8932
1761523013289,1001.8879
1761523013325,1001.85315
1761523013364,1001.9863
1761523013405,1002.011
1761523013447,1001.9763
1761523013483,1002.19244
1761523013526,1002.16656
1761523013571,1001.8962
1761523013604,1001.8387
1761523013646,1001.9496
1761523013690,1002.11206
1761523013723,1002.1026
1761523013763,1002.2278
1761523013803,1002.3457
1761523013847,1002.26294
1761523013887,1002.0425
1761523013924,1001.8896
1761523013967,1001.9748
1761523014006,1002.18805
1761523014046,1002.29803
1761523014083,1002.0751
1761523014123,1001.925
1761523014172,1001.9573
1761523014203,1001.8197
1761523014243,1001.85266
1761523014283,1001.8924
1761523014324,1001.885
1761523014366,1001.9531
1761523014404,1002.00073
1761523014452,1002.00354
1761523014484,1001.9637
1761523014523,1002.1013
1761523014563,1002.1435
1761523014611,1001.8684
1761523014646,1001.95056
1761523014684,1001.92334
1761523014727,1001.9811
1761523014769,1002.0513
1761523014804,1002.2293
1761523014846,1002.30194
1761523014885,1001.99615
1761523014923,1001.98096
1761523014964,1002.2468
1761523015004,1002.4123
1761523015047,1002.0689
1761523015084,1001.99164
1761523015124,1001.87335
1761523015163,1002.0789
1761523015204,1002.0619
1761523015243,1002.14417
1761523015283,1001.9988
1761523015324,1001.916
1761523015363,1001.919
1761523015403,1001.87415
1761523015443,1001.9892
1761523015484,1002.03674
1761523015524,1002.0994
1761523015564,1001.99695
1761523015603,1001.8865
1761523015643,1002.0769
1761523015684,1002.03485
1761523015723,1002.00726
1761523015763,1002.0199
1761523015803,1002.0822
1761523015844,1002.0199
1761523015884,1002.0323
1761523015924,1002.00195
1761523015963,1001.95935
1761523016003,1001.89954
1761523016044,1001.82477
1761523016083,1001.9021
1761523016124,1001.9328
1761523016190,1002.00836
1761523016203,1002.02795
1761523016243,1002.0325
1761523016283,1001.9571
1761523016323,1001.99536
1761523016363,1002.01794
1761523016403,1002.01544
1761523016444,1001.98517
1761523016483,1001.9704
1761523016523,1002.0005
1761523016563,1001.9952
1761523016603,1002.00336
1761523016644,1002.0016
1761523016683,1001.9914
1761523016723,1002.03656
1761523016763,1001.9939
1761523016803,1002.0144
1761523016843,1002.04236
1761523016883,1002.02704
1761523016923,1002.04266
1761523016963,1002.01306
1761523017003,1002.0107
1761523017043,1001.973
1761523017083,1001.9908
1761523017123,1002.00134
1761523017163,1002.1943
1761523017203,1002.2301
1761523017243,1002.0925
1761523017283,1001.975
1761523017323,1002.0554
1761523017363,1002.0157
1761523017403,1001.956
1761523017443,1001.9736
1761523017483,1002.00415
1761523017523,1002.1576
1761523017563,1002.1755
1761523017603,1002.00336
1761523017643,1001.9606
1761523017684,1001.9363
1761523017723,1001.9216
1761523017763,1001.9293
1761523017803,1001.9575
1761523017843,1001.95526
1761523017883,1002.00305
1761523017923,1002.0491
1761523017963,1002.0896
1761523018003,1002.1328
1761523018043,1002.1304
1761523018083,1002.15076
1761523018123,1002.1386
1761523018164,1001.94135
1761523018204,1001.91907
1761523018243,1001.99506
1761523018282,1002.0182
1761523018323,1002.02374
1761523018363,1002.0519
1761523018403,1002.06537
1761523018443,1002.07025
1761523018484,1002.1386
1761523018525,1002.1637
1761523018564,1002.1701
1761523018605,1002.0605
1761523018644,1002.07794
1761523018684,1002.21625
1761523018723,1002.0888
1761523018763,1001.96094
1761523018803,1001.94446
1761523018844,1001.94946
1761523018884,1002.01306
1761523018924,1002.0158
1761523018964,1002.0084
1761523019004,1002.00385
1761523019044,1002.0971
1761523019083,1002.2855
1761523019124,1002.5249
1761523019164,1002.21625
1761523019204,1001.91125
1761523019243,1001.88116
1761523019284,1001.92737
1761523019324,1001.94257
1761523019364,1001.9957
1761523019403,1002.0784
1761523019444,1002.2248
1761523019483,1002.2928
1761523019523,1002.1951
1761523019563,1002.17834
1761523019604,1002.2486
1761523019644,1002.3769
1761523019684,1002.20447
1761523019724,1001.93115
1761523019763,1002.04974
1761523019803,1002.06
1761523019844,1001.9778
1761523019883,1002.05084
1761523019923,1002.07385
1761523019964,1002.13696
1761523020003,1002.23267
1761523020043,1002.1693
1761523020083,1002.2102
1761523020124,1002.319
1761523020163,1002.2264
1761523020203,1001.9833
1761523020243,1001.873
1761523020283,1001.926
1761523020323,1002.00903
1761523020363,1002.06995
1761523020403,1002.1449
1761523020444,1002.158
1761523020483,1002.25604
1761523020523,1002.2413
1761523020563,1002.17914
1761523020603,1002.1467
1761523020643,1002.0865
1761523020683,1002.0397
1761523020723,1002.0266
1761523020763,1002.12054
1761523020803,1002.20844
1761523020843,1002.22626
1761523020883,1002.0359
1761523020923,1001.9907
1761523020963,1002.026
1761523021003,1002.07166
1761523021043,1002.1195
1761523021083,1002.14685
1761523021123,1002.1724
1761523021163,1002.1778
1761523021203,1002.15295
1761523021243,1002.20306
1761523021283,1002.1891
1761523021323,1002.11127
1761523021363,1002.03845
1761523021403,1002.036
1761523021443,1002.0539
1761523021483,1002.07166
1761523021523,1002.0592
1761523021563,1002.1025
1761523021603,1002.12976
1761523021644,1002.1103
1761523021684,1002.1132
1761523021723,1002.141
1761523021763,1002.1381
1761523021803,1002.10095
1761523021844,1002.149
1761523021884,1002.3049
1761523021924,1002.3098
1761523021964,1002.2146
1761523022004,1002.2573
1761523022044,1002.1418
1761523022083,1001.97205
1761523022123,1001.9394
1761523022163,1001.9925
1761523022203,1002.0572
1761523022243,1002.0809
1761523022283,1002.17346
1761523022327,1002.24915
1761523022363,1002.32697
1761523022403,1002.2543
1761523022443,1002.0639
1761523022483,1002.0518
1761523022523,1002.0692
1761523022563,1002.1171
1761523022603,1002.14545
1761523022643,1002.1355
1761523022683,1002.16016
1761523022723,1002.15015
1761523022763,1002.1881
1761523022803,1002.24133
1761523022843,1002.2283
1761523022883,1002.3145
1761523022923,1002.27704
1761523022963,1002.1089
1761523023003,1002.12897
1761523023044,1002.18243
1761523023084,1002.2
1761523023124,1002.16736
1761523023164,1002.1699
1761523023204,1002.1222
1761523023243,1002.1912
1761523023283,1002.1956
1761523023323,1002.221
1761523023363,1002.23627
1761523023404,1002.2111
1761523023444,1002.3071
1761523023484,1002.1919
1761523023524,1002.1239
1761523023564,1002.1944
1761523023604,1002.18976
1761523023643,1002.1722
1761523023683,1002.21735
1761523023725,1002.233
1761523023763,1002.2199
1761523023803,1002.28595
1761523023844,1002.301
1761523023884,1002.2432
1761523023924,1002.2382
1761523023964,1002.1908
1761523024004,1002.18634
1761523024043,1002.1941
1761523024083,1002.20135
