1761522771554,1002.3393
1761522771594,1002.3299
1761522771634,1002.3014
1761522771673,1002.31976
1761522771713,1002.2989
1761522771753,1002.3225
1761522771794,1002.366
1761522771834,1002.3815
1761522771874,1002.4277
1761522771913,1002.41766
1761522771953,1002.3485
1761522771993,1002.2583
1761522772034,1002.38947
1761522772073,1002.39374
1761522772114,1002.42737
1761522772153,1002.60986
1761522772194,1002.3818
1761522772235,1001.9213
1761522772275,1002.18976
1761522772315,1002.17725
1761522772353,1002.05383
1761522772393,1002.22485
1761522772433,1002.3175
1761522772473,1002.3226
1761522772514,1002.32007
1761522772555,1002.35333
1761522772595,1002.2851
1761522772634,1002.3201
1761522772675,1002.3102
1761522772714,1002.3283
1761522772755,1002.3057
1761522772794,1002.3057
1761522772834,1002.34607
1761522772873,1002.34296
1761522772913,1002.36365
1761522772955,1002.3477
1761522772995,1002.33295
1761522773035,1002.5089
1761522773075,1003.3656
1761522773114,1003.26544
1761522773154,1002.1809
1761522773194,1002.1058
1761522773234,1002.32104
1761522773274,1002.6272
1761522773315,1002.21344
1761522773354,1002.18396
1761522773394,1002.72974
1761522773435,1002.79266
1761522773475,1002.80524
1761522773517,1001.5885
1761522773553,1001.50336
1761522773593,1001.7664
1761522773633,1002.0774
1761522773674,1002.1551
1761522773715,1002.18256
1761522773755,1002.2473
1761522773795,1002.23456
1761522773833,1002.30096
1761522773873,1002.3537
1761522773913,1002.4318
1761522773954,1002.4088
1761522773993,1002.2484
1761522774033,1002.216
1761522774074,1002.2435
1761522774115,1002.4641
1761522774155,1002.53735
1761522774194,1002.49744
1761522774234,1002.51764
1761522774274,1002.33203
1761522774314,1001.899
1761522774353,1002.11975
1761522774393,1002.3181
1761522774433,1002.4902
1761522774475,1002.608
1761522774515,1002.47095
1761522774555,1002.50397
1761522774595,1002.3309
1761522774635,1002.0856
1761522774674,1002.04047
1761522774714,1002.1808
1761522774753,1002.156
1761522774794,1002.1811
1761522774836,1002.25635
1761522774874,1002.3289
1761522774914,1002.3421
1761522774955,1002.42975
1761522774995,1002.76794
1761522775034,1002.8908
1761522775074,1002.93604
1761522775113,1002.83405
1761522775154,1002.5913
1761522775194,1002.16266
1761522775235,1002.03485
1761522775275,1001.3086
1761522775315,1001.40405
1761522775354,1001.7824
1761522775394,1002.0181
1761522775434,1002.1785
1761522775474,1002.16345
1761522775520,1002.18353
1761522775553,1002.28595
1761522775594,1002.4766
1761522775634,1002.5925
1761522775675,1002.6527
1761522775714,1002.6049
1761522775755,1002.30695
1761522775794,1002.0639
1761522775834,1002.0941
1761522775873,1001.9994
1761522775913,1002.0969
1761522775954,1002.1046
1761522775994,1002.0022
1761522776034,1002.1425
1761522776075,1002.1425
1761522776114,1002.2999
1761522776154,1002.2777
1761522776194,1002.2506
1761522776233,1002.34094
1761522776274,1002.3209
1761522776314,1002.33093
1761522776354,1002.3514
1761522776394,1002.4215
1761522776435,1002.2335
1761522776474,1002.0734
1761522776514,1002.0731
1761522776555,1001.99133
1761522776594,1001.96515
1761522776634,1002.171
1761522776673,1002.2689
1761522776714,1002.20654
1761522776755,1002.3175
1761522776795,1002.2791
1761522776835,1002.4125
1761522776874,1002.5979
1761522776913,1002.59296
1761522776954,1002.427
1761522776994,1002.0966
1761522777034,1002.0468
1761522777073,1002.12445
1761522777115,1002.1194
1761522777155,1002.05164
1761522777195,1002.0043
1761522777235,1002.182
1761522777274,1002.2321
1761522777315,1002.308
1761522777353,1002.34564
1761522777393,1002.37006
1761522777434,1002.4659
1761522777474,1002.5586
1761522777522,1002.61615
1761522777555,1002.5887
1761522777594,1002.5837
1761522777633,1002.44604
1761522777674,1002.1177
1761522777714,1002.1275
1761522777754,1001.81946
1761522777794,1001.4938
1761522777833,1001.5715
1761522777874,1001.7723
1761522777914,1001.9304
1761522777955,1002.0003
1761522777994,1002.0206
1761522778034,1002.1905
1761522778074,1002.32623
1761522778113,1002.394
1761522778153,1002.42664
1761522778193,1002.5368
1761522778233,1002.5437
1761522778275,1002.2687
1761522778315,1001.8904
1761522778354,1001.8552
1761522778394,1001.9154
1761522778433,1001.9856
1761522778474,1002.03076
1761522778514,1002.0262
1761522778555,1002.219
1761522778594,1002.236
1761522778634,1002.3039
1761522778675,1002.41437
1761522778715,1002.452
1761522778764,1002.5652
1761522778798,1002.68774
1761522778840,1002.78564
1761522778873,1002.7882
1761522778913,1002.4604
1761522778955,1002.2724
1761522778995,1001.9041
1761522779041,1001.0446
1761522779076,1001.14734
1761522779117,1001.6264
1761522779155,1001.832
1761522779195,1001.90466
1761522779237,1001.97974
1761522779280,1002.15735
1761522779319,1002.318
1761522779355,1002.308
1761522779395,1002.38617
1761522779434,1002.3682
1761522779476,1002.3382
1761522779515,1002.10016
1761522779554,1001.8896
1761522779595,1001.8971
1761522779633,1001.98737
1761522779673,1002.0098
1761522779714,1002.0504
1761522779754,1002.1507
1761522779794,1002.1782
1761522779834,1002.27344
1761522779874,1002.3557
1761522779914,1002.511
1761522779954,1002.65643
1761522779994,1002.7469
1761522780033,1002.7872
1761522780073,1002.6047
1761522780113,1002.36096
1761522780154,1002.5845
1761522780195,1001.8499
1761522780235,1001.332
1761522780279,1001.09357
1761522780316,1001.20386
1761522780356,1001.4748
1761522780393,1001.69275
1761522780433,1001.84326
1761522780475,1001.93286
1761522780514,1001.9981
1761522780556,1002.0482
1761522780596,1002.05524
1761522780637,1002.0803
1761522780680,1002.0758
1761522780722,1002.13104
1761522780756,1002.10376
1761522780794,1002.08844
1761522780838,1002.18866
1761522780873,1002.0829
1761522780914,1002.0051
1761522780955,1002.00616
1761522780995,1002.2916
1761522781037,1002.57983
1761522781077,1002.39417
1761522781119,1002.577
1761522781155,1002.7475
1761522781193,1002.77295
1761522781233,1002.5399
1761522781275,1002.09344
1761522781316,1002.4967
1761522781359,1000.99335
1761522781394,1000.96857
1761522781434,1001.4272
1761522781476,1001.62524
1761522781522,1001.76013
1761522781554,1001.8808
1761522781594,1002.06635
1761522781637,1002.1064
1761522781678,1002.06384
1761522781718,1002.4217
1761522781757,1002.3245
1761522781795,1002.07587
1761522781837,1001.8883
1761522781875,1001.87585
1761522781913,1001.9386
1761522781953,1001.9105
1761522781994,1001.97845
1761522782037,1002.0408
1761522782078,1002.1088
1761522782117,1002.1739
1761522782157,1002.26135
1761522782195,1002.54224
1761522782238,1002.6447
1761522782274,1002.4796
1761522782315,1002.0862
1761522782357,1001.98315
1761522782394,1001.69946
1761522782433,1001.2342
1761522782475,1001.41876
1761522782518,1001.6568
1761522782556,1001.79224
1761522782596,1001.93835
1761522782635,1001.9949
1761522782675,1002.11304
1761522782714,1002.19055
1761522782757,1002.20056
1761522782798,1002.21564
1761522782835,1002.0851
1761522782876,1001.9698
1761522782914,1001.84454
1761522782953,1001.8019
1761522782994,1001.8971
1761522783035,1002.0051
1761522783080,1001.91266
1761522783116,1002.0424
1761522783155,1002.0575
1761522783194,1002.0901
1761522783239,1002.2975
1761522783276,1002.4034
1761522783317,1002.5761
1761522783358,1002.6964
1761522783394,1002.58624
1761522783433,1001.97437
1761522783474,1001.74164
1761522783516,1001.5712
1761522783556,1000.9445
1761522783598,1001.3357
1761522783638,1001.6331
1761522783677,1001.8594
1761522783717,1001.81274
1761522783755,1001.88086
1761522783795,1001.9763
1761522783833,1002.11914
1761522783874,1002.2916
1761522783913,1002.4321
1761522783954,1002.3898
1761522783998,1002.02057
1761522784038,1001.70233
1761522784074,1001.81305
1761522784116,1001.8984
1761522784156,1001.8332
1761522784194,1001.71735
1761522784233,1001.7575
1761522784274,1001.7447
1761522784317,1001.8599
1761522784358,1001.8998
1761522784394,1001.9497
1761522784434,1002.06323
1761522784475,1002.0249
1761522784515,1002.0482
1761522784563,1002.0451
1761522784594,1002.0652
1761522784638,1002.0249
1761522784676,1002.05493
1761522784721,1002.0675
1761522784758,1001.90155
1761522784798,1001.8642
1761522784835,1001.74866
1761522784878,1001.6785
1761522784914,1001.6584
1761522784953,1001.8615
1761522784994,1001.93915
1761522785036,1001.88617
1761522785075,1002.0118
1761522785117,1002.14667
1761522785158,1002.1085
1761522785200,1002.169
1761522785237,1002.27625
1761522785277,1002.199
1761522785324,1001.9281
1761522785357,1002.0111
1761522785394,1002.0086
1761522785433,1001.8633
1761522785474,1001.71796
1761522785516,1001.65216
1761522785557,1001.89056
1761522785595,1001.9526
1761522785639,1002.0057
1761522785677,1002.0504
1761522785715,1002.15314
1761522785755,1002.2978
1761522785797,1002.4807
1761522785835,1002.55896
1761522785879,1002.2674
1761522785914,1002.0594
1761522785954,1001.94904
1761522785996,1001.42096
1761522786037,1001.1482
1761522786083,1001.4029
1761522786118,1001.61084
1761522786156,1001.7263
1761522786195,1001.7807
1761522786235,1001.91125
1761522786276,1002.0765
1761522786318,1002.15674
1761522786354,1002.2667
1761522786394,1002.43744
1761522786433,1002.19653
1761522786475,1002.0162
1761522786521,1001.8208
1761522786557,1001.7332
1761522786603,1001.70276
1761522786638,1001.7754
1761522786683,1001.74976
1761522786714,1001.8127
1761522786757,1001.9705
1761522786799,1002.0503
1761522786836,1002.2578
1761522786874,1002.32837
1761522786914,1002.54846
1761522786954,1002.7166
1761522786996,1002.69366
1761522787038,1002.4229
1761522787077,1002.1676
1761522787117,1001.20056
1761522787155,1000.79224
1761522787196,1000.98987
1761522787234,1001.31305
1761522787274,1001.511
1761522787317,1001.6859
1761522787360,1001.8262
1761522787394,1002.0697
1761522787434,1002.049
1761522787474,1002.17694
1761522787517,1002.2947
1761522787557,1002.22925
1761522787597,1002.14154
1761522787634,1002.104
1761522787677,1001.86554
1761522787714,1001.8931
1761522787756,1001.6602
1761522787797,1001.6526
1761522787836,1001.6174
1761522787876,1001.69763
1761522787914,1001.69257
1761522787954,1001.76013
1761522787995,1001.9124
1761522788034,1002.0107
1761522788077,1001.9373
1761522788122,1002.0776
1761522788157,1002.10266
1761522788202,1002.12524
1761522788235,1001.8998
1761522788277,1001.9551
1761522788315,1002.15485
1761522788355,1002.0822
1761522788395,1002.0346
1761522788434,1001.8664
1761522788474,1001.47845
1761522788515,1001.5058
1761522788557,1001.701
1761522788597,1001.8063
1761522788640,1001.8362
1761522788682,1001.841
1761522788716,1001.8738
1761522788756,1001.94653
1761522788799,1001.94885
1761522788844,1001.9486
1761522788877,1001.9278
1761522788914,1001.9609
1761522788954,1001.9559
1761522788995,1001.988
1761522789035,1002.0281
1761522789074,1001.9554
1761522789116,1001.90283
1761522789155,1001.94775
1761522789196,1001.9149
1761522789235,1001.89984
1761522789276,1001.87726
1761522789324,1001.9673
1761522789356,1001.99
1761522789394,1002.05273
1761522789434,1002.0201
1761522789474,1001.99725
1761522789517,1001.9822
1761522789554,1002.1063
1761522789598,1002.16437
1761522789637,1002.0416
1761522789677,1001.70306
1761522789716,1001.62787
1761522789756,1001.5603
1761522789796,1001.68805
1761522789837,1001.86334
1761522789875,1001.8934
1761522789913,1001.971
1761522789954,1002.031
1761522789994,1001.91583
1761522790035,1001.91846
1761522790078,1001.92584
1761522790118,1001.9634
1761522790157,1001.99536
1761522790198,1002.01794
1761522790235,1001.935
1761522790274,1001.8599
1761522790314,1001.8949
1761522790355,1001.75214
1761522790394,1001.87994
1761522790434,1001.9776
1761522790474,1001.9453
1761522790515,1001.98206
1761522790557,1001.97955
1761522790597,1001.9701
1761522790634,1001.9218
1761522790676,1002.067
1761522790714,1001.97955
1761522790757,1001.87115
1761522790797,1001.5783
1761522790838,1001.65125
1761522790877,1001.7936
1761522790914,1001.8984
1761522790954,1001.9393
1761522790995,1002.052
1761522791037,1001.99146
1761522791076,1002.04175
1761522791116,1002.0491
1761522791157,1002.06366
1761522791198,1002.0005
1761522791237,1001.88025
1761522791275,1001.81055
1761522791318,1001.755
1761522791356,1001.68994
1761522791399,1001.72736
1761522791433,1001.85565
1761522791474,1001.87573
1761522791516,1001.9253
1761522791557,1002.008
1761522791596,1002.0527
1761522791637,1002.23596
1761522791675,1002.3352
1761522791715,1002.26807
1761522791756,1001.9116
1761522791801,1001.8045
1761522791839,1001.6118
1761522791882,1001.13586
1761522791915,1001.25073
1761522791954,1001.49866
1761522791994,1001.6443
1761522792035,1001.73914
1761522792077,1001.7411
1761522792117,1001.8293
1761522792156,1001.9718
1761522792195,1002.0447
1761522792234,1002.1922
1761522792275,1001.9718
1761522792315,1001.7787
1761522792355,1001.7035
1761522792397,1001.72076
1761522792434,1001.67804
1761522792474,1001.70026
1761522792515,1001.7235
1761522792555,1001.7435
1761522792596,1001.81836
1761522792635,1001.75037
1761522792678,1001.87787
1761522792718,1001.9436
1761522792757,1002.098
1761522792797,1002.2317
1761522792839,1002.3084
1761522792878,1002.356
1761522792913,1002.1657
1761522792953,1002.00256
1761522792994,1001.647
1761522793037,1001.02826
1761522793077,1001.0209
1761522793120,1001.30634
1761522793155,1001.4515
1761522793199,1001.5789
1761522793237,1001.6916
1761522793275,1001.7872
1761522793314,1001.8945
1761522793354,1001.9164
1761522793396,1001.93445
1761522793434,1001.90173
1761522793474,1001.9539
1761522793516,1001.9543
1761522793556,1001.68604
1761522793596,1001.6013
1761522793639,1001.7742
1761522793677,1001.7308
1761522793714,1001.671
1761522793755,1001.5829
1761522793794,1001.7008
1761522793836,1001.7965
1761522793876,1001.8209
1761522793914,1001.8936
1761522793954,1002.0237
1761522793996,1002.25903
1761522794035,1002.37427
1761522794074,1002.5943
1761522794114,1002.6345
1761522794155,1002.3139
1761522794197,1002.14343
1761522794235,1001.8957
1761522794278,1001.0264
1761522794317,1000.7179
1761522794355,1000.7307
1761522794397,1000.96606
1761522794434,1001.17847
1761522794473,1001.3567
1761522794514,1001.5343
1761522794554,1001.65173
1761522794596,1001.70935
1761522794636,1001.7341
1761522794685,1001.7296
1761522794717,1001.7494
1761522794754,1001.7389
1761522794794,1001.72186
1761522794835,1001.827
1761522794875,1001.8596
1761522794914,1001.80194
1761522794954,1001.7891
1761522794995,1001.73157
1761522795035,1001.6912
1761522795075,1001.73663
1761522795121,1001.9394
1761522795155,1002.0694
1761522795198,1002.14905
1761522795235,1002.32697
1761522795274,1002.36444
1761522795314,1002.26654
1761522795355,1001.91626
1761522795395,1001.41833
1761522795434,1001.6131
1761522795474,1001.02435
1761522795514,1000.989
1761522795555,1001.34015
1761522795594,1001.43475
1761522795634,1001.5376
1761522795674,1001.5575
1761522795715,1001.76794
1761522795755,1001.7999
1761522795795,1001.793
1761522795835,1001.84607
1761522795874,1001.88306
1761522795914,1001.8633
1761522795953,1001.69037
1761522795993,1001.5369
1761522796034,1001.59
1761522796075,1001.69037
1761522796115,1001.6677
1761522796155,1001.62775
1761522796195,1001.6421
1761522796235,1001.7399
1761522796274,1001.82513
1761522796314,1001.91266
1761522796354,1002.10596
1761522796394,1002.28345
1761522796433,1002.451
1761522796474,1002.1733
1761522796515,1001.7779
1761522796555,1001.5846
1761522796594,1001.0586
1761522796635,1000.9935
1761522796675,1001.1518
1761522796714,1001.34393
1761522796754,1001.459
1761522796793,1001.56946
1761522796837,1001.66693
1761522796875,1001.75507
1761522796915,1001.79987
1761522796954,1001.86475
1761522796994,1001.9627
1761522797034,1001.9549
1761522797074,1001.7897
1761522797114,1001.73224
1761522797154,1001.4464
1761522797194,1001.3932
1761522797235,1001.53204
1761522797276,1001.44147
1761522797315,1001.4787
1761522797354,1001.6268
1761522797395,1001.71466
1761522797434,1001.82275
1761522797473,1001.9076
1761522797513,1002.0422
1761522797553,1002.2678
1761522797594,1002.39813
1761522797635,1002.32056
1761522797675,1001.9576
1761522797715,1001.55194
1761522797755,1001.23364
1761522797795,1000.6426
1761522797834,1000.8155
1761522797874,1001.15894
1761522797914,1001.36896
1761522797953,1001.4493
1761522797993,1001.56177
1761522798035,1001.7704
1761522798075,1001.78766
1761522798114,1001.83716
1761522798155,1001.86
1761522798195,1001.8878
1761522798234,1001.78284
1761522798274,1001.59515
1761522798314,1001.3819
1761522798354,1001.5171
1761522798395,1001.50244
1761522798434,1001.3995
1761522798475,1001.4043
1761522798514,1001.3948
1761522798554,1001.4674
1761522798595,1001.6502
1761522798637,1001.7258
1761522798673,1001.7029
1761522798713,1001.72
1761522798754,1001.7353
1761522798795,1001.7054
1761522798835,1001.62775
1761522798875,1001.51025
1761522798914,1001.4701
1761522798953,1001.6428
1761522798994,1001.61237
1761522799034,1001.4701
1761522799074,1001.49756
1761522799114,1001.5753
1761522799155,1001.498
1761522799195,1001.3324
1761522799235,1001.4501
1761522799275,1001.6057
1761522799314,1001.56555
1761522799354,1001.6438
1761522799394,1001.65283
1761522799434,1001.74414
1761522799473,1001.7785
1761522799515,1001.7612
1761522799555,1001.7982
1761522799595,1001.7287
1761522799635,1001.6911
1761522799674,1001.80133
1761522799714,1001.6439
1761522799754,1001.3784
1761522799794,1001.3759
1761522799834,1001.4009
1761522799874,1001.4311
1761522799915,1001.4533
1761522799954,1001.5712
1761522799994,1001.65674
1761522800034,1001.8226
1761522800074,1001.8596
1761522800114,1002.053
1761522800154,1002.20795
1761522800195,1002.2177
1761522800234,1002.0725
1761522800274,1001.6994
1761522800315,1001.46924
1761522800355,1001.4239
1761522800395,1000.7551
1761522800434,1000.6726
1761522800474,1000.9255
1761522800514,1001.1143
1761522800554,1001.2441
1761522800594,1001.4623
1761522800634,1001.47705
1761522800675,1001.6423
1761522800715,1001.70776
1761522800755,1001.87805
1761522800795,1001.91064
1761522800834,1001.8554
1761522800874,1001.6803
1761522800914,1001.48773
1761522800953,1001.32025
1761522800993,1001.20734
1761522801035,1001.29193
1761522801075,1001.33704
1761522801115,1001.4003
1761522801156,1001.4479
1761522801195,1001.50305
1761522801234,1001.5531
1761522801274,1001.5479
1761522801314,1001.64124
1761522801354,1001.8033
1761522801394,1001.9389
1761522801433,1001.9793
1761522801474,1002.045
1761522801515,1002.0795
1761522801554,1001.92633
1761522801595,1001.62146
1761522801634,1001.31635
1761522801674,1001.43616
1761522801713,1000.95557
1761522801753,1000.6091
1761522801795,1000.83734
1761522801835,1001.14087
1761522801875,1001.2665
1761522801915,1001.32916
1761522801953,1001.4221
1761522801994,1001.49664
1761522802034,1001.6046
1761522802074,1001.6601
1761522802114,1001.7697
1761522802155,1001.84985
1761522802195,1001.56494
1761522802235,1001.35443
1761522802275,1001.2061
1761522802314,1001.2815
1761522802353,1001.3446
1761522802393,1001.2743
1761522802433,1001.4244
1761522802473,1001.5327
1761522802514,1001.5828
1761522802555,1001.7057
1761522802594,1001.87885
1761522802635,1002.01654
1761522802675,1002.05164
1761522802715,1001.84875
1761522802755,1001.46826
1761522802794,1001.53314
1761522802834,1000.84717
1761522802874,1000.642
1761522802914,1000.9749
1761522802954,1001.1283
1761522802994,1001.1727
1761522803035,1001.2635
1761522803076,1001.38873
1761522803115,1001.3881
1761522803155,1001.4188
1761522803194,1001.4739
1761522803234,1001.53125
1761522803273,1001.50146
1761522803315,1001.4712
1761522803356,1001.4465
1761522803398,1001.47455
1761522803434,1001.47705
1761522803474,1001.51514
1761522803516,1001.4744
1761522803555,1001.43396
1761522803594,1001.33154
1761522803634,1001.41437
1761522803678,1001.507
1761522803724,1001.74493
1761522803756,1001.91595
1761522803795,1001.926
1761522803837,1002.05884
1761522803876,1002.05865
1761522803916,1002.0912
1761522803953,1002.16156
1761522803993,1002.2941
1761522804034,1002.11646
1761522804077,1001.7712
1761522804118,1000.84467
1761522804155,1000.4031
1761522804199,1000.2255
1761522804242,1000.4059
1761522804277,1000.65607
1761522804316,1000.94214
1761522804355,1001.18286
1761522804394,1001.2877
1761522804437,1001.44556
1761522804474,1001.4559
1761522804515,1001.4359
1761522804555,1001.53076
1761522804597,1001.64166
1761522804636,1001.62415
1761522804675,1001.2104
1761522804715,1001.20294
1761522804757,1001.2731
1761522804794,1001.3007
1761522804835,1001.3454
1761522804875,1001.39575
1761522804920,1001.4359
1761522804954,1001.60376
1761522804994,1001.68134
1761522805034,1001.94696
1761522805074,1002.0696
1761522805113,1002.0797
1761522805155,1001.92944
1761522805197,1001.6588
1761522805237,1001.1008
1761522805281,1000.5771
1761522805321,1000.5817
1761522805354,1000.7645
1761522805394,1001.00287
1761522805435,1001.1878
1761522805473,1001.3082
1761522805514,1001.3686
1761522805558,1001.42596
1761522805597,1001.4734
1761522805637,1001.52893
1761522805675,1001.6516
1761522805717,1001.6945
1761522805756,1001.64185
1761522805797,1001.471
1761522805836,1001.3489
1761522805877,1001.1757
1761522805914,1001.11273
1761522805954,1001.0834
1761522805993,1001.2008
1761522806035,1001.24054
1761522806075,1001.27313
1761522806115,1001.3057
1761522806155,1001.3407
1761522806195,1001.34106
1761522806234,1001.3313
1761522806274,1001.38086
1761522806314,1001.45654
1761522806355,1001.46405
1761522806395,1001.42096
1761522806435,1001.34393
1761522806474,1001.3566
1761522806513,1001.2737
1761522806554,1001.2365
1761522806594,1001.1704
1761522806633,1001.25055
1761522806674,1001.3038
1761522806714,1001.2681
1761522806755,1001.3388
1761522806797,1001.3391
1761522806835,1001.42896
1761522806875,1001.4313
1761522806914,1001.38837
1761522806954,1001.5161
1761522806993,1001.68475
1761522807034,1001.61694
1761522807073,1001.3613
1761522807115,1001.2609
1761522807156,1001.3614
1761522807195,1001.3088
1761522807236,1001.26373
1761522807275,1001.26654
1761522807314,1001.23047
1761522807354,1001.33325
1761522807395,1001.3564
1761522807436,1001.43646
1761522807475,1001.63666
1761522807515,1001.8273
1761522807556,1002.07306
1761522807596,1002.218
1761522807635,1002.24805
1761522807675,1001.9025
1761522807714,1001.8022
1761522807755,1001.25867
1761522807798,1000.2166
1761522807836,1000.2643
1761522807876,1000.444
1761522807918,1000.6548
1761522807954,1000.95087
1761522807994,1001.08057
1761522808034,1001.19135
1761522808075,1001.2565
1761522808116,1001.28625
1761522808154,1001.2837
1761522808194,1001.32635
1761522808235,1001.4341
1761522808277,1001.40594
1761522808318,1001.3566
1761522808356,1001.1961
1761522808394,1001.2187
1761522808434,1001.3717
1761522808473,1001.2486
1761522808513,1001.1732
1761522808554,1001.24054
1761522808594,1001.3514
1761522808635,1001.4313
1761522808676,1001.5211
1761522808715,1001.44086
1761522808755,1001.44836
1761522808796,1001.3339
1761522808836,1001.336
1761522808874,1001.5142
1761522808916,1001.5568
1761522808957,1001.22107
1761522808994,1001.10834
1761522809035,1000.99786
1761522809076,1000.9925
1761522809114,1001.1357
1761522809155,1001.24866
1761522809195,1001.331
1761522809237,1001.3561
1761522809274,1001.37573
1761522809314,1001.3282
1761522809355,1001.29626
1761522809397,1001.30554
1761522809438,1001.3658
1761522809474,1001.3658
1761522809514,1001.3657
1761522809555,1001.34607
1761522809594,1001.288
1761522809637,1001.27875
1761522809679,1001.24304
1761522809718,1001.29565
1761522809756,1001.31055
1761522809799,1001.4133
1761522809837,1001.4309
1761522809876,1001.3632
1761522809917,1001.4162
1761522809958,1001.4109
1761522809994,1001.33575
1761522810033,1001.3056
1761522810076,1001.3857
1761522810113,1001.536
1761522810154,1001.5387
1761522810194,1001.38086
1761522810234,1001.4233
1761522810274,1001.00977
1761522810313,1000.8674
1761522810353,1000.9549
1761522810393,1001.1708
1761522810433,1001.2404
1761522810473,1001.27795
1761522810514,1001.3583
1761522810554,1001.4584
1761522810595,1001.6184
1761522810637,1001.6337
1761522810675,1001.64136
1761522810715,1001.46405
1761522810754,1001.42334
1761522810793,1001.38336
1761522810833,1001.3352
1761522810873,1001.35065
1761522810966,1001.0751
1761522811010,1001.07837
1761522811047,1001.1038
1761522811087,1001.18195
1761522811128,1001.3674
1761522811166,1001.4581
1761522811209,1001.4402
1761522811252,1001.5405
1761522811285,1001.6535
1761522811330,1001.79626
1761522811369,1001.9659
1761522811408,1001.77826
1761522811447,1001.28204
1761522811487,1001.26904
1761522811528,1000.64844
1761522811567,1000.4906
1761522811610,1000.87585
1761522811646,1001.0692
1761522811688,1001.1394
1761522811729,1001.2336
1761522811767,1001.3693
1761522811808,1001.39685
1761522811848,1001.4595
1761522811887,1001.51447
1761522811927,1001.522
1761522811971,1001.5145
1761522812006,1001.29663
1761522812046,1001.26416
1761522812089,1001.17633
1761522812130,1001.0631
1761522812177,1001.11334
1761522812208,1001.1233
1761522812250,1001.15375
1761522812297,1001.1756
1761522812327,1001.2482
1761522812375,1001.3237
1761522812416,1001.3963
1761522812445,1001.52875
1761522812487,1001.71155
1761522812528,1001.8616
1761522812569,1001.8293
1761522812607,1001.57886
1761522812648,1001.3613
1761522812689,1001.54626
1761522812736,1000.56915
1761522812767,1000.4512
1761522812813,1000.7595
1761522812846,1000.8923
1761522812887,1001.0122
1761522812937,1001.1177
1761522812969,1001.1925
1761522813010,1001.31805
1761522813048,1001.3879
1761522813088,1001.4656
1761522813125,1001.52026
1761522813165,1001.5252
1761522813208,1001.468
1761522813247,1001.1395
1761522813287,1001.132
1761522813327,1001.1939
1761522813367,1001.3829
1761522813407,1001.4025
1761522813447,1001.29974
1761522813486,1001.1925
1761522813525,1001.1422
1761522813565,1001.0541
1761522813609,1000.95935
1761522813647,1001.0641
1761522813687,1001.23236
1761522813727,1001.2848
1761522813767,1001.4391
1761522813811,1001.52454
1761522813846,1001.7725
1761522813885,1001.8501
1761522813925,1001.66724
1761522813967,1001.55023
1761522814007,1001.44904
1761522814047,1001.21436
1761522814087,1000.8003
1761522814127,1000.7127
1761522814167,1000.71533
1761522814207,1000.77264
1761522814246,1000.9484
1761522814286,1001.0158
1761522814325,1001.1135
1761522814369,1001.15814
1761522814408,1001.17804
1761522814447,1001.2607
1761522814488,1001.3489
1761522814527,1001.3935
1761522814567,1001.3808
1761522814607,1001.2784
1761522814649,1001.1807
1761522814686,1001.1054
1761522814727,1001.21796
1761522814768,1001.2452
1761522814807,1001.0701
1761522814847,1001.1175
1761522814887,1001.238
1761522814927,1001.26483
1761522814967,1001.3379
1761522815006,1001.3477
1761522815045,1001.3304
1761522815085,1001.2326
1761522815127,1001.3027
1761522815168,1001.39795
1761522815206,1001.3325
1761522815246,1001.0144
1761522815290,1001.1225
1761522815326,1000.99945
1761522815366,1001.0069
1761522815409,1001.1196
1761522815445,1001.2548
1761522815485,1001.27014
1761522815525,1001.28687
1761522815565,1001.3825
1761522815606,1001.4748
1761522815647,1001.49274
1761522815686,1001.47516
1761522815726,1001.40967
1761522815766,1001.1467
1761522815806,1001.2043
1761522815845,1001.29236
1761522815885,1001.2569
1761522815925,1001.01154
1761522815967,1001.01697
1761522816007,1001.0993
1761522816047,1001.1346
1761522816087,1001.19696
1761522816126,1001.30743
1761522816166,1001.32935
1761522816206,1001.34216
1761522816247,1001.4573
1761522816285,1001.5804
1761522816325,1001.62274
1761522816366,1001.5125
1761522816408,1001.36194
1761522816447,1001.0888
1761522816486,1000.67584
1761522816526,1000.5859
1761522816566,1000.7411
1761522816608,1000.8812
1761522816645,1001.00916
1761522816687,1001.0835
1761522816728,1001.2219
1761522816767,1001.36224
1761522816806,1001.39966
1761522816846,1001.4347
1761522816886,1001.4295
1761522816931,1001.36
1761522816965,1001.0968
1761522817007,1001.0542
1761522817045,1000.9611
1761522817086,1000.9493
1761522817126,1001.0341
1761522817166,1001.04126
1761522817207,1001.0913
1761522817246,1001.1516
1761522817286,1001.14905
1761522817327,1001.18896
1761522817365,1001.26416
1761522817405,1001.44196
1761522817445,1001.6946
1761522817487,1001.73755
1761522817527,1001.7751
1761522817567,1001.57983
1761522817606,1001.46704
1761522817646,1000.93365
1761522817686,1000.2571
1761522817725,1000.35
1761522817765,1000.5178
1761522817805,1000.6958
1761522817848,1000.8463
1761522817886,1000.95294
1761522817927,1001.0684
1761522817966,1001.14575
1761522818006,1001.18896
1761522818046,1001.17346
1761522818087,1001.23157
1761522818125,1001.3142
1761522818165,1001.3265
1761522818205,1001.19086
1761522818247,1001.0783
1761522818287,1001.0457
1761522818327,1001.1934
1761522818366,1001.0662
1761522818408,1000.9436
1761522818446,1000.9705
1761522818485,1000.99866
1761522818525,1000.99805
1761522818565,1000.9952
1761522818607,1001.0607
1761522818646,1001.13586
1761522818691,1001.18024
1761522818726,1001.2007
1761522818766,1001.27576
1761522818806,1001.3959
1761522818845,1001.6565
1761522818885,1001.7695
1761522818925,1001.75195
1761522818965,1001.8466
1761522819007,1001.7717
1761522819046,1001.6337
1761522819087,1001.3733
1761522819130,1001.0528
1761522819166,1001.4484
1761522819206,1000.4419
1761522819246,1000.2212
1761522819285,1000.25885
1761522819326,1000.1937
1761522819366,1000.31635
1761522819407,1000.5217
1761522819447,1000.71704
1761522819486,1000.84436
1761522819530,1000.9292
1761522819566,1000.95953
1761522819606,1001.02716
1761522819645,1001.0803
1761522819685,1001.07
1761522819726,1001.0544
1761522819767,1001.045
1761522819808,1001.03
1761522819847,1001.08936
1761522819886,1001.1549
1761522819926,1001.117
1761522819969,1001.1373
1761522820005,1001.1219
1761522820045,1001.02423
1761522820086,1001.04407
1761522820126,1001.25507
1761522820166,1001.3574
1761522820206,1001.3803
1761522820246,1001.5676
1761522820286,1001.6677
1761522820330,1001.7054
1761522820366,1001.63275
1761522820405,1001.3143
1761522820445,1001.4303
1761522820485,1000.80365
1761522820527,1000.4679
1761522820567,1000.38306
1761522820606,1000.2675
1761522820646,1000.4829
1761522820685,1000.69354
1761522820726,1000.8259
1761522820766,1000.9239
1761522820805,1001.0237
1761522820845,1001.0742
1761522820887,1001.10175
1761522820927,1001.1269
1761522820967,1001.19415
1761522821006,1001.2639
1761522821046,1001.2241
1761522821086,1001.1043
1761522821126,1000.9314
1761522821165,1000.9693
1761522821205,1000.94617
1761522821245,1000.9691
1761522821287,1000.9666
1761522821326,1000.9214
1761522821366,1000.94867
1761522821406,1001.02924
1761522821446,1001.02673
1761522821486,1000.9691
1761522821529,1001.01416
1761522821565,1001.1318
1761522821607,1001.10187
1761522821646,1001.1367
1761522821687,1001.154
1761522821726,1001.27954
1761522821766,1001.45764
1761522821806,1001.56506
1761522821845,1001.5201
1761522821885,1001.4016
1761522821925,1001.24713
1761522821965,1000.9565
1761522822005,1000.83594
1761522822046,1001.1312
1761522822086,1000.4055
1761522822125,1000.3504
1761522822166,1000.536
1761522822206,1000.6912
1761522822246,1000.79126
1761522822285,1000.88416
1761522822325,1000.9791
1761522822365,1001.01874
1761522822407,1001.0413
1761522822446,1001.0789
1761522822487,1001.12885
1761522822526,1001.1242
1761522822566,1001.1273
1761522822607,1001.1538
1761522822645,1001.06696
1761522822685,1001.03937
1761522822725,1000.9712
1761522822765,1000.99164
1761522822807,1000.97876
1761522822846,1000.989
1761522822886,1000.95905
1761522822926,1000.9517
1761522822967,1000.89417
1761522823006,1000.9015
1761522823045,1000.9548
1761522823085,1000.93115
1761522823125,1001.02936
1761522823167,1001.01935
1761522823207,1001.0472
1761522823247,1001.0895
1761522823286,1001.1995
1761522823326,1001.29315
1761522823367,1001.3803
1761522823405,1001.5109
1761522823445,1001.4807
1761522823485,1001.40314
1761522823526,1001.3828
1761522823567,1001.40314
1761522823607,1001.1227
1761522823647,1000.95984
1761522823686,1001.0301
1761522823726,1000.3714
1761522823769,1000.204
1761522823807,1000.3015
1761522823848,1000.4893
1761522823890,1000.64954
1761522823930,1000.7562
1761522823968,1000.88495
1761522824008,1000.9576
1761522824047,1000.9928
1761522824087,1000.98553
1761522824126,1001.09296
1761522824165,1001.16565
1761522824205,1001.1731
1761522824249,1001.231
1761522824289,1001.1906
1761522824327,1001.1584
1761522824367,1001.1233
1761522824407,1001.0238
1761522824446,1000.9465
1761522824486,1000.8508
1761522824526,1000.8303
1761522824575,1000.8734
1761522824607,1001.04126
1761522824647,1001.1015
1761522824695,1001.03595
1761522824728,1001.199
1761522824769,1001.1088
1761522824815,1000.901
1761522824849,1000.7511
1761522824886,1000.70825
1761522824925,1000.776
1761522824964,1000.794
1761522825005,1000.81354
1761522825046,1000.90625
1761522825086,1000.944
1761522825127,1000.9363
1761522825167,1000.9889
1761522825206,1001.0291
1761522825256,1001.05194
1761522825294,1001.0146
1761522825332,1001.0119
1761522825365,1001.0265
1761522825407,1001.06445
1761522825447,1001.02966
1761522825488,1000.93634
1761522825529,1000.957
1761522825567,1000.9819
1761522825610,1000.9093
1761522825648,1000.8918
1761522825686,1000.9343
1761522825729,1000.9671
1761522825767,1000.86914
1761522825809,1000.9743
1761522825845,1001.0094
1761522825887,1001.04474
1761522825926,1001.05225
1761522825965,1001.12225
1761522826005,1001.12714
1761522826045,1001.1323
1761522826086,1001.122
1761522826126,1001.1529
1761522826165,1001.07153
1761522826207,1000.9746
1761522826247,1000.9595
1761522826289,1001.1298
1761522826327,1001.10736
1761522826366,1000.9468
1761522826415,1000.867
1761522826449,1000.8921
1761522826485,1000.9369
1761522826525,1000.7063
1761522826565,1000.8896
1761522826610,1001.1548
1761522826655,1001.0348
1761522826686,1001.24756
1761522826729,1001.25995
1761522826768,1001.3702
1761522826808,1001.47266
1761522826848,1001.4949
1761522826893,1001.46295
1761522826928,1001.12915
1761522826968,1001.0115
1761522827007,1000.9493
1761522827049,1000.3535
1761522827091,1000.2502
1761522827127,1000.39825
1761522827166,1000.5435
1761522827205,1000.69836
1761522827245,1000.84906
1761522827287,1000.9564
1761522827340,1000.9968
1761522827373,1001.0421
1761522827418,1001.0997
1761522827450,1001.1473
1761522827495,1001.307
1761522827526,1001.4102
1761522827566,1001.345
1761522827608,1001.2795
1761522827645,1001.034
1761522827688,1000.8463
1761522827729,1000.8987
1761522827767,1000.99915
1761522827815,1000.8111
1761522827846,1000.67834
1761522827886,1000.60846
1761522827926,1000.6785
1761522827967,1000.68604
1761522828005,1000.8636
1761522828046,1000.88116
1761522828087,1001.09174
1761522828133,1001.1718
1761522828167,1001.4817
1761522828208,1001.6527
1761522828247,1001.81445
1761522828291,1001.53186
1761522828328,1001.23157
1761522828369,1000.8804
1761522828411,1000.2922
1761522828455,1000.077
1761522828493,1000.217
1761522828527,1000.4246
1761522828567,1000.63745
1761522828608,1000.87103
1761522828647,1000.8629
1761522828688,1000.94806
1761522828725,1001.0206
1761522828765,1001.09296
1761522828805,1001.2009
1761522828845,1001.1912
1761522828887,1001.1108
1761522828929,1000.7796
1761522828967,1000.6297
1761522829006,1000.7899
1761522829051,1000.79736
1761522829095,1000.7648
1761522829128,1000.8654
1761522829166,1000.91516
1761522829210,1000.99493
1761522829256,1001.08295
1761522829286,1001.20056
1761522829335,1001.3703
1761522829377,1001.56085
1761522829407,1001.71405
1761522829447,1001.87396
1761522829486,1001.9942
1761522829525,1001.7914
1761522829568,1000.96484
1761522829610,1001.34015
1761522829647,1000.3756
1761522829695,999.9227
1761522829727,999.7696
1761522829779,999.8301
1761522829807,1000.1077
1761522829848,1000.31805
1761522829888,1000.47064
1761522829927,1000.5934
1761522829968,1000.7236
1761522830007,1000.79346
1761522830047,1000.91907
1761522830088,1000.9941
1761522830132,1001.0337
1761522830170,1001.1193
1761522830208,1001.10986
1761522830248,1001.0136
1761522830285,1001.0489
1761522830331,1000.9414
1761522830372,1000.9034
1761522830409,1000.9384
1761522830456,1000.8254
1761522830488,1000.65045
1761522830527,1000.61255
1761522830566,1000.62506
1761522830606,1000.6855
1761522830647,1000.78296
1761522830690,1000.96533
1761522830728,1001.00244
1761522830770,1001.10345
1761522830808,1001.26514
1761522830855,1001.2887
1761522830892,1001.2604
1761522830927,1001.27295
1761522830966,1001.3654
1761522831005,1001.22076
1761522831046,1000.7472
1761522831095,1000.6369
1761522831128,1000.18854
1761522831171,999.93555
1761522831208,1000.18335
1761522831246,1000.4489
1761522831286,1000.54175
1761522831328,1000.6666
1761522831372,1000.76447
1761522831407,1000.8895
1761522831447,1000.9091
1761522831495,1001.0167
1761522831531,1001.2695
1761522831567,1001.277
1761522831608,1001.14453
1761522831646,1000.9436
1761522831686,1000.7966
1761522831726,1000.7834
1761522831766,1000.5407
1761522831811,1000.38525
1761522831845,1000.4749
1761522831888,1000.5254
1761522831928,1000.45
1761522831968,1000.5558
1761522832006,1000.693
1761522832052,1000.783
1761522832089,1000.9361
1761522832125,1001.03876
1761522832166,1001.31854
1761522832206,1001.4012
1761522832255,1001.22565
1761522832295,1000.9179
1761522832329,1000.6822
1761522832368,1000.35986
1761522832411,999.96857
1761522832450,1000.05646
1761522832488,1000.3066
1761522832534,1000.49695
1761522832565,1000.58704
1761522832611,1000.7148
1761522832656,1000.85
1761522832689,1000.87714
1761522832734,1000.9568
1761522832767,1001.02985
1761522832811,1000.87463
1761522832846,1000.71155
1761522832885,1000.5566
1761522832925,1000.41595
1761522832974,1000.49896
1761522833011,1000.5106
1761522833054,1000.52814
1761522833087,1000.65625
1761522833127,1000.7584
1761522833166,1000.8861
1761522833206,1000.9137
1761522833248,1000.9187
1761522833291,1001.1465
1761522833336,1001.1811
1761522833367,1001.24164
1761522833416,1001.27625
1761522833457,1001.0263
1761522833496,1000.72296
1761522833535,1001.00354
1761522833572,1000.2823
1761522833608,1000.09143
1761522833652,1000.06146
1761522833685,999.99634
1761522833726,1000.1565
1761522833767,1000.25867
1761522833806,1000.3092
1761522833848,1000.44507
1761522833889,1000.52167
1761522833931,1000.56445
1761522833966,1000.63477
1761522834006,1000.7195
1761522834047,1000.7869
1761522834085,1000.8923
1761522834127,1000.8893
1761522834168,1000.7386
1761522834216,1000.7541
1761522834249,1000.7866
1761522834290,1000.6234
1761522834334,1000.61096
1761522834368,1000.83093
1761522834409,1000.866
1761522834449,1000.53357
1761522834487,1000.3984
1761522834529,1000.3072
1761522834568,1000.25757
1761522834608,1000.3427
1761522834655,1000.5386
1761522834689,1000.6627
1761522834727,1000.8284
1761522834766,1000.9285
1761522834806,1000.86804
1761522834847,1000.91296
1761522834887,1001.10065
1761522834927,1001.2329
1761522834972,1001.1579
1761522835008,1000.72235
1761522835048,1000.5441
1761522835086,1000.4422
1761522835126,999.62756
1761522835167,999.83057
1761522835207,1000.1239
1761522835246,1000.25366
1761522835287,1000.39136
1761522835328,1000.4562
1761522835368,1000.57166
1761522835407,1000.73615
1761522835448,1000.82245
1761522835487,1000.8038
1761522835532,1000.90393
1761522835566,1000.7843
1761522835605,1000.6039
1761522835649,1000.611
1761522835687,1000.36755
1761522835735,1000.3555
1761522835767,1000.3525
1761522835806,1000.38556
1761522835846,1000.4807
1761522835889,1000.5606
1761522835925,1000.6207
1761522835968,1000.68555
1761522836007,1000.8812
1761522836048,1000.93365
1761522836087,1001.09607
1761522836134,1001.1433
1761522836166,1001.03314
1761522836207,1000.5458
1761522836246,1000.3574
1761522836286,1000.5398
1761522836327,999.8287
1761522836365,999.8935
1761522836405,1000.2015
1761522836456,1000.3441
1761522836488,1000.337
1761522836527,1000.4444
1761522836574,1000.5416
1761522836612,1000.6027
1761522836646,1000.7098
1761522836694,1000.7723
1761522836726,1000.79486
1761522836765,1000.66376
1761522836805,1000.5969
1761522836848,1000.4638
1761522836895,1000.4914
1761522836926,1000.4882
1761522836969,1000.39874
1761522837006,1000.4359
1761522837048,1000.4807
1761522837086,1000.56335
1761522837127,1000.5915
1761522837171,1000.81366
1761522837207,1000.8208
1761522837250,1000.9632
1761522837292,1001.08154
1761522837327,1001.1462
1761522837367,1001.25134
1761522837409,1001.14417
1761522837445,1000.68756
1761522837485,1001.16846
1761522837527,999.93964
1761522837569,999.7461
1761522837608,999.72577
1761522837647,999.709
1761522837691,999.8982
1761522837728,1000.12415
1761522837767,1000.21893
1761522837806,1000.3269
1761522837845,1000.4292
1761522837886,1000.4618
1761522837925,1000.4991
1761522837968,1001.07947
1761522838015,1000.85455
1761522838060,1000.03046
1761522838088,1000.2159
1761522838129,1000.426
1761522838169,1000.4891
1761522838214,1000.4811
1761522838245,1000.46875
1761522838286,1000.5135
1761522838334,1000.55133
1761522838368,1000.5637
1761522838415,1000.50854
1761522838450,1000.4631
1761522838491,1000.6911
1761522838528,1000.7313
1761522838565,1000.7713
1761522838605,1001.00665
1761522838657,1001.0588
1761522838693,1001.0136
1761522838732,1000.75635
1761522838770,1000.4631
1761522838808,1000.3854
1761522838847,999.7343
1761522838886,999.8898
1761522838926,1000.1796
1761522838966,1000.2749
1761522839006,1000.3778
1761522839046,1000.4328
1761522839088,1000.5003
1761522839134,1000.535
1761522839167,1000.5728
1761522839206,1000.6755
1761522839246,1000.7478
1761522839286,1000.678
1761522839330,1000.5623
1761522839374,1000.4144
1761522839406,1000.3645
1761522839447,1000.3945
1761522839489,1000.4093
1761522839527,1000.382
1761522839567,1000.4274
1761522839606,1000.5097
1761522839647,1000.51447
1761522839691,1000.68225
1761522839726,1000.73236
1761522839765,1000.8768
1761522839810,1001.0577
1761522839845,1001.15717
1761522839887,1001.01483
1761522839928,1000.6036
1761522839966,1000.56354
1761522840007,999.93024
1761522840046,999.67944
1761522840088,999.86
1761522840126,1000.02014
1761522840165,1000.19556
1761522840210,1000.353
1761522840247,1000.39813
1761522840290,1000.53296
1761522840328,1000.6685
1761522840367,1000.8287
1761522840407,1000.9813
1761522840454,1000.9764
1761522840485,1000.8233
1761522840534,1000.4178
1761522840566,1000.3653
1761522840607,1000.24255
1761522840646,1000.1749
1761522840687,1000.0769
1761522840726,1000.23224
1761522840779,1000.33484
1761522840806,1000.3176
1761522840852,1000.28937
1761522840885,1000.41724
1761522840930,1000.5475
1761522840971,1000.6976
1761522841010,1000.7779
1761522841048,1001.04565
1761522841090,1001.1382
1761522841127,1000.9574
1761522841173,1000.5375
1761522841207,1000.1339
1761522841254,1000.3219
1761522841285,999.8591
1761522841328,999.89374
1761522841366,1000.0189
1761522841408,1000.0689
1761522841447,1000.1714
1761522841491,1000.2436
1761522841527,1000.3541
1761522841569,1000.46436
1761522841613,1000.50134
1761522841649,1000.62646
1761522841690,1000.77435
1761522841727,1000.77435
1761522841767,1000.9343
1761522841811,1000.734
1761522841846,1000.4587
1761522841886,1000.4888
1761522841926,1000.2434
1761522841966,1000.0056
1761522842012,1000.0808
1761522842046,1000.1053
1761522842087,1000.2304
1761522842127,1000.296
1761522842173,1000.2975
1761522842207,1000.3052
1761522842247,1000.3602
1761522842291,1000.37805
1761522842326,1000.4431
1761522842366,1000.4802
1761522842406,1000.4654
1761522842446,1000.4551
1761522842490,1000.4772
1761522842538,1000.44
1761522842569,1000.37006
1761522842607,1000.34955
1761522842646,1000.4
1761522842691,1000.5397
1761522842734,1000.44226
1761522842767,1000.39685
1761522842809,1000.4025
1761522842848,1000.26245
1761522842888,1000.2994
1761522842927,1000.4521
1761522842966,1000.3646
1761522843007,1000.377
1761522843046,1000.42944
1761522843086,1000.45447
1761522843126,1000.4895
1761522843165,1000.4593
1761522843205,1000.5388
1761522843245,1000.73236
1761522843287,1000.7221
1761522843330,1000.6523
1761522843366,1000.5488
1761522843406,1000.50635
1761522843447,1000.57196
1761522843486,1000.46405
1761522843526,1000.3339
1761522843566,1000.266
1761522843605,1000.2379
1761522843645,1000.2857
1761522843688,1000.301
1761522843727,1000.38306
1761522843767,1000.48627
1761522843807,1000.5438
1761522843848,1000.60864
1761522843886,1000.77374
1761522843926,1000.8664
1761522843965,1001.01404
1761522844013,1001.09204
1761522844047,1001.01385
1761522844087,1000.8092
1761522844127,1000.5413
1761522844168,1000.57336
1761522844207,1000.1005
1761522844247,999.6448
1761522844294,999.6604
1761522844330,999.76514
1761522844366,999.9023
1761522844407,1000.1778
1761522844447,1000.2929
1761522844490,1000.3656
1761522844529,1000.4832
1761522844566,1000.59357
1761522844608,1000.6384
1761522844648,1000.7888
1761522844686,1000.7385
1761522844726,1000.5934
1761522844767,1000.3455
1761522844820,1000.2473
1761522844850,1000.1702
1761522844886,1000.2079
1761522844929,1000.2528
1761522844966,1000.36804
1761522845008,1000.363
1761522845048,1000.40063
1761522845092,1000.4309
1761522845129,1000.4679
1761522845167,1000.54065
1761522845208,1000.70514
1761522845248,1000.96375
1761522845286,1001.1665
1761522845328,1001.04865
1761522845366,1000.5732
1761522845410,1000.1002
1761522845451,1000.25244
1761522845494,999.92206
1761522845535,999.64923
1761522845568,999.9295
1761522845607,1000.1322
1761522845647,1000.23517
1761522845687,1000.2678
1761522845726,1000.3427
1761522845770,1000.4031
1761522845809,1000.5076
1761522845849,1000.6453
1761522845888,1000.55994
1761522845927,1000.55994
1761522845969,1000.5073
1761522846018,1000.3697
1761522846050,1000.29266
1761522846087,1000.3244
1761522846127,1000.365
1761522846167,1000.2844
1761522846205,1000.3625
1761522846246,1000.4021
1761522846286,1000.3946
1761522846335,1000.5697
1761522846368,1000.5871
1761522846416,1000.5499
1761522846446,1000.61487
1761522846491,1000.58435
1761522846530,1000.677
1761522846567,1000.7623
1761522846608,1000.5142
1761522846645,1000.70514
1761522846687,1000.98474
1761522846728,999.9214
1761522846768,999.5507
1761522846809,999.69586
1761522846850,999.7607
1761522846887,999.9232
1761522846926,1000.12665
1761522846966,1000.2115
1761522847005,1000.2965
1761522847046,1000.30365
1761522847087,1000.37415
1761522847127,1000.3762
1761522847170,1000.4292
1761522847206,1000.33124
1761522847247,1000.3387
1761522847290,1000.3638
1761522847326,1000.3387
1761522847373,1000.3137
1761522847413,1000.3909
1761522847448,1000.36884
1761522847488,1000.31616
1761522847538,1000.33057
1761522847568,1000.30835
1761522847611,1000.30554
1761522847653,1000.3462
1761522847686,1000.521
1761522847727,1000.82367
1761522847768,1000.9487
1761522847807,1000.9486
1761522847847,1001.1438
1761522847888,1001.2061
1761522847927,1000.99615
1761522847967,1000.42554
1761522848008,1000.0105
1761522848048,999.99255
1761522848087,998.8536
1761522848132,999.24164
1761522848171,999.7622
1761522848207,999.9824
1761522848248,1000.0653
1761522848287,1000.19214
1761522848328,1000.29987
1761522848368,1000.3572
1761522848413,1000.5332
1761522848448,1000.61554
1761522848485,1000.4575
1761522848528,1000.2645
1761522848567,1000.19196
1761522848609,1000.1995
1761522848647,1000.0695
1761522848686,1000.02454
1761522848726,1000.15
1761522848775,1000.23724
1761522848807,1000.307
1761522848854,1000.3899
1761522848885,1000.46674
1761522848926,1000.7703
1761522848968,1000.89264
1761522849008,1000.8276
1761522849051,1000.6917
1761522849086,1000.2763
1761522849126,1000.1449
1761522849172,999.92694
1761522849206,999.3656
1761522849246,999.57886
1761522849288,999.77856
1761522849335,999.9309
1761522849368,1000.0744
1761522849408,1000.154
1761522849449,1000.22375
1761522849487,1000.3513
1761522849529,1000.4743
1761522849577,1000.6417
1761522849606,1000.62164
1761522849646,1000.43896
1761522849687,1000.2682
1761522849729,999.8931
1761522849768,999.77826
1761522849807,999.97345
1761522849846,1000.0483
1761522849886,1000.144
1761522849929,1000.2438
1761522849973,1000.5261
1761522850005,1000.51404
1761522850051,1000.53357
1761522850095,1000.5109
1761522850129,1000.5913
1761522850168,1000.61615
1761522850207,1000.7285
1761522850248,1000.6236
1761522850286,1000.2782
1761522850331,1000.5787
1761522850366,1000.1282
1761522850412,999.865
1761522850448,999.5172
1761522850488,999.29724
1761522850529,999.3298
1761522850567,999.5698
1761522850607,999.78015
1761522850646,999.92773
1761522850689,1000.08276
1761522850735,1000.1273
1761522850767,1000.1828
1761522850814,1000.2199
1761522850848,1000.3574
1761522850888,1000.37256
1761522850928,1000.25305
1761522850966,1000.06726
1761522851009,1000.07764
1761522851047,1000.1853
1761522851086,1000.18494
1761522851128,1000.02716
1761522851167,1000.0396
1761522851207,1000.1222
1761522851246,1000.28986
1761522851292,1000.38257
1761522851334,1000.62524
1761522851367,1000.87006
1761522851410,1000.905
1761522851453,1000.772
1761522851488,1000.7725
1761522851525,1000.71686
1761522851566,1000.7453
1761522851607,1000.7753
1761522851649,1000.9727
1761522851687,1000.5927
1761522851727,999.4462
1761522851767,999.0083
1761522851811,998.9185
1761522851849,999.03534
1761522851885,999.3108
1761522851927,999.5135
1761522851967,999.72845
1761522852008,1000.0037
1761522852047,1000.12384
1761522852087,1000.2015
1761522852126,1000.21674
1761522852166,1000.294
1761522852206,1000.29865
1761522852250,1000.2807
1761522852286,1000.16547
1761522852331,999.921
1761522852369,1000.04553
1761522852409,1000.06366
1761522852448,1000.07135
1761522852486,1000.0386
1761522852534,1000.0687
1761522852568,1000.058
1761522852608,1000.0731
1761522852648,1000.12354
1761522852685,1000.1857
1761522852736,1000.2837
1761522852767,1000.2433
1761522852809,1000.44086
1761522852846,1000.64185
1761522852888,1000.61334
1761522852928,1000.6486
1761522852966,1000.651
1761522853009,1000.46545
1761522853045,1000.1811
1761522853085,1000.01227
1761522853127,999.5276
1761522853167,999.1493
1761522853217,999.4099
1761522853256,999.67017
1761522853287,999.79
1761522853327,999.9528
1761522853372,1000.00507
1761522853406,1000.08264
1761522853449,1000.2103
1761522853487,1000.2976
1761522853528,1000.4677
1761522853567,1000.51025
1761522853606,1000.3773
1761522853647,1000.00226
1761522853686,999.7893
1761522853726,999.8871
1761522853766,999.9144
1761522853810,999.99725
1761522853856,999.9822
1761522853897,1000.0469
1761522853928,1000.12744
1761522853969,1000.12964
1761522854007,1000.19244
1761522854046,1000.3078
1761522854087,1000.5023
1761522854127,1000.70514
1761522854166,1000.65283
1761522854211,1000.21716
1761522854248,999.76636
1761522854287,1000.0867
1761522854327,999.2863
1761522854367,999.3739
1761522854407,999.6515
1761522854446,999.9165
1761522854486,1000.0039
1761522854527,999.97974
1761522854566,1000.03656
1761522854607,1000.3391
1761522854647,1000.43445
1761522854689,1000.5095
1761522854727,1000.51685
1761522854767,1000.27405
1761522854807,1000.02167
1761522854849,999.78827
1761522854886,999.9454
1761522854931,999.7087
1761522854967,999.70844
1761522855008,999.76807
1761522855052,999.8457
1761522855087,999.8507
1761522855127,999.9037
1761522855174,999.9808
1761522855209,1000.0059
1761522855246,1000.091
1761522855287,1000.05585
1761522855326,1000.07587
1761522855370,1000.05334
1761522855411,1000.1386
1761522855448,1000.1664
1761522855496,1000.06836
1761522855526,999.97797
1761522855566,999.96576
1761522855611,1000.04333
1761522855647,1000.1761
1761522855692,1000.08545
1761522855728,1000.0234
1761522855774,999.9407
1761522855814,999.8256
1761522855846,1000.04553
1761522855889,999.8978
1761522855929,999.9175
1761522855966,1000.0027
1761522856007,1000.038
1761522856057,1000.123
1761522856094,1000.11084
1761522856137,1000.11523
1761522856175,1000.1957
1761522856207,1000.2032
1761522856258,1000.2303
1761522856286,1000.0803
1761522856326,1000.038
1761522856367,1000.09033
1761522856410,1000.04517
1761522856449,999.9526
1761522856486,999.91
1761522856535,999.9698
1761522856568,999.98755
1761522856608,1000.02454
1761522856648,1000.1099
1761522856687,1000.1396
1761522856729,1000.1804
1761522856768,1000.32477
1761522856805,1000.42993
1761522856846,1000.5876
1761522856885,1000.4224
1761522856932,1000.06464
1761522856975,999.86444
1761522857007,999.5397
1761522857046,999.3039
1761522857086,999.4891
1761522857125,999.6942
1761522857166,999.8141
1761522857206,999.89166
1761522857245,999.94916
1761522857285,1000.0571
1761522857328,1000.1994
1761522857368,1000.277
1761522857408,1000.36206
1761522857447,1000.3198
1761522857493,1000.1967
1761522857532,999.9992
1761522857573,999.94415
1761522857616,999.7168
1761522857656,999.57666
1761522857689,999.66125
1761522857737,999.78625
1761522857774,999.894
1761522857806,999.9666
1761522857851,1000.0746
1761522857891,1000.1268
1761522857931,1000.3219
1761522857969,1000.4416
1761522858006,1000.5521
1761522858047,1000.42694
1761522858088,1000.02423
1761522858128,999.8611
1761522858167,999.854
1761522858209,999.27856
1761522858247,999.39087
1761522858286,999.5533
1761522858332,999.67126
1761522858365,999.7965
1761522858406,999.896
1761522858456,1000.0041
1761522858490,1000.1213
1761522858528,1000.2263
1761522858568,1000.4518
1761522858609,1000.15656
1761522858647,999.8956
1761522858685,999.7559
1761522858725,999.70337
1761522858768,999.7434
1761522858809,999.848
1761522858847,999.90063
1761522858893,999.9207
1761522858927,999.8954
1761522858966,1000.14874
1761522859010,1000.27344
1761522859054,1000.5734
1761522859086,1000.7639
1761522859128,1000.7188
1761522859165,1000.7159
1761522859207,1000.4186
1761522859247,1000.29095
1761522859287,999.9707
1761522859329,999.223
1761522859366,998.91187
1761522859407,999.0128
1761522859445,999.195
1761522859486,999.38245
1761522859530,999.4677
1761522859572,999.6147
1761522859609,999.75024
1761522859656,999.80804
1761522859688,999.8727
1761522859728,999.90814
1761522859768,999.9932
1761522859811,1000.0808
1761522859853,1000.0507
1761522859894,999.9882
1761522859928,999.74475
1761522859966,999.74756
1761522860016,999.88025
1761522860052,999.94
1761522860087,999.93744
1761522860127,999.8353
1761522860168,999.8424
1761522860207,999.8577
1761522860249,999.985
1761522860286,1000.35815
1761522860327,1000.5204
1761522860367,1000.663
1761522860407,1000.668
1761522860450,1000.5577
1761522860489,1000.5279
1761522860527,1000.2898
1761522860566,1000.0253
1761522860610,1000.2527
1761522860647,999.6144
1761522860686,998.83875
1761522860727,998.8336
1761522860769,999.0366
1761522860807,999.2072
1761522860846,999.4268
1761522860886,999.64197
1761522860928,999.85486
1761522860967,999.9171
1761522861014,999.9193
1761522861048,999.9895
1761522861089,1000.1647
1761522861128,1000.00696
1761522861168,999.8443
1761522861207,999.8993
1761522861247,999.74945
1761522861286,999.7193
1761522861335,999.8019
1761522861367,999.7667
1761522861407,999.82733
1761522861447,999.909
1761522861487,999.9607
1761522861527,1000.06415
1761522861566,1000.2339
1761522861608,1000.3222
1761522861651,1000.43726
1761522861686,1000.52234
1761522861731,1000.40216
1761522861767,1000.00854
1761522861809,999.5613
1761522861854,999.52594
1761522861887,999.06055
1761522861929,999.2034
1761522861968,999.4709
1761522862007,999.5842
1761522862048,999.6611
1761522862089,999.7436
1761522862125,999.80585
1761522862167,999.8861
1761522862208,999.94867
1761522862254,1000.07666
1761522862287,1000.08374
1761522862326,1000.09827
1761522862366,999.981
1761522862407,999.7305
1761522862460,999.8061
1761522862487,999.7653
1761522862525,999.7712
1761522862570,999.71094
1761522862612,999.7008
1761522862646,999.75287
1761522862688,999.80853
1761522862727,999.8684
1761522862767,999.9712
1761522862815,1000.00525
1761522862846,1000.09076
1761522862886,1000.28625
1761522862925,1000.3635
1761522862965,1000.3758
1761522863006,1000.4561
1761522863047,1000.2908
1761522863087,999.938
1761522863126,999.6032
1761522863166,999.96045
1761522863206,999.29224
1761522863246,999.17487
1761522863285,999.21735
1761522863325,999.2225
1761522863366,999.4327
1761522863410,999.55023
1761522863451,999.635
1761522863486,999.73236
1761522863526,999.75775
1761522863565,999.7572
1761522863605,999.8123
1761522863645,999.8702
1761522863685,999.8254
1761522863725,999.8346
1761522863767,999.82764
1761522863807,999.8123
1761522863851,999.82495
1761522863887,999.8722
1761522863926,999.88245
1761522863967,999.8797
1761522864007,999.8599
1761522864049,999.8449
1761522864088,999.8646
1761522864128,999.9227
1761522864167,999.81476
1761522864209,999.80963
1761522864251,999.9475
1761522864293,1000.1055
1761522864327,1000.3558
1761522864365,1000.60596
1761522864405,1000.6183
1761522864446,1000.7237
1761522864490,1000.681
1761522864527,1000.416
1761522864567,999.8977
1761522864607,1000.04803
1761522864649,999.81305
1761522864686,998.82733
1761522864727,998.81915
1761522864768,999.02203
1761522864807,999.0453
1761522864845,999.2318
1761522864888,999.5531
1761522864928,999.77563
1761522864968,999.8604
1761522865009,999.87775
1761522865054,999.9104
1761522865086,1000.0711
1761522865125,1000.05255
1761522865168,999.8882
1761522865206,999.7678
1761522865247,999.62476
1761522865288,999.62024
1761522865327,999.7277
1761522865371,999.7204
1761522865406,999.7045
1761522865454,999.8303
1761522865488,999.86774
1761522865530,999.86743
1761522865569,1000.01544
1761522865609,1000.1632
1761522865657,1000.3783
1761522865694,1000.3783
1761522865728,1000.21063
1761522865772,999.8811
1761522865806,999.7449
1761522865847,999.5477
1761522865885,998.9824
1761522865925,999.15234
1761522865968,999.3975
1761522866008,999.5178
1761522866048,999.63025
1761522866095,999.69556
1761522866130,999.8303
1761522866169,999.89044
1761522866206,1000.0135
1761522866248,1000.0934
1761522866289,1000.0055
1761522866335,999.8354
1761522866371,999.64276
1761522866407,999.64294
1761522866451,999.5301
1761522866487,999.5697
1761522866526,999.62036
1761522866567,999.6401
1761522866614,999.73486
1761522866651,999.75024
1761522866688,999.74255
1761522866726,999.8278
1761522866768,999.9227
1761522866817,1000.0023
1761522866851,1000.2876
1761522866892,1000.32806
1761522866932,1000.34515
1761522866966,1000.12
1761522867009,999.75024
1761522867049,1000.0683
1761522867086,999.13226
1761522867125,999.1269
1761522867170,999.16724
1761522867208,999.14154
1761522867249,999.2994
1761522867289,999.42694
1761522867332,999.517
1761522867368,999.6177
1761522867408,999.61017
1761522867446,999.63763
1761522867485,999.6727
1761522867525,999.7152
1761522867567,999.71234
1761522867615,999.7246
1761522867649,999.7547
1761522867692,999.7447
1761522867726,999.75037
1761522867768,999.7424
1761522867811,999.7395
1761522867845,999.7678
1761522867886,999.7598
1761522867936,999.6721
1761522867975,999.5669
1761522868015,999.6821
1761522868051,999.69977
1761522868086,999.7722
1761522868128,999.76483
1761522868177,999.72485
1761522868206,999.7073
1761522868250,999.6147
1761522868287,999.59686
1761522868336,999.81714
1761522868367,999.78955
1761522868407,999.6396
1761522868449,999.51196
1761522868495,999.6601
1761522868529,999.54126
1761522868566,999.68964
1761522868607,999.697
1761522868655,999.682
1761522868691,999.7416
1761522868727,999.7766
1761522868766,999.8371
1761522868806,999.8196
1761522868846,999.8574
1761522868887,999.8547
1761522868927,999.83673
1761522868973,999.68726
1761522869019,999.6939
1761522869049,999.69415
1761522869087,999.72455
1761522869127,999.67456
1761522869167,999.5539
1761522869207,999.6196
1761522869253,999.62665
1761522869288,999.7615
1761522869326,999.8343
1761522869367,999.91907
1761522869410,1000.06445
1761522869458,1000.1898
1761522869487,1000.2565
1761522869529,1000.1644
1761522869568,999.77954
1761522869607,999.72205
1761522869646,999.3088
1761522869689,998.81305
1761522869726,999.03375
1761522869768,999.27856
1761522869809,999.39343
1761522869848,999.50134
1761522869889,999.62604
1761522869929,999.7241
1761522869976,999.7941
1761522870008,999.90424
1761522870045,1000.0248
1761522870092,999.9344
1761522870125,999.6892
1761522870182,999.3563
1761522870209,999.38116
1761522870256,999.5019
1761522870288,999.481
1761522870334,999.48627
1761522870369,999.5235
1761522870408,999.652
1761522870449,999.6115
1761522870485,999.6186
1761522870527,999.75366
1761522870568,999.8337
1761522870615,999.99634
1761522870649,1000.1385
1761522870690,1000.24646
1761522870733,1000.05164
1761522870779,999.7662
1761522870807,999.91125
1761522870845,999.2883
1761522870889,998.81757
1761522870934,999.00854
1761522870966,999.1004
1761522871011,999.24994
1761522871046,999.40845
1761522871086,999.5235
1761522871127,999.6461
1761522871170,999.76337
1761522871206,999.7887
1761522871248,999.93634
1761522871286,999.921
1761522871335,999.6811
1761522871375,999.3304
1761522871410,999.39087
1761522871450,999.3956
1761522871487,999.4409
1761522871531,999.42505
1761522871565,999.5009
1761522871614,999.6158
1761522871656,999.6708
1761522871698,999.74835
1761522871737,999.9233
1761522871768,1000.0239
1761522871806,1000.06555
1761522871853,1000.10864
1761522871886,1000.0639
1761522871926,999.9535
1761522871966,999.5857
1761522872014,999.92633
1761522872047,999.2054
1761522872097,998.97534
1761522872128,998.9126
1761522872167,998.9602
1761522872207,999.09485
1761522872245,999.2078
1761522872289,999.32336
1761522872331,999.41296
1761522872366,999.5182
1761522872406,999.5282
1761522872449,999.50806
1761522872495,999.49255
1761522872535,999.51056
1761522872566,999.5681
1761522872606,999.5532
1761522872646,999.52014
1761522872692,999.53314
1761522872734,999.60065
1761522872767,999.6431
1761522872807,999.6306
1761522872854,999.5954
1761522872889,999.5924
1761522872932,999.6477
1761522872966,999.6399
1761522873009,999.54767
1761522873059,999.50006
1761522873086,999.56323
1761522873126,999.6704
1761522873171,999.9429
1761522873216,999.918
1761522873246,1000.01514
1761522873288,1000.09814
1761522873337,1000.17053
1761522873369,1000.07056
1761522873416,1000.0005
1761522873448,999.92267
1761522873491,999.3875
1761522873525,998.90216
1761522873568,998.6346
1761522873617,998.79974
1761522873648,999.04956
1761522873696,999.2326
1761522873726,999.38477
1761522873768,999.5028
1761522873819,999.59485
1761522873847,999.5896
1761522873887,999.6071
1761522873937,999.6954
1761522873967,999.6672
1761522874007,999.62744
1761522874050,999.41705
1761522874086,999.39514
1761522874127,999.45276
1761522874167,999.4119
1761522874210,999.42206
1761522874254,999.502
1761522874286,999.53705
1761522874327,999.6154
1761522874367,999.7372
1761522874407,999.8401
1761522874448,1000.0899
1761522874495,1000.2275
1761522874526,1000.04346
1761522874570,999.733
1761522874607,999.452
1761522874647,999.21716
1761522874687,998.8191
1761522874727,998.90643
1761522874779,999.1421
1761522874812,999.26697
1761522874849,999.37476
1761522874887,999.4545
1761522874926,999.51483
1761522874971,999.6446
1761522875005,999.7947
1761522875045,999.8469
1761522875093,999.8795
1761522875133,999.79724
1761522875172,999.5771
1761522875210,999.3287
1761522875254,999.2544
1761522875297,999.20654
1761522875329,999.3166
1761522875365,999.3923
1761522875408,999.41425
1761522875448,999.45703
1761522875489,999.5271
1761522875530,999.5543
1761522875568,999.6264
1761522875606,999.79706
1761522875649,999.87225
1761522875689,1000.0296
1761522875725,1000.0821
1761522875765,1000.0547
1761522875811,999.93665
1761522875856,999.9921
1761522875888,999.4763
1761522875927,999.06396
1761522875971,998.7358
1761522876007,998.65826
1761522876052,998.87335
1761522876091,999.1136
1761522876128,999.2712
1761522876166,999.3638
1761522876211,999.55634
1761522876247,999.62366
1761522876289,999.88654
1761522876330,999.9766
1761522876371,999.9041
1761522876408,999.7187
1761522876451,999.5193
1761522876486,999.47375
1761522876528,999.20154
1761522876570,999.2491
1761522876606,999.26154
1761522876646,999.36597
1761522876696,999.33344
1761522876726,999.30615
1761522876768,999.2357
1761522876810,999.35913
1761522876855,999.51135
1761522876894,999.5263
1761522876925,999.47675
1761522876967,999.5436
1761522877008,999.49335
1761522877050,999.4183
1761522877088,999.43384
1761522877127,999.56384
1761522877171,999.5831
1761522877207,999.4743
1761522877255,999.3684
1761522877287,999.2759
1761522877329,999.31116
1761522877365,999.42126
1761522877419,999.4785
1761522877455,999.5488
1761522877487,999.5184
1761522877527,999.4485
1761522877569,999.48376
1761522877606,999.71576
1761522877645,999.7035
1761522877694,999.6707
1761522877725,999.66846
1761522877766,999.5611
1761522877808,999.5589
1761522877854,999.55096
1761522877887,999.4179
1761522877933,999.36127
1761522877971,999.44586
1761522878005,999.5536
1761522878045,999.5606
1761522878095,999.50085
1761522878131,999.48883
1761522878167,999.43286
1761522878209,999.3879
1761522878251,999.48303
1761522878287,999.4609
1761522878333,999.5631
1761522878366,999.56134
1761522878408,999.51086
1761522878446,999.62573
1761522878489,999.8357
1761522878530,999.93866
1761522878567,999.9883
1761522878612,999.9908
1761522878646,999.9079
1761522878689,999.706
1761522878730,999.3708
1761522878765,999.28265
1761522878805,999.0226
1761522878846,998.815
1761522878890,999.0051
1761522878939,999.1552
1761522878967,999.2152
1761522879008,999.2976
1761522879047,999.4054
1761522879090,999.5059
1761522879129,999.53265
1761522879169,999.7085
1761522879205,999.8179
1761522879248,999.9631
1761522879295,999.9107
1761522879334,999.8258
1761522879368,999.62286
1761522879409,999.50555
1761522879455,999.4204
1761522879492,999.25287
1761522879537,999.03766
1761522879565,999.0878
1761522879617,999.22284
1761522879651,999.22015
1761522879687,999.258
1761522879735,999.36255
1761522879766,999.4779
1761522879813,999.53796
1761522879849,999.56757
1761522879886,999.64526
1761522879925,999.8404
1761522879968,999.81525
1761522880007,999.8479
1761522880048,999.73315
1761522880094,999.4075
1761522880129,999.45276
1761522880169,998.7645
1761522880207,998.6646
1761522880246,998.92505
1761522880286,999.15485
1761522880333,999.2978
1761522880367,999.3371
1761522880407,999.3744
1761522880448,999.6199
1761522880497,999.6806
1761522880534,999.738
1761522880567,999.6679
1761522880611,999.51544
1761522880656,999.62787
1761522880689,999.4322
1761522880726,999.21484
1761522880773,999.1873
1761522880810,999.18744
1761522880861,999.15924
1761522880890,999.205
1761522880926,999.38776
1761522880968,999.4625
1761522881008,999.395
1761522881046,999.5348
1761522881086,999.55225
1761522881127,999.4572
1761522881167,999.2743
1761522881207,999.4372
1761522881251,999.5002
1761522881289,999.31744
1761522881331,999.2825
1761522881374,999.3194
1761522881408,999.0899
1761522881454,999.23706
1761522881485,999.3239
1761522881541,999.4202
1761522881572,999.4294
1761522881607,999.40015
1761522881654,999.3143
1761522881692,999.3371
1761522881729,999.3568
1761522881768,999.3974
1761522881807,999.4497
1761522881845,999.4897
1761522881887,999.48474
1761522881928,999.4294
1761522881971,999.4394
1761522882009,999.3844
1761522882054,999.2593
1761522882086,999.35187
1761522882132,999.5845
1761522882168,999.572
1761522882215,999.62476
1761522882247,999.9475
1761522882290,1000.0147
1761522882327,999.9417
1761522882376,999.7117
1761522882407,999.2368
1761522882446,999.0966
1761522882487,999.1163
1761522882526,998.6314
1761522882566,998.7886
1761522882611,998.9941
1761522882655,999.03674
1761522882695,999.13873
1761522882728,999.2067
1761522882768,999.3269
1761522882809,999.40186
1761522882846,999.3539
1761522882886,999.4394
1761522882925,999.4614
1761522882965,999.40186
1761522883015,999.2713
1761522883052,999.1535
1761522883087,999.1117
1761522883134,999.14874
1761522883166,999.2343
1761522883207,999.3619
1761522883257,999.34143
1761522883288,999.3443
1761522883325,999.5019
1761522883367,999.71204
1761522883410,1000.09937
1761522883448,1000.1166
1761522883494,1000.02405
1761522883528,1000.0443
1761522883570,999.69666
1761522883609,999.2713
1761522883646,999.17126
1761522883685,998.3933
1761522883726,998.28577
1761522883766,998.5031
1761522883808,998.69354
1761522883856,998.8887
1761522883887,999.03625
1761522883927,999.1635
1761522883968,999.45447
1761522884009,999.3962
1761522884045,999.5165
1761522884085,999.6316
1761522884125,999.4015
1761522884169,999.276
1761522884215,999.1138
1761522884254,998.91583
1761522884287,998.9955
1761522884339,999.09344
1761522884374,999.12134
1761522884417,999.12854
1761522884448,999.19635
1761522884486,999.2643
1761522884529,999.40643
1761522884567,999.3736
1761522884609,999.3939
1761522884647,999.6563
1761522884686,999.711
1761522884729,999.6791
1761522884769,999.1232
1761522884807,998.9709
1761522884854,998.9084
1761522884887,998.70825
1761522884928,998.97296
1761522884968,999.13306
1761522885018,998.97296
1761522885047,998.9956
1761522885100,999.0906
1761522885129,999.09344
1761522885166,999.11346
1761522885206,999.14624
1761522885245,999.12305
1761522885287,999.17065
1761522885326,999.1886
1761522885366,999.11096
1761522885414,999.09296
1761522885448,999.18353
1761522885488,999.1987
1761522885532,999.1806
1761522885566,999.176
1761522885605,999.1435
1761522885645,999.14557
1761522885688,999.2361
1761522885732,999.2653
1761522885767,999.3183
1761522885815,999.2886
1761522885855,999.20807
1761522885888,999.17303
1761522885929,999.1535
1761522885968,999.2031
1761522886008,999.3607
1761522886045,999.16815
1761522886089,999.06244
1761522886132,999.0477
1761522886166,999.135
1761522886208,999.13055
1761522886253,999.225
1761522886286,999.2436
1761522886331,999.2358
1761522886368,999.29834
1761522886408,999.3231
1761522886447,999.31256
1761522886487,999.28534
1761522886538,999.2076
1761522886567,999.105
1761522886606,999.0344
1761522886647,999.08044
1761522886691,999.1145
1761522886730,999.13025
1761522886766,999.1532
1761522886807,999.1931
1761522886851,999.1502
1761522886890,999.17
1761522886928,999.165
1761522886974,999.13947
1761522887014,999.176
1761522887046,999.2035
1761522887087,999.19275
1761522887131,999.1725
1761522887169,999.1546
1761522887210,999.1395
1761522887249,999.15814
1761522887289,999.1702
1761522887326,999.1531
1761522887370,999.1475
1761522887406,999.145
1761522887447,999.1506
1761522887488,999.1328
1761522887525,999.155
1761522887568,999.20807
1761522887606,999.16205
1761522887653,999.1245
1761522887688,999.1575
1761522887729,999.1506
1761522887784,999.1219
1761522887805,999.1
1761522887845,999.11993
1761522887885,999.1002
1761522887925,999.062
1761522887965,999.07806
1761522888006,999.18555
1761522888046,999.3847
1761522888086,999.30505
1761522888126,999.3157
1761522888165,999.3362
1761522888205,999.163
1761522888245,999.03564
1761522888285,999.0009
1761522888325,998.97546
1761522888365,999.0287
1761522888407,999.0737
1761522888446,999.16376
1761522888486,999.23206
1761522888526,999.15204
1761522888566,999.11444
1761522888605,999.0924
1761522888644,999.0401
1761522888685,999.15283
1761522888725,999.25073
1761522888766,999.0807
1761522888806,998.9914
1761522888846,999.0792
1761522888885,998.9764
1761522888925,999.00916
1761522888965,999.52783
1761522889005,999.38513
1761522889045,999.04236
1761522889085,998.86273
1761522889126,998.82275
1761522889166,998.9035
1761522889206,998.9765
1761522889246,999.3125
1761522889285,999.8649
1761522889325,999.38275
1761522889365,998.9704
1761522889405,998.8407
1761522889445,998.90906
1761522889485,999.0364
1761522889526,999.0842
1761522889566,999.0896
1761522889606,998.92523
1761522889645,998.9177
1761522889685,999.0656
1761522889725,999.10657
1761522889765,999.09656
1761522889805,999.10693
1761522889845,999.0175
1761522889886,999.0552
1761522889926,999.3514
1761522889966,999.30383
1761522890006,998.91626
1761522890045,999.1094
1761522890085,999.0343
1761522890125,998.96436
1761522890164,999.02325
1761522890205,998.918
1761522890245,998.94653
1761522890286,999.02673
1761522890326,999.0926
1761522890366,999.05005
1761522890406,999.1834
1761522890445,999.13086
1761522890485,998.93115
1761522890525,999.0189
1761522890565,999.0925
1761522890605,999.10736
1761522890659,999.0627
1761522890686,999.056
1761522890727,999.144
1761522890766,999.13165
1761522890805,999.14667
1761522890846,999.1678
1761522890885,999.2156
1761522890925,999.23364
1761522890964,999.05865
1761522891005,998.97186
1761522891046,999.0045
1761522891086,999.09467
1761522891127,999.12006
1761522891167,999.0411
1761522891205,999.0214
1761522891245,999.0541
1761522891285,999.0642
1761522891325,999.0729
1761522891366,999.0553
1761522891406,999.10626
1761522891447,999.1144
1761522891487,999.0316
1761522891527,999.01514
1761522891567,999.08026
1761522891607,998.9812
1761522891646,998.907
1761522891686,998.96924
1761522891725,998.9751
1761522891765,999.0084
1761522891806,999.06604
1761522891846,999.06915
1761522891887,999.05945
1761522891927,999.027
1761522891966,999.07513
1761522892007,999.1077
1761522892048,999.17896
1761522892086,999.13165
1761522892125,999.0723
1761522892166,999.1255
1761522892206,998.9832
1761522892246,998.8883
1761522892286,998.9486
1761522892328,999.0002
1761522892367,998.97
1761522892406,999.00507
1761522892446,999.0183
1761522892485,998.9984
1761522892525,999.00903
1761522892566,998.9942
1761522892608,999.01
1761522892647,998.98517
1761522892687,999.0607
1761522892726,999.0383
1761522892765,999.1786
