1760985861851,1004.14825
1760985861870,1004.16046
1760985861891,1004.1307
1760985861911,1004.0865
1760985861930,1004.125
1760985861950,1004.1278
1760985861970,1004.1222
1760985861991,1004.1836
1760985862011,1004.25964
1760985862030,1004.20764
1760985862050,1004.2239
1760985862070,1004.22986
1760985862091,1004.3112
1760985862111,1004.33215
1760985862131,1004.3581
1760985862150,1004.3714
1760985862170,1004.3091
1760985862190,1004.29877
1760985862210,1004.13763
1760985862231,1004.1014
1760985862252,1004.10315
1760985862270,1004.2261
1760985862290,1004.34937
1760985862310,1004.3005
1760985862332,1004.29877
1760985862351,1004.27405
1760985862371,1004.2978
1760985862390,1004.3173
1760985862411,1004.34094
1760985862430,1004.35736
1760985862451,1004.3525
1760985862471,1004.34033
1760985862490,1004.3259
1760985862511,1004.2617
1760985862530,1004.22815
1760985862551,1004.1392
1760985862571,1004.1081
1760985862590,1004.075
1760985862611,1004.1195
1760985862630,1004.0637
1760985862650,1004.0756
1760985862671,1004.0675
1760985862691,1004.05475
1760985862710,1004.0513
1760985862731,1004.0559
1760985862750,1003.9934
1760985862771,1004.0022
1760985862792,1004.014
1760985862811,1003.97485
1760985862830,1003.96356
1760985862850,1003.9853
1760985862870,1003.9972
1760985862891,1003.9878
1760985862911,1003.94305
1760985862930,1003.9933
1760985862950,1003.9922
1760985862970,1004.0608
1760985862991,1004.0734
1760985863011,1004.0878
1760985863031,1004.12714
1760985863050,1004.1328
1760985863070,1004.15094
1760985863090,1004.1752
1760985863111,1004.16425
1760985863131,1004.1392
1760985863150,1004.1188
1760985863170,1004.0742
1760985863190,1004.0547
1760985863210,1004.01544
1760985863231,1003.9858
1760985863251,1004.0389
1760985863270,1004.0541
1760985863291,1004.0758
1760985863311,1004.0822
1760985863331,1004.09906
1760985863351,1004.0583
1760985863370,1004.0878
1760985863390,1004.1267
1760985863411,1004.1306
1760985863430,1004.10376
1760985863451,1004.0489
1760985863471,1004.0247
1760985863491,1003.9836
1760985863510,1003.96545
1760985863530,1003.97186
1760985863550,1003.9847
1760985863571,1003.94525
1760985863590,1004.02893
1760985863611,1004.1447
1760985863630,1004.31903
1760985863650,1004.3808
1760985863671,1004.35364
1760985863691,1004.29974
1760985863710,1004.258
1760985863730,1004.2703
1760985863750,1004.29706
1760985863771,1004.3053
1760985863797,1004.28015
1760985863811,1004.32513
1760985863830,1004.3975
1760985863851,1004.59375
1760985863870,1005.1177
1760985863891,1005.7563
1760985863911,1005.85284
1760985863931,1005.63
1760985863950,1005.46985
1760985863971,1005.3761
1760985863991,1005.27795
1760985864011,1005.2456
1760985864031,1005.2381
1760985864050,1005.15674
1760985864070,1005.0781
1760985864091,1004.97424
1760985864111,1004.8335
1760985864131,1004.627
1760985864150,1004.45935
1760985864170,1004.3872
1760985864190,1004.377
1760985864210,1004.3136
1760985864231,1004.2383
1760985864251,1004.061
1760985864271,1003.97
1760985864291,1003.96826
1760985864310,1003.9327
1760985864331,1003.91626
1760985864351,1003.93994
1760985864370,1003.96454
1760985864390,1003.9808
1760985864410,1003.9861
1760985864430,1003.95404
1760985864451,1003.9528
1760985864472,1003.9362
1760985864491,1003.9401
1760985864511,1003.9536
1760985864531,1004.0037
1760985864551,1003.97986
1760985864572,1004.03424
1760985864593,1004.06555
1760985864611,1004.05
1760985864631,1004.0506
1760985864650,1004.0605
1760985864671,1004.0645
1760985864691,1004.0594
1760985864710,1004.0591
1760985864730,1004.1194
1760985864750,1004.1144
1760985864771,1004.1181
1760985864791,1004.09375
1760985864812,1004.10077
1760985864831,1004.1295
1760985864851,1004.1417
1760985864871,1004.1312
1760985864891,1004.1106
1760985864912,1004.09125
1760985864931,1004.0786
1760985864951,1004.10266
1760985864971,1004.1594
1760985864991,1004.2028
1760985865011,1004.21
1760985865031,1004.21594
1760985865050,1004.22205
1760985865070,1004.2358
1760985865091,1004.22955
1760985865111,1004.1997
1760985865131,1004.2272
1760985865151,1004.28064
1760985865170,1004.2531
1760985865190,1004.2427
1760985865211,1004.2502
1760985865231,1004.25977
1760985865251,1004.20264
1760985865271,1004.27325
1760985865291,1004.28314
1760985865310,1004.2411
1760985865331,1004.27405
1760985865351,1004.2495
1760985865370,1004.3102
1760985865391,1004.34576
1760985865410,1004.3741
1760985865430,1004.385
1760985865451,1004.3605
1760985865471,1004.3889
1760985865490,1004.3869
1760985865510,1004.45044
1760985865530,1004.46826
1760985865551,1004.4936
1760985865571,1004.4495
1760985865590,1004.3878
1760985865611,1004.42017
1760985865630,1004.4478
1760985865650,1004.47205
1760985865671,1004.4978
1760985865691,1004.48517
1760985865711,1004.4772
1760985865731,1004.46155
1760985865750,1004.4966
1760985865771,1004.4895
1760985865798,1004.4902
1760985865811,1004.4608
1760985865830,1004.3873
1760985865850,1004.3616
1760985865870,1004.3656
1760985865891,1004.3095
1760985865911,1004.29395
1760985865930,1004.34344
1760985865951,1004.3764
1760985865970,1004.35565
1760985865990,1004.39233
1760985866011,1004.5056
1760985866031,1004.52563
1760985866050,1004.5717
1760985866070,1004.65826
1760985866090,1004.7425
1760985866111,1004.874
1760985866131,1004.9556
1760985866150,1004.8125
1760985866170,1004.5641
1760985866190,1004.52295
1760985866211,1004.52515
1760985866230,1004.4267
1760985866251,1004.4338
1760985866270,1004.41315
1760985866290,1004.40765
1760985866310,1004.28906
1760985866331,1004.22076
1760985866351,1004.34515
1760985866371,1004.38153
1760985866390,1004.39453
1760985866411,1004.3781
1760985866430,1004.41797
1760985866451,1004.45264
1760985866471,1004.48596
1760985866491,1004.5164
1760985866511,1004.40717
1760985866530,1004.3627
1760985866551,1004.40125
1760985866571,1004.4612
1760985866592,1004.4308
1760985866611,1004.39124
1760985866631,1004.40594
1760985866651,1004.40924
1760985866671,1004.4114
1760985866692,1004.4308
1760985866710,1004.4556
1760985866731,1004.45685
1760985866751,1004.4472
1760985866771,1004.41064
1760985866792,1004.40875
1760985866812,1004.39514
1760985866831,1004.5375
1760985866851,1004.71985
1760985866872,1004.8837
1760985866892,1005.1339
1760985866913,1005.0896
1760985866930,1005.1083
1760985866950,1005.1764
1760985866971,1006.08545
1760985866991,1006.5211
1760985867011,1005.86975
1760985867031,1005.09015
1760985867051,1004.97485
1760985867071,1004.8875
1760985867091,1004.84467
1760985867110,1004.812
1760985867131,1004.78485
1760985867151,1004.6717
1760985867171,1004.6141
1760985867191,1004.6175
1760985867211,1004.63654
1760985867231,1004.6706
1760985867251,1004.69763
1760985867271,1004.64825
1760985867290,1004.6384
1760985867310,1004.5817
1760985867331,1004.64813
1760985867351,1004.7597
1760985867371,1004.8105
1760985867391,1004.83044
1760985867411,1004.7978
1760985867431,1004.6788
1760985867451,1004.757
1760985867471,1004.73413
1760985867491,1004.6802
1760985867510,1004.6283
1760985867531,1004.57904
1760985867551,1004.5364
1760985867572,1004.27997
1760985867592,1004.1582
1760985867611,1004.14154
1760985867631,1004.07904
1760985867651,1004.16547
1760985867671,1004.2903
1760985867691,1004.3212
1760985867712,1004.3148
1760985867731,1004.318
1760985867751,1004.1003
1760985867771,1003.9931
1760985867794,1003.9973
1760985867811,1004.03156
1760985867830,1003.95154
1760985867850,1003.8745
1760985867870,1003.8261
1760985867890,1003.7922
1760985867911,1003.8169
1760985867931,1003.874
1760985867950,1003.96185
1760985867970,1003.96796
1760985867990,1004.0002
1760985868011,1003.992
1760985868031,1004.037
1760985868050,1004.04095
1760985868070,1004.09595
1760985868090,1004.0552
1760985868111,1004.08466
1760985868131,1004.07733
1760985868151,1004.0733
1760985868170,1004.08856
1760985868190,1004.0608
1760985868210,1004.02936
1760985868231,1004.03314
1760985868252,1004.03326
1760985868270,1004.15436
1760985868291,1004.3961
1760985868311,1004.5002
1760985868331,1004.5612
1760985868351,1004.58954
1760985868372,1004.67175
1760985868390,1004.6703
1760985868411,1004.5711
1760985868430,1004.4794
1760985868451,1004.35956
1760985868471,1004.24603
1760985868490,1004.1194
1760985868511,1004.0753
1760985868530,1004.0181
1760985868551,1003.96484
1760985868572,1003.9059
1760985868591,1003.85535
1760985868611,1003.8205
1760985868631,1003.8878
1760985868651,1004.15173
1760985868671,1004.2518
1760985868691,1004.52484
1760985868712,1004.4242
1760985868730,1004.2355
1760985868750,1004.2092
1760985868770,1004.3073
1760985868792,1004.3668
1760985868812,1004.4707
1760985868831,1004.4611
1760985868851,1004.4437
1760985868871,1004.4567
1760985868891,1004.4222
1760985868912,1004.35846
1760985868931,1004.28345
1760985868950,1004.1923
1760985868971,1004.1163
1760985868991,1004.0756
1760985869010,1004.0792
1760985869031,1004.1239
1760985869051,1004.41156
1760985869070,1004.7736
1760985869090,1004.955
1760985869111,1004.6905
1760985869131,1004.3701
1760985869152,1004.2795
1760985869171,1004.2903
1760985869191,1004.42017
1760985869210,1004.46344
1760985869231,1004.45264
1760985869252,1004.4075
1760985869270,1004.21857
1760985869291,1004.1116
1760985869311,1004.065
1760985869331,1004.0417
1760985869352,1003.9572
1760985869371,1003.90704
1760985869390,1003.9386
1760985869411,1004.0089
1760985869431,1004.2447
1760985869451,1004.4841
1760985869471,1004.5003
1760985869492,1004.32184
1760985869511,1004.40424
1760985869531,1004.54126
1760985869551,1004.4506
1760985869571,1004.33954
1760985869591,1004.2703
1760985869611,1004.2495
1760985869631,1004.3164
1760985869651,1004.33514
1760985869671,1004.29266
1760985869691,1004.2166
1760985869712,1004.2082
1760985869731,1004.1678
1760985869751,1004.13763
1760985869771,1004.2589
1760985869794,1004.4611
1760985869811,1005.02795
1760985869830,1004.9888
1760985869850,1004.9948
1760985869870,1004.7395
1760985869891,1004.52545
1760985869911,1004.5401
1760985869931,1004.4928
1760985869951,1004.33203
1760985869970,1004.3766
1760985869991,1004.26874
1760985870010,1004.21466
1760985870031,1004.1489
1760985870050,1004.1273
1760985870071,1004.0552
1760985870091,1003.9797
1760985870111,1003.9003
1760985870131,1003.9014
1760985870151,1004.0736
1760985870171,1004.40814
1760985870191,1004.8845
1760985870211,1004.8162
1760985870231,1004.3756
1760985870251,1004.3286
1760985870271,1004.35986
1760985870291,1004.4772
1760985870311,1004.45984
1760985870331,1004.36096
1760985870351,1004.28064
1760985870371,1004.26935
1760985870390,1004.21826
1760985870410,1004.1756
1760985870430,1004.1022
1760985870450,1004.07654
1760985870471,1004.0714
1760985870491,1004.1151
1760985870510,1004.26825
1760985870531,1004.47375
1760985870551,1005.8986
1760985870571,1004.9316
1760985870592,1005.02203
1760985870611,1004.9169
1760985870631,1004.65674
1760985870650,1004.60187
1760985870671,1004.4889
1760985870692,1004.4864
1760985870711,1004.5153
1760985870731,1004.27594
1760985870751,1004.053
1760985870771,1003.96606
1760985870791,1003.9481
1760985870812,1003.9511
1760985870832,1003.9522
1760985870850,1003.91345
1760985870870,1003.96356
1760985870891,1004.13794
1760985870912,1004.46155
1760985870931,1004.53925
1760985870950,1004.2992
1760985870970,1004.2589
1760985870990,1004.3141
1760985871011,1004.40045
1760985871031,1004.49243
1760985871051,1004.36053
1760985871071,1004.2473
1760985871090,1004.20874
1760985871111,1004.1877
1760985871131,1004.1441
1760985871151,1004.0767
1760985871171,1004.1058
1760985871190,1004.09344
1760985871211,1004.09344
1760985871231,1004.2484
1760985871251,1004.5439
1760985871272,1008.7577
1760985871291,1005.2392
1760985871311,1005.1886
1760985871331,1004.85657
1760985871351,1004.52625
1760985871372,1004.57666
1760985871391,1004.5658
1760985871411,1004.52765
1760985871430,1004.28625
1760985871450,1004.1155
1760985871471,1004.0089
1760985871491,1003.94885
1760985871510,1003.9114
1760985871530,1003.9494
1760985871550,1003.9398
1760985871571,1003.8781
1760985871593,1004.03467
1760985871611,1004.46484
1760985871631,1004.59296
1760985871651,1004.72845
1760985871671,1004.1811
1760985871691,1004.23267
1760985871712,1004.5556
1760985871731,1004.33826
1760985871750,1004.34344
1760985871770,1004.21375
1760985871796,1004.1413
1760985871811,1004.1083
1760985871831,1004.09314
1760985871850,1004.1233
1760985871870,1004.1361
1760985871890,1004.1403
1760985871911,1004.1636
1760985871931,1004.21234
1760985871950,1004.39624
1760985871970,1004.53674
1760985871991,1006.7436
1760985872010,1005.09406
1760985872031,1005.10876
1760985872051,1004.8611
1760985872070,1004.6103
1760985872090,1004.47595
1760985872110,1004.4309
1760985872130,1004.47064
1760985872151,1004.26544
1760985872170,1004.122
1760985872191,1003.96545
1760985872211,1003.91766
1760985872231,1003.9484
1760985872251,1003.9572
1760985872272,1003.9245
1760985872291,1003.8742
1760985872311,1004.15845
1760985872330,1004.6344
1760985872351,1004.4358
1760985872371,1004.18896
1760985872390,1004.15936
1760985872411,1004.18915
1760985872430,1004.20404
1760985872450,1004.4922
1760985872471,1004.4439
1760985872492,1004.3108
1760985872511,1004.22876
1760985872530,1004.15186
1760985872551,1004.0861
1760985872571,1004.08923
1760985872591,1004.1331
1760985872612,1004.0967
1760985872630,1004.1117
1760985872651,1004.17267
1760985872671,1004.39044
1760985872691,1004.6914
1760985872711,1004.84827
1760985872730,1005.03345
1760985872751,1004.95844
1760985872772,1004.6936
1760985872792,1004.4917
1760985872812,1004.3386
1760985872832,1004.39594
1760985872851,1004.4492
1760985872871,1004.26825
1760985872891,1004.1155
1760985872911,1004.02875
1760985872931,1003.9725
1760985872950,1003.9925
1760985872970,1003.96796
1760985872990,1003.9286
1760985873010,1004.1061
1760985873031,1004.559
1760985873052,1004.5578
1760985873070,1004.3212
1760985873090,1004.1461
1760985873110,1004.2475
1760985873131,1004.34174
1760985873151,1004.4692
1760985873171,1004.4391
1760985873191,1004.3139
1760985873211,1004.2528
1760985873230,1004.1928
1760985873251,1004.13043
1760985873272,1004.0854
1760985873291,1004.1116
1760985873311,1004.075
1760985873331,1004.1295
1760985873351,1004.1697
1760985873372,1004.4327
1760985873392,1004.80676
1760985873411,1004.83093
1760985873431,1004.90576
1760985873450,1004.6922
1760985873471,1004.5167
1760985873491,1004.3187
1760985873511,1004.4844
1760985873531,1004.6889
1760985873551,1004.5553
1760985873571,1004.2053
1760985873592,1004.0433
1760985873611,1003.9868
1760985873631,1004.0044
1760985873651,1004.0497
1760985873671,1004.0045
1760985873691,1003.9589
1760985873711,1004.0502
1760985873731,1004.41345
1760985873750,1004.70184
1760985873771,1004.58203
1760985873790,1004.21747
1760985873811,1004.24695
1760985873831,1004.2458
1760985873850,1004.2634
1760985873870,1004.3247
1760985873890,1004.252
1760985873911,1004.193
1760985873931,1004.14795
1760985873950,1004.1589
1760985873970,1004.1708
1760985873991,1004.1783
1760985874010,1004.1895
1760985874032,1004.21484
1760985874052,1004.2349
1760985874071,1004.46216
1760985874091,1004.6822
1760985874111,1009.72205
1760985874131,1004.6264
1760985874152,1004.5815
1760985874172,1004.41174
1760985874190,1004.3914
1760985874211,1004.64716
1760985874231,1004.6301
1760985874251,1004.4836
1760985874272,1004.23175
1760985874291,1004.0517
1760985874310,1004.01685
1760985874331,1003.9914
1760985874351,1004.01624
1760985874371,1003.9563
1760985874392,1003.9791
1760985874411,1004.3153
1760985874430,1004.57904
1760985874450,1004.90393
1760985874471,1004.1381
1760985874491,1004.17773
1760985874511,1004.2236
1760985874530,1005.6467
1760985874550,1007.64734
1760985874570,1004.3809
1760985874591,1004.3991
1760985874611,1004.389
1760985874631,1004.3814
1760985874652,1004.21545
1760985874671,1004.1281
1760985874691,1004.1345
1760985874711,1004.1643
1760985874731,1004.4338
1760985874751,1004.64264
1760985874771,1004.7628
1760985874790,1004.7667
1760985874811,1004.50226
1760985874831,1004.3024
1760985874851,1004.13934
1760985874870,1004.1859
1760985874891,1004.3042
1760985874912,1004.43463
1760985874931,1004.3689
1760985874951,1004.1022
1760985874970,1004.0145
1760985874990,1004.02606
1760985875010,1004.0539
1760985875031,1004.03766
1760985875053,1003.98785
1760985875071,1004.1345
1760985875091,1004.6152
1760985875110,1004.5822
1760985875131,1004.3753
1760985875152,1004.22375
1760985875172,1004.31555
1760985875191,1004.1939
1760985875210,1004.39795
1760985875231,1004.48737
1760985875252,1004.5859
1760985875272,1004.59155
1760985875291,1004.512
1760985875311,1004.3925
1760985875330,1004.2597
1760985875351,1004.1909
1760985875371,1004.2289
1760985875392,1004.42035
1760985875411,1004.96063
1760985875431,1004.8098
1760985875451,1004.6161
1760985875471,1004.3736
1760985875492,1004.1194
1760985875511,1004.2028
1760985875531,1004.3002
1760985875551,1004.40814
1760985875571,1004.41095
1760985875591,1004.28235
1760985875612,1004.1724
1760985875631,1004.0511
1760985875651,1004.0175
1760985875671,1004.0767
1760985875691,1003.995
1760985875711,1003.96326
1760985875731,1004.15826
1760985875750,1004.7017
1760985875770,1004.6703
1760985875790,1004.2981
1760985875811,1004.17395
1760985875831,1004.2455
1760985875851,1003.8536
1760985875871,1004.3705
1760985875890,1004.5547
1760985875911,1004.5192
1760985875931,1004.35
1760985875952,1004.28687
1760985875970,1004.2575
1760985875991,1004.2662
1760985876011,1004.22955
1760985876031,1004.23157
1760985876052,1004.2893
1760985876072,1004.5442
1760985876090,1004.9592
1760985876111,1004.78986
1760985876130,1006.21576
1760985876151,1006.0614
1760985876171,1004.8774
1760985876190,1004.70685
1760985876210,1004.3741
1760985876230,1004.41406
1760985876250,1004.3525
1760985876271,1004.1969
1760985876290,1004.0659
1760985876310,1003.9847
1760985876330,1003.9408
1760985876350,1003.915
1760985876371,1003.89185
1760985876391,1003.9401
1760985876410,1004.2631
1760985876430,1005.0123
1760985876450,1005.01404
1760985876471,1004.22064
1760985876491,1004.08453
1760985876511,1004.009
1760985876530,1004.123
1760985876550,1004.3161
1760985876571,1004.5058
1760985876591,1004.4586
1760985876611,1004.3538
1760985876631,1004.2467
1760985876651,1004.187
1760985876670,1004.16565
1760985876691,1004.1842
1760985876711,1004.14954
1760985876731,1004.5956
1760985876750,1004.8088
1760985876770,1004.47455
1760985876791,1004.3653
1760985876811,1004.26984
1760985876831,1004.2421
1760985876850,1004.3223
1760985876871,1004.3822
1760985876890,1004.59546
1760985876910,1004.58655
1760985876931,1004.323
1760985876951,1004.2646
1760985876971,1004.1892
1760985876990,1004.1206
1760985877010,1004.1128
1760985877031,1004.04236
1760985877051,1004.0084
1760985877071,1004.28357
1760985877090,1004.91156
1760985877111,1004.747
1760985877131,1004.295
1760985877152,1004.22784
1760985877171,1004.21967
1760985877191,1004.26654
1760985877211,1004.4387
1760985877230,1004.64343
1760985877251,1004.6262
1760985877271,1004.4779
1760985877292,1004.33875
1760985877311,1004.2366
1760985877331,1004.1889
1760985877351,1004.1461
1760985877371,1004.1247
1760985877391,1004.417
1760985877411,1004.72766
1760985877431,1005.2595
1760985877451,1004.9906
1760985877471,1004.7039
1760985877491,1004.2941
1760985877511,1004.21875
1760985877530,1004.4484
1760985877550,1004.9906
1760985877570,1005.15784
1760985877591,1004.76654
1760985877611,1004.305
1760985877631,1004.142
1760985877650,1004.14484
1760985877671,1004.1658
1760985877691,1004.1725
1760985877711,1004.0964
1760985877731,1004.0371
1760985877751,1004.03235
1760985877771,1004.28577
1760985877791,1004.96094
1760985877811,1004.64594
1760985877831,1004.4097
1760985877850,1004.2603
1760985877871,1004.9997
1760985877890,1004.46
1760985877910,1004.4961
1760985877931,1004.52527
1760985877951,1004.41583
1760985877970,1004.265
1760985877991,1004.2491
1760985878011,1004.1719
1760985878031,1004.2354
1760985878051,1004.1898
1760985878070,1004.2609
1760985878091,1004.3581
1760985878111,1004.71405
1760985878131,1005.3111
1760985878151,1005.15186
1760985878171,1005.18994
1760985878191,1004.8292
1760985878211,1004.52545
1760985878230,1004.5059
1760985878251,1005.1227
1760985878271,1004.7045
1760985878292,1004.371
1760985878311,1004.2481
1760985878330,1004.1805
1760985878351,1004.15155
1760985878371,1004.10583
1760985878392,1004.12445
1760985878411,1004.1197
1760985878431,1004.04126
1760985878451,1004.27014
1760985878471,1004.8617
1760985878492,1004.71094
1760985878512,1004.3446
1760985878531,1004.4275
1760985878551,1004.38
1760985878571,1004.22906
1760985878591,1004.4414
1760985878611,1004.39075
1760985878631,1004.41406
1760985878650,1004.3198
1760985878670,1004.21814
1760985878691,1004.1706
1760985878711,1004.1747
1760985878732,1004.1977
1760985878750,1004.1312
1760985878771,1004.1791
1760985878791,1004.455
1760985878811,1004.6353
1760985878831,1004.6313
1760985878851,1005.0131
1760985878871,1004.7675
1760985878891,1004.48376
1760985878910,1005.20044
1760985878931,1004.7935
1760985878952,1004.99774
1760985878972,1004.9222
1760985878990,1004.4233
1760985879010,1004.21857
1760985879031,1004.15765
1760985879051,1004.09143
1760985879072,1004.17456
1760985879091,1004.1106
1760985879111,1004.07874
1760985879131,1004.0264
1760985879151,1004.1951
1760985879172,1004.79156
1760985879191,1004.7347
1760985879210,1004.4625
1760985879231,1004.27454
1760985879250,1004.3027
1760985879271,1004.15826
1760985879292,1004.2694
1760985879311,1004.44653
1760985879331,1004.432
1760985879350,1004.3234
1760985879372,1004.21936
1760985879391,1004.2428
1760985879411,1004.2509
1760985879431,1004.28955
1760985879451,1004.2966
1760985879471,1004.3236
1760985879491,1004.54047
1760985879511,1005.0111
1760985879531,1005.1094
1760985879550,1004.7434
1760985879571,1004.5505
1760985879591,1004.40826
1760985879611,1004.51935
1760985879631,1004.90344
1760985879650,1005.1689
1760985879671,1004.6731
1760985879691,1004.34357
1760985879711,1004.1987
1760985879731,1004.1275
1760985879751,1004.15106
1760985879770,1004.2014
1760985879791,1004.15436
1760985879811,1004.0675
1760985879832,1004.2291
1760985879852,1004.6872
1760985879870,1004.6781
1760985879890,1004.52783
1760985879910,1004.3697
1760985879931,1004.3161
1760985879951,1004.34845
1760985879971,1004.39655
1760985879991,1004.5514
1760985880010,1004.7403
1760985880030,1004.5489
1760985880051,1004.2846
1760985880072,1004.2588
1760985880091,1004.21356
1760985880111,1004.2481
1760985880131,1004.27686
1760985880152,1004.22675
1760985880172,1004.40625
1760985880192,1004.5639
1760985880210,1004.8633
1760985880230,1004.885
1760985880251,1004.59283
1760985880271,1004.52136
1760985880292,1004.5716
1760985880311,1004.7278
1760985880331,1005.0522
1760985880351,1005.01013
1760985880371,1004.4428
1760985880392,1004.2512
1760985880411,1004.1625
1760985880431,1004.16125
1760985880451,1004.23456
1760985880470,1004.1983
1760985880491,1004.13226
1760985880511,1004.0982
1760985880531,1004.3542
1760985880551,1004.9403
1760985880571,1004.8723
1760985880591,1004.4978
1760985880612,1004.34204
1760985880632,1004.3291
1760985880651,1004.35767
1760985880671,1004.4205
1760985880692,1004.4883
1760985880711,1004.4842
1760985880732,1004.40845
1760985880751,1004.4408
1760985880770,1004.2992
1760985880791,1004.32263
1760985880811,1004.3178
1760985880831,1004.28284
1760985880851,1004.3525
1760985880870,1004.76624
1760985880891,1005.47327
1760985880910,1005.0076
1760985880931,1004.7409
1760985880951,1004.5421
1760985880970,1004.3787
1760985880991,1004.503
1760985881011,1004.77484
1760985881031,1004.96844
1760985881052,1004.46967
1760985881072,1004.32623
1760985881091,1004.1897
1760985881111,1004.0861
1760985881131,1004.1189
1760985881152,1004.1428
1760985881172,1004.17377
1760985881190,1004.1233
1760985881210,1004.1778
1760985881230,1004.5759
1760985881250,1004.8061
1760985881272,1004.706
1760985881292,1004.40405
1760985881311,1004.47437
1760985881332,1006.8136
1760985881351,1004.6322
1760985881371,1004.6058
1760985881391,1004.48083
1760985881412,1004.3259
1760985881431,1004.2914
1760985881451,1004.25653
1760985881471,1004.23376
1760985881491,1004.2479
1760985881512,1004.2744
1760985881531,1004.3077
1760985881551,1004.46423
1760985881571,1004.7061
1760985881591,1005.08185
1760985881612,1005.28094
1760985881632,1004.997
1760985881651,1004.59283
1760985881671,1004.47577
1760985881690,1004.9211
1760985881710,1004.9222
1760985881732,1004.84467
1760985881750,1004.5114
1760985881770,1004.3109
1760985881791,1004.16174
1760985881810,1004.1184
1760985881831,1004.1142
1760985881851,1004.09424
1760985881871,1004.03906
1760985881890,1004.072
1760985881911,1004.38513
1760985881931,1004.8243
1760985881951,1004.8389
1760985881971,1004.2961
1760985881991,1004.385
1760985882011,1004.3272
1760985882030,1004.2333
1760985882051,1004.3768
1760985882071,1004.47894
1760985882090,1004.6672
1760985882110,1004.683
1760985882131,1004.5549
1760985882151,1004.3737
1760985882173,1004.2933
1760985882192,1004.30426
1760985882211,1004.3028
1760985882230,1004.6291
1760985882250,1004.91266
1760985882271,1004.9125
1760985882291,1004.63043
1760985882311,1004.54315
1760985882331,1004.503
1760985882351,1004.84875
1760985882372,1004.84247
1760985882391,1004.805
1760985882412,1004.34674
1760985882431,1004.1783
1760985882451,1004.08905
1760985882474,1004.067
1760985882491,1004.1261
1760985882513,1004.1342
1760985882531,1004.1178
1760985882551,1004.0419
1760985882571,1004.34546
1760985882591,1005.10175
1760985882612,1005.1956
1760985882632,1004.52106
1760985882652,1004.4295
1760985882672,1004.22766
1760985882691,1004.34045
1760985882711,1004.43475
1760985882731,1004.54517
1760985882751,1004.6686
1760985882770,1004.5836
1760985882791,1004.4205
1760985882811,1004.2526
1760985882831,1004.20685
1760985882851,1004.229
1760985882871,1004.29877
1760985882891,1004.5123
1760985882911,1005.89984
1760985882931,1005.67206
1760985882952,1005.33453
1760985882972,1004.90845
1760985882990,1004.58044
1760985883010,1004.60767
1760985883031,1004.9313
1760985883051,1004.6872
1760985883072,1004.31116
1760985883090,1004.1891
1760985883111,1004.1139
1760985883130,1004.1675
1760985883151,1004.1692
1760985883171,1004.1658
1760985883192,1004.0406
1760985883211,1004.0573
1760985883230,1004.45013
1760985883250,1005.1784
1760985883271,1005.09534
1760985883291,1004.48224
1760985883311,1004.59595
1760985883331,1004.47546
1760985883350,1004.5108
1760985883371,1004.60126
1760985883391,1004.60175
1760985883412,1004.5128
1760985883431,1004.40533
1760985883451,1004.3052
1760985883471,1004.23456
1760985883491,1004.23846
1760985883512,1004.22437
1760985883531,1004.2319
1760985883551,1004.1934
1760985883571,1004.3808
1760985883591,1004.8583
1760985883611,1005.16174
1760985883632,1004.8542
1760985883651,1004.60767
1760985883671,1004.3117
1760985883690,1004.5486
1760985883711,1004.72546
1760985883731,1004.9872
1760985883751,1004.9497
1760985883771,1004.5581
1760985883791,1004.26984
1760985883811,1004.1337
1760985883831,1004.152
1760985883851,1004.10803
1760985883871,1004.0123
1760985883891,1004.1127
1760985883910,1004.487
1760985883932,1004.5591
1760985883952,1004.3543
1760985883972,1004.2306
1760985883991,1004.3016
1760985884011,1004.3489
1760985884031,1004.34064
1760985884051,1004.63074
1760985884072,1004.785
1760985884091,1004.8214
1760985884111,1004.6348
1760985884131,1004.4369
1760985884151,1004.3027
1760985884171,1004.21436
1760985884192,1004.21515
1760985884213,1004.1856
1760985884230,1004.4147
1760985884250,1004.4905
1760985884271,1004.7467
1760985884292,1004.72076
1760985884311,1004.45935
1760985884331,1004.4226
1760985884351,1004.4075
1760985884371,1005.3133
1760985884392,1004.9281
1760985884412,1004.7672
1760985884430,1004.4639
1760985884451,1004.21655
1760985884471,1004.14954
1760985884492,1004.14874
1760985884511,1004.1397
1760985884531,1004.1353
1760985884551,1004.1133
1760985884572,1004.053
1760985884592,1004.32935
1760985884611,1005.0042
1760985884632,1005.2745
1760985884651,1004.4961
1760985884671,1004.2981
1760985884691,1004.21985
1760985884711,1004.188
1760985884731,1004.3326
1760985884751,1004.72766
1760985884770,1005.03577
1760985884791,1004.8692
1760985884811,1004.5511
1760985884832,1004.3122
1760985884851,1004.22107
1760985884872,1004.2442
1760985884891,1004.2434
1760985884911,1004.29047
1760985884931,1004.65283
1760985884951,1005.10547
1760985884971,1005.0986
1760985884991,1004.7897
1760985885011,1004.42346
1760985885030,1004.3081
1760985885051,1004.4415
1760985885072,1004.84705
1760985885092,1005.2406
1760985885111,1004.64935
1760985885131,1004.3636
1760985885151,1004.3077
1760985885171,1004.23096
1760985885192,1004.22186
1760985885211,1004.21356
1760985885230,1004.1877
1760985885250,1004.1191
1760985885271,1004.1131
1760985885292,1004.53735
1760985885311,1004.97015
1760985885331,1005.0675
1760985885351,1004.3801
1760985885371,1004.41486
1760985885392,1004.64624
1760985885412,1004.46246
1760985885431,1004.65643
1760985885451,1004.8775
1760985885471,1004.9847
1760985885491,1004.71765
1760985885511,1004.53125
1760985885532,1004.39386
1760985885552,1004.33673
1760985885571,1004.32513
1760985885591,1004.4453
1760985885612,1004.6659
1760985885631,1004.6454
1760985885652,1005.0059
1760985885672,1004.8528
1760985885691,1004.6503
1760985885712,1004.508
1760985885731,1005.8283
1760985885751,1004.9378
1760985885771,1004.89703
1760985885791,1004.432
1760985885811,1004.33185
1760985885832,1004.2465
1760985885852,1004.1833
1760985885872,1004.21204
1760985885891,1004.28125
1760985885912,1004.2278
1760985885931,1004.14435
1760985885952,1004.26294
1760985885972,1004.7736
1760985885992,1004.90216
1760985886011,1005.0292
1760985886031,1004.46063
1760985886051,1004.3666
1760985886071,1004.2717
1760985886091,1004.4358
1760985886111,1004.8092
1760985886131,1005.0497
1760985886151,1004.8769
1760985886172,1004.54584
1760985886192,1004.37427
1760985886211,1004.3328
1760985886230,1004.33954
1760985886250,1004.34595
1760985886271,1004.4183
1760985886291,1004.7288
1760985886311,1005.09174
1760985886330,1004.9931
1760985886351,1004.8095
1760985886371,1004.4936
1760985886391,1004.32196
1760985886411,1004.4423
1760985886431,1004.6917
1760985886451,1005.1194
1760985886471,1005.42377
1760985886491,1004.53955
1760985886511,1004.3121
1760985886532,1004.21094
1760985886551,1004.2553
1760985886572,1004.2512
1760985886591,1004.2631
1760985886611,1004.17426
1760985886632,1004.2801
1760985886651,1004.71356
1760985886671,1004.8797
1760985886692,1004.7394
1760985886712,1004.4956
1760985886731,1004.51154
1760985886751,1004.3787
1760985886770,1004.4222
1760985886791,1004.52264
1760985886811,1004.71185
1760985886832,1004.7608
1760985886852,1004.5779
1760985886872,1004.4494
1760985886891,1004.38153
1760985886910,1004.33545
1760985886932,1004.34924
1760985886952,1004.44617
1760985886972,1004.5835
1760985886991,1005.42206
1760985887011,1006.0603
1760985887031,1005.0684
1760985887052,1004.5864
1760985887072,1004.39703
1760985887092,1004.4533
1760985887112,1004.6959
1760985887132,1004.9458
1760985887152,1004.9998
1760985887171,1004.83624
1760985887191,1004.3469
1760985887211,1004.27325
1760985887230,1004.27014
1760985887251,1004.3328
1760985887271,1004.2964
1760985887291,1004.2473
1760985887312,1004.22485
1760985887331,1004.53143
1760985887351,1005.02484
1760985887371,1005.9242
1760985887392,1004.77386
1760985887411,1004.6253
1760985887431,1004.48517
1760985887451,1005.26544
1760985887471,1004.59564
1760985887492,1004.9208
1760985887512,1004.9677
1760985887532,1004.67645
1760985887551,1004.4572
1760985887573,1004.35364
1760985887591,1004.3661
1760985887612,1004.3773
1760985887631,1004.47046
1760985887650,1004.65326
1760985887670,1004.8669
1760985887690,1005.02765
1760985887711,1005.08734
1760985887731,1004.6375
1760985887751,1004.4405
1760985887770,1004.41376
1760985887790,1004.58673
1760985887811,1004.8864
1760985887831,1004.9364
1760985887851,1004.7291
1760985887872,1004.5228
1760985887891,1004.36017
1760985887911,1004.27686
1760985887931,1004.28845
1760985887951,1004.3566
1760985887972,1004.307
1760985887991,1004.27203
1760985888011,1004.40857
1760985888031,1004.8628
1760985888051,1004.7045
1760985888071,1004.55695
1760985888092,1004.54205
1760985888111,1005.0425
1760985888131,1004.33813
1760985888151,1004.39575
1760985888172,1004.6143
1760985888192,1004.6645
1760985888212,1004.60297
1760985888231,1004.5076
1760985888250,1004.4592
1760985888271,1004.40216
1760985888291,1004.35803
1760985888312,1004.48
1760985888331,1004.75653
1760985888351,1004.96173
1760985888372,1005.3097
1760985888391,1005.202
1760985888413,1004.8051
1760985888430,1004.6164
1760985888451,1004.5825
1760985888472,1004.84845
1760985888492,1005.0675
1760985888512,1005.4428
1760985888532,1004.9158
1760985888550,1004.50653
1760985888571,1004.36346
1760985888591,1004.35315
1760985888611,1004.4025
1760985888632,1004.38
1760985888652,1004.27124
1760985888671,1004.2949
1760985888692,1004.5783
1760985888711,1004.85046
1760985888732,1004.8731
1760985888751,1004.5697
1760985888771,1004.4803
1760985888791,1004.4367
1760985888811,1004.60297
1760985888831,1004.70154
1760985888851,1004.75214
1760985888872,1004.682
1760985888890,1004.60876
1760985888910,1004.5012
1760985888931,1004.4736
1760985888952,1004.4356
1760985888971,1004.43164
1760985888990,1004.4341
1760985889011,1004.65155
1760985889031,1005.3903
1760985889051,1005.4938
1760985889071,1005.2472
1760985889092,1004.9544
1760985889110,1004.5683
1760985889130,1005.0339
1760985889150,1004.65924
1760985889171,1005.01794
1760985889191,1005.2003
1760985889210,1004.7447
1760985889231,1004.4603
1760985889250,1004.34515
1760985889271,1004.32404
1760985889291,1004.3467
1760985889311,1004.3624
1760985889331,1004.3131
1760985889351,1004.2925
1760985889371,1004.5563
1760985889391,1005.10596
1760985889411,1005.1105
1760985889431,1004.65704
1760985889451,1004.5633
1760985889471,1004.6028
1760985889491,1004.5531
1760985889512,1004.64014
1760985889532,1004.67755
1760985889552,1004.6278
1760985889571,1004.53766
1760985889591,1004.4939
1760985889611,1004.47546
1760985889632,1004.4879
1760985889651,1004.45654
1760985889670,1004.433
1760985889690,1004.77405
1760985889711,1005.35077
1760985889731,1005.49176
1760985889751,1005.27966
1760985889771,1004.8108
1760985889791,1004.6944
1760985889811,1004.57874
1760985889831,1004.8169
1760985889851,1005.3002
1760985889872,1005.34424
1760985889890,1004.8283
1760985889910,1004.5525
1760985889931,1004.3245
1760985889951,1004.2922
1760985889971,1004.32874
1760985889991,1004.3153
1760985890010,1004.33075
1760985890031,1004.28735
1760985890051,1004.53107
1760985890071,1005.1288
1760985890092,1005.77814
1760985890110,1004.52966
1760985890131,1004.52826
1760985890150,1004.46814
1760985890171,1004.60223
1760985890192,1004.6747
1760985890211,1004.7484
1760985890231,1004.748
1760985890250,1004.63153
1760985890271,1004.5167
1760985890292,1004.45734
1760985890312,1004.46
1760985890331,1004.4783
1760985890351,1004.51953
1760985890371,1004.5014
1760985890392,1004.8103
1760985890412,1005.41547
1760985890432,1005.2086
1760985890451,1004.96826
1760985890471,1004.76794
1760985890490,1004.7333
1760985890512,1005.14844
1760985890531,1005.1324
1760985890552,1005.33344
1760985890571,1005.0167
1760985890592,1004.8475
1760985890611,1004.60706
1760985890631,1004.40045
1760985890651,1004.35223
1760985890672,1004.372
1760985890691,1004.2653
1760985890711,1004.23065
1760985890732,1004.4525
1760985890751,1005.14923
1760985890770,1005.01373
1760985890790,1004.83575
1760985890811,1004.5467
1760985890831,1004.64825
1760985890852,1004.6763
1760985890872,1004.7272
1760985890891,1004.748
1760985890911,1004.83966
1760985890931,1004.8736
1760985890951,1004.71436
1760985890972,1004.52924
1760985890992,1004.4459
1760985891011,1004.4331
1760985891030,1004.4572
1760985891051,1004.39984
1760985891072,1004.6101
1760985891092,1005.2068
1760985891112,1005.4908
1760985891131,1005.2286
1760985891151,1004.91095
1760985891172,1004.7159
1760985891192,1004.7531
1760985891212,1004.8897
1760985891231,1005.3564
1760985891250,1005.1914
1760985891271,1004.6116
1760985891292,1004.41516
1760985891311,1004.35657
1760985891331,1004.3336
1760985891351,1004.3805
1760985891371,1004.3627
1760985891391,1004.3528
1760985891412,1004.2984
1760985891433,1004.51886
1760985891451,1005.0577
1760985891471,1005.4425
1760985891491,1004.6873
1760985891511,1004.33594
1760985891531,1004.34064
1760985891551,1004.48236
1760985891571,1004.58984
1760985891590,1004.84814
1760985891612,1004.9233
1760985891632,1004.7283
1760985891652,1004.56946
1760985891671,1004.4956
1760985891691,1004.4797
1760985891711,1004.52997
1760985891732,1004.61316
1760985891751,1005.02
1760985891771,1006.3784
1760985891791,1005.7914
1760985891810,1005.3747
1760985891831,1004.8914
1760985891851,1004.6959
1760985891872,1004.87476
1760985891891,1005.16986
1760985891911,1005.2022
1760985891931,1004.86237
1760985891951,1004.60175
1760985891974,1004.469
1760985891991,1004.3677
1760985892011,1004.39233
1760985892030,1004.3486
1760985892051,1004.38403
1760985892071,1004.30585
1760985892092,1004.4172
1760985892111,1005.0673
1760985892131,1005.3038
1760985892151,1004.7033
1760985892171,1004.6287
1760985892191,1004.4508
1760985892211,1004.5781
1760985892233,1004.7917
1760985892251,1005.01825
1760985892271,1005.0158
1760985892291,1004.78986
1760985892311,1004.6181
1760985892331,1004.5134
1760985892351,1004.45013
1760985892370,1004.4561
1760985892391,1004.46014
1760985892411,1004.48724
1760985892432,1004.8429
1760985892451,1005.5112
1760985892471,1005.5061
1760985892491,1005.0761
1760985892512,1004.686
1760985892533,1004.65
1760985892552,1004.84344
1760985892572,1005.2463
1760985892592,1005.3628
1760985892611,1004.9425
1760985892632,1004.63074
1760985892652,1004.4518
1760985892672,1004.3747
1760985892691,1004.3826
1760985892711,1004.34796
1760985892731,1004.3675
1760985892751,1004.28204
1760985892771,1004.4367
1760985892790,1005.1133
1760985892811,1005.45233
1760985892831,1004.7289
1760985892852,1004.6134
1760985892872,1004.32983
1760985892892,1004.5589
1760985892911,1004.8211
1760985892931,1005.0172
1760985892951,1004.97406
1760985892971,1004.77997
1760985892991,1004.59314
1760985893011,1004.4984
1760985893031,1004.498
1760985893051,1004.46704
1760985893072,1004.5041
1760985893092,1004.82404
1760985893112,1005.7459
1760985893131,1005.6816
1760985893151,1005.0497
1760985893171,1004.73157
1760985893192,1004.51917
1760985893212,1004.49066
1760985893232,1004.65424
1760985893251,1004.91266
1760985893271,1005.04266
1760985893290,1004.84564
1760985893311,1004.6188
1760985893330,1004.4348
1760985893350,1004.3733
1760985893370,1004.40924
1760985893390,1004.4216
1760985893411,1004.3791
1760985893431,1004.3955
1760985893451,1004.7603
1760985893470,1005.35126
1760985893490,1005.39825
1760985893511,1004.6252
1760985893531,1005.79
1760985893551,1004.3847
1760985893571,1004.59845
1760985893591,1004.8928
1760985893612,1005.1164
1760985893632,1004.9961
1760985893652,1004.73846
1760985893671,1004.5591
1760985893691,1004.58374
1760985893711,1004.53296
1760985893731,1004.53094
1760985893752,1004.507
1760985893771,1004.9236
1760985893791,1005.9192
1760985893810,1005.70184
1760985893831,1005.16797
1760985893851,1004.9436
1760985893872,1006.71277
1760985893891,1004.60596
1760985893912,1004.64935
1760985893931,1004.8668
1760985893951,1004.8825
1760985893972,1004.69116
1760985893992,1004.55096
1760985894011,1004.46674
1760985894031,1004.4281
1760985894051,1004.4522
1760985894072,1004.41895
1760985894091,1004.38745
1760985894111,1004.52826
1760985894131,1005.13934
1760985894150,1005.3597
1760985894170,1004.8169
1760985894191,1004.6676
1760985894211,1004.9291
1760985894231,1004.64233
1760985894250,1004.65436
1760985894270,1004.8247
1760985894291,1005.0325
1760985894311,1005.0206
1760985894330,1004.7897
1760985894350,1004.58923
1760985894371,1004.5034
1760985894391,1004.4964
1760985894411,1004.5491
1760985894431,1004.6011
1760985894451,1004.78174
1760985894470,1005.1975
1760985894490,1005.6397
1760985894510,1005.345
1760985894531,1004.9828
1760985894551,1004.90564
1760985894571,1004.65314
1760985894591,1004.77454
1760985894611,1004.9381
1760985894632,1004.96454
1760985894653,1004.887
1760985894672,1004.72656
1760985894691,1004.54877
1760985894711,1004.47046
1760985894730,1004.4208
1760985894751,1004.4517
1760985894772,1004.3586
1760985894790,1004.4586
1760985894810,1004.78357
1760985894830,1005.1753
1760985894851,1004.7469
1760985894871,1004.6977
1760985894891,1004.6147
1760985894910,1005.02264
1760985894930,1004.82733
1760985894950,1005.0112
1760985894971,1005.2588
1760985894991,1005.0825
1760985895011,1004.8942
1760985895030,1004.64655
1760985895050,1004.53296
1760985895071,1004.46576
1760985895092,1004.4882
1760985895111,1004.46375
1760985895131,1004.7514
1760985895151,1005.04
1760985895171,1005.4222
1760985895192,1005.47876
1760985895211,1005.2787
1760985895231,1004.8786
1760985895250,1004.6827
1760985895270,1004.7341
1760985895291,1004.88983
1760985895311,1005.265
1760985895331,1005.0408
1760985895351,1004.8075
1760985895370,1004.58704
1760985895392,1004.46625
1760985895412,1004.4902
1760985895431,1004.48627
1760985895451,1004.40216
1760985895471,1004.34686
1760985895491,1004.52734
1760985895511,1005.0736
1760985895532,1005.1372
1760985895551,1004.77783
1760985895572,1004.70404
1760985895591,1004.6284
1760985895611,1004.8638
1760985895632,1005.0051
1760985895652,1004.98505
1760985895672,1004.86096
1760985895692,1004.8181
1760985895711,1004.69763
1760985895731,1004.6763
1760985895751,1004.60406
1760985895772,1004.5403
1760985895790,1004.54486
1760985895811,1004.4991
1760985895830,1004.72
1760985895852,1005.0533
1760985895871,1005.4333
1760985895890,1005.6061
1760985895911,1005.3814
1760985895931,1004.96606
1760985895951,1004.7991
1760985895972,1004.81134
1760985895992,1005.09186
1760985896011,1005.5767
1760985896031,1005.65
1760985896051,1005.0761
1760985896071,1004.6878
1760985896091,1004.46075
1760985896111,1004.40924
1760985896131,1004.4431
1760985896152,1004.40497
1760985896171,1004.3903
1760985896193,1004.48236
1760985896212,1004.87476
1760985896231,1004.8967
1760985896250,1004.77045
1760985896271,1004.6305
1760985896291,1004.45
1760985896311,1004.65314
1760985896331,1004.73047
1760985896350,1004.9328
1760985896370,1004.83826
1760985896391,1004.7481
1760985896411,1004.6859
1760985896431,1004.67365
1760985896451,1004.6305
1760985896471,1004.58923
1760985896490,1004.5475
1760985896511,1004.5761
1760985896531,1004.8362
1760985896552,1005.24744
1760985896571,1005.47296
1760985896591,1005.3829
1760985896612,1005.01294
1760985896631,1004.6769
1760985896652,1004.646
1760985896671,1004.84033
1760985896692,1005.09906
1760985896711,1005.46594
1760985896731,1005.1861
1760985896751,1004.7848
1760985896771,1004.67017
1760985896791,1004.58484
1760985896811,1004.5795
1760985896831,1004.52484
1760985896851,1004.415
1760985896872,1004.40533
1760985896891,1004.4905
1760985896911,1004.8956
1760985896931,1004.91187
1760985896951,1004.7459
1760985896971,1004.72174
1760985896991,1004.81134
1760985897012,1004.8214
1760985897031,1004.9902
1760985897051,1005.09
1760985897072,1004.9789
1760985897092,1004.85736
1760985897111,1004.8663
1760985897131,1004.73236
1760985897151,1004.59796
1760985897171,1004.5647
1760985897193,1004.53577
1760985897212,1004.496
1760985897232,1004.59845
1760985897251,1004.8306
1760985897270,1005.0217
1760985897291,1005.14
1760985897312,1005.39215
1760985897332,1005.2051
1760985897351,1005.02936
1760985897370,1004.8019
1760985897390,1004.7525
1760985897411,1004.8798
1760985897431,1005.0422
1760985897450,1005.20844
1760985897470,1004.9473
1760985897491,1004.6838
1760985897511,1004.51733
1760985897532,1004.4544
1760985897552,1004.4667
1760985897571,1004.4419
1760985897591,1004.39905
1760985897611,1004.4392
1760985897632,1004.7002
1760985897652,1005.0855
1760985897672,1004.9578
1760985897691,1004.6722
1760985897711,1004.5483
1760985897731,1004.6227
1760985897752,1004.66095
1760985897771,1004.85016
1760985897790,1004.90967
1760985897810,1004.7933
1760985897831,1004.6816
1760985897851,1004.65
1760985897871,1004.59607
1760985897892,1004.5723
1760985897911,1004.5563
1760985897931,1004.5527
1760985897951,1004.59625
1760985897971,1004.6973
1760985897992,1005.19586
1760985898011,1006.90344
1760985898031,1005.15
1760985898050,1005.0645
1760985898071,1004.96375
1760985898091,1004.7511
1760985898112,1004.8697
1760985898131,1004.9369
1760985898151,1005.1847
1760985898171,1005.4931
1760985898191,1005.0727
1760985898213,1004.72644
1760985898231,1004.5781
1760985898251,1004.5181
1760985898270,1004.52563
1760985898291,1004.47327
1760985898311,1004.475
1760985898332,1004.60645
1760985898351,1004.9528
1760985898371,1005.2611
1760985898391,1004.6839
1760985898411,1004.57733
1760985898432,1004.50085
1760985898451,1004.60175
1760985898471,1004.7014
1760985898491,1004.83624
1760985898511,1004.827
1760985898532,1004.8489
1760985898551,1004.7956
1760985898571,1004.7072
1760985898591,1004.65826
1760985898612,1004.6266
1760985898631,1004.5709
1760985898652,1004.5589
1760985898672,1004.7386
1760985898691,1005.14764
1760985898711,1005.6184
1760985898731,1005.84186
1760985898752,1005.5694
1760985898771,1005.08966
1760985898790,1004.8176
1760985898811,1004.8684
1760985898831,1004.9397
1760985898851,1005.29486
1760985898871,1005.46954
1760985898892,1005.0561
1760985898911,1004.7711
1760985898931,1004.59576
1760985898951,1004.5034
1760985898971,1004.52576
1760985898992,1004.5156
1760985899011,1004.445
1760985899030,1004.52716
1760985899050,1004.9556
1760985899071,1005.1386
1760985899091,1004.8691
1760985899112,1004.62683
1760985899131,1004.59564
1760985899152,1004.7645
1760985899171,1004.8705
1760985899192,1005.0742
1760985899213,1004.87616
1760985899232,1004.77734
1760985899251,1004.6887
1760985899270,1004.60016
1760985899291,1004.5687
1760985899311,1004.60345
1760985899332,1004.59076
1760985899350,1004.5786
1760985899371,1004.60297
1760985899391,1004.91986
1760985899411,1005.29443
1760985899432,1005.50336
1760985899452,1005.4878
1760985899471,1005.40826
1760985899491,1005.1439
1760985899511,1005.03357
1760985899531,1005.33655
1760985899551,1005.2318
1760985899571,1005.23517
1760985899591,1004.9792
1760985899611,1004.77765
1760985899631,1004.6194
1760985899651,1004.54236
1760985899672,1004.54016
1760985899691,1004.46405
1760985899711,1004.4253
1760985899731,1004.47815
1760985899752,1004.7572
1760985899772,1004.9945
1760985899791,1004.7606
1760985899810,1004.95483
1760985899831,1004.6228
1760985899851,1004.51373
1760985899872,1004.8552
1760985899892,1004.9393
1760985899912,1004.90466
1760985899931,1004.8206
1760985899951,1004.7753
1760985899972,1004.6546
1760985899991,1004.65985
1760985900011,1004.6203
1760985900030,1004.5734
1760985900050,1004.5676
1760985900071,1004.59235
1760985900091,1004.8858
1760985900112,1005.14935
1760985900131,1005.35596
1760985900150,1005.6733
1760985900170,1005.3
1760985900191,1004.861
1760985900211,1004.8362
1760985900231,1004.945
1760985900253,1004.9905
1760985900270,1005.33514
1760985900290,1005.10095
1760985900312,1004.8205
1760985900331,1004.6145
1760985900350,1004.5605
1760985900370,1004.5555
1760985900390,1004.5178
1760985900410,1004.52
1760985900431,1004.4089
1760985900450,1004.4313
1760985900470,1004.7498
1760985900491,1005.09045
1760985900510,1004.9272
1760985900531,1004.7945
1760985900552,1004.59894
1760985900571,1004.4952
1760985900591,1004.64264
1760985900610,1004.7533
1760985900632,1004.96466
1760985900653,1005.085
1760985900671,1005.0514
1760985900691,1004.8791
1760985900711,1004.6887
1760985900731,1004.66846
1760985900752,1004.6125
1760985900771,1004.6252
1760985900790,1004.6106
1760985900811,1004.67975
1760985900831,1004.96643
1760985900851,1005.5712
1760985900872,1005.5225
1760985900892,1005.54315
1760985900911,1005.3638
1760985900931,1005.0822
1760985900951,1004.90045
1760985900972,1005.03345
1760985900992,1005.2564
1760985901012,1005.1852
1760985901032,1005.09235
1760985901052,1004.8016
1760985901072,1004.642
1760985901092,1004.57
1760985901111,1004.54016
1760985901131,1004.4736
1760985901151,1004.4338
1760985901172,1004.4928
1760985901192,1004.755
1760985901212,1005.09064
1760985901232,1004.9372
1760985901252,1004.6661
1760985901270,1004.59064
1760985901291,1004.625
1760985901311,1004.7157
1760985901332,1005.01874
1760985901351,1005.0189
1760985901371,1004.91205
1760985901391,1004.78534
1760985901412,1004.6906
1760985901432,1004.6015
1760985901452,1004.58875
1760985901471,1004.6219
1760985901490,1004.58905
1760985901511,1004.6214
1760985901532,1004.59753
1760985901552,1004.9788
1760985901572,1005.5525
1760985901591,1005.02997
1760985901611,1005.1083
1760985901631,1004.84216
1760985901651,1004.70154
1760985901672,1004.89795
1760985901691,1005.3031
1760985901711,1005.182
1760985901731,1005.47485
1760985901752,1005.0658
1760985901771,1004.8047
1760985901790,1004.65283
1760985901811,1004.54987
1760985901831,1004.5695
1760985901851,1004.5616
1760985901871,1004.46375
1760985901891,1004.48303
1760985901910,1004.66797
1760985901931,1005.03235
1760985901951,1005.1803
1760985901971,1004.64795
1760985901991,1004.56946
1760985902011,1004.4309
1760985902031,1004.7011
1760985902051,1004.8669
1760985902072,1005.0505
1760985902091,1004.9706
1760985902112,1004.8757
1760985902132,1004.85706
1760985902151,1004.76825
1760985902172,1004.67554
1760985902191,1004.6973
1760985902212,1004.66736
1760985902232,1004.64
1760985902251,1004.5684
1760985902270,1004.92487
1760985902291,1005.8917
1760985902312,1005.70526
1760985902331,1005.5044
1760985902351,1005.09564
1760985902370,1004.8142
1760985902390,1004.6995
1760985902411,1004.71875
1760985902431,1004.78796
1760985902452,1004.96576
1760985902471,1005.1103
1760985902492,1005.13
1760985902510,1005.0178
1760985902531,1004.77844
1760985902552,1004.6228
1760985902571,1004.66376
1760985902590,1004.617
1760985902610,1004.48846
1760985902631,1004.53925
1760985902652,1004.9403
1760985902672,1005.3289
1760985902692,1004.8758
1760985902710,1004.6903
1760985902731,1004.65594
1760985902752,1005.1642
1760985902771,1004.5814
1760985902790,1004.7656
1760985902810,1004.9228
1760985902831,1005.1781
1760985902851,1005.16077
1760985902872,1005.03815
1760985902892,1004.9469
1760985902911,1004.84174
1760985902931,1004.7966
1760985902950,1004.8611
1760985902971,1004.8127
1760985902992,1004.9385
1760985903012,1005.41016
1760985903031,1005.10236
1760985903052,1004.9
1760985903071,1004.8638
1760985903092,1004.83
1760985903112,1004.8063
1760985903132,1004.8081
1760985903151,1004.91406
1760985903171,1005.1197
1760985903193,1005.19
1760985903212,1005.22736
1760985903232,1004.7956
1760985903251,1004.7452
1760985903271,1004.7622
1760985903290,1004.8875
1760985903311,1005.1003
1760985903331,1005.09045
1760985903351,1004.8128
1760985903371,1004.72485
1760985903391,1004.8725
1760985903412,1005.1969
1760985903443,1005.14935
1760985903454,1005.0837
1760985903485,1005.49457
1760985903511,1005.3768
1760985903532,1005.5755
1760985903551,1005.24603
1760985903570,1005.05695
1760985903592,1004.8875
1760985903612,1004.7147
1760985903632,1004.8092
1760985903652,1004.8619
1760985903672,1004.8617
1760985903691,1004.8221
1760985903712,1004.8944
1760985903731,1004.919
1760985903752,1004.8689
1760985903771,1004.8588
1760985903790,1004.93134
1760985903810,1005.06604
1760985903830,1004.978
1760985903851,1004.8384
1760985903871,1004.7969
1760985903892,1004.8753
1760985903911,1005.04236
1760985903931,1005.20886
1760985903951,1005.28217
1760985903972,1005.26874
1760985903992,1005.1944
1760985904012,1005.11017
1760985904032,1005.0275
1760985904051,1004.9492
1760985904071,1004.9085
1760985904092,1004.8711
1760985904112,1004.9036
1760985904132,1004.8994
1760985904151,1004.9063
1760985904171,1004.9238
1760985904191,1005.1859
1760985904212,1006.0205
1760985904232,1006.4503
1760985904251,1006.6166
1760985904270,1006.772
1760985904290,1006.82635
1760985904311,1007.28436
1760985904331,1007.3638
1760985904350,1006.7507
1760985904371,1006.31555
1760985904390,1006.1192
1760985904411,1005.85
1760985904432,1005.365
1760985904452,1004.96045
1760985904471,1004.97736
1760985904492,1005.0639
1760985904512,1005.15204
1760985904532,1005.117
1760985904552,1005.2973
1760985904572,1005.627
1760985904591,1005.77454
1760985904611,1005.9309
1760985904631,1006.2875
1760985904651,1006.34924
1760985904672,1005.9188
1760985904691,1005.8375
1760985904711,1005.90466
1760985904732,1005.8164
1760985904752,1005.7025
1760985904772,1005.51483
1760985904791,1005.36237
1760985904810,1005.04346
1760985904830,1004.7328
1760985904850,1004.66547
1760985904872,1004.578
1760985904892,1004.4718
1760985904911,1004.33325
1760985904931,1004.2114
1760985904950,1004.1639
1760985904971,1004.08453
1760985904991,1004.0114
1760985905011,1003.91034
1760985905031,1003.78546
1760985905051,1003.84326
1760985905071,1004.02014
1760985905091,1004.14197
1760985905111,1004.1906
1760985905131,1004.29407
1760985905151,1004.32935
1760985905171,1004.3659
1760985905191,1004.33185
1760985905212,1004.2402
1760985905232,1004.06085
1760985905251,1003.90955
1760985905270,1003.7455
1760985905290,1003.6958
1760985905311,1003.71375
1760985905332,1003.7876
1760985905351,1003.8306
1760985905372,1003.8322
1760985905391,1003.90094
1760985905411,1003.9433
1760985905431,1004.06573
1760985905452,1004.3462
1760985905471,1004.62
1760985905491,1004.9263
1760985905511,1005.2395
1760985905531,1005.2806
1760985905552,1005.21625
1760985905571,1005.1772
1760985905591,1005.2505
1760985905610,1005.22174
1760985905630,1005.1856
1760985905651,1005.1539
1760985905671,1005.1383
1760985905690,1005.1314
1760985905710,1005.0642
1760985905730,1005.048
1760985905751,1005.04297
1760985905771,1005.09174
1760985905790,1005.0595
1760985905810,1004.9906
1760985905830,1004.95764
1760985905850,1004.96985
1760985905871,1004.95294
1760985905891,1004.91077
1760985905910,1004.8931
1760985905930,1004.89734
1760985905950,1004.84247
1760985905970,1004.817
1760985905991,1004.77
1760985906010,1004.6942
1760985906030,1004.7006
1760985906050,1004.6937
1760985906070,1004.71173
1760985906090,1004.7347
1760985906111,1004.7872
1760985906130,1004.81903
1760985906150,1004.84314
1760985906170,1004.8561
1760985906190,1004.8631
1760985906211,1004.8224
1760985906231,1004.7918
1760985906250,1004.7572
1760985906271,1004.6844
1760985906290,1004.4986
1760985906310,1004.39233
1760985906331,1004.3553
1760985906350,1004.5567
1760985906370,1004.6964
1760985906390,1004.6877
1760985906410,1004.59485
1760985906431,1004.7391
1760985906451,1005.07324
1760985906470,1005.0494
1760985906490,1004.95984
1760985906510,1004.8931
1760985906530,1004.70703
1760985906551,1004.52814
1760985906571,1004.41595
1760985906590,1004.48486
1760985906610,1004.5556
1760985906631,1004.6194
1760985906651,1004.6797
1760985906672,1004.7652
1760985906691,1004.8045
1760985906711,1004.8819
1760985906731,1004.8172
1760985906751,1004.8095
1760985906771,1004.9459
1760985906791,1005.10376
1760985906810,1005.205
1760985906831,1005.32684
1760985906851,1005.2339
1760985906871,1005.10516
1760985906891,1005.0789
1760985906911,1005.09717
1760985906931,1004.7553
1760985906951,1004.8102
1760985906971,1004.8339
1760985906991,1004.78534
1760985907012,1004.792
1760985907031,1004.7553
1760985907050,1004.7484
1760985907071,1004.8181
1760985907091,1004.85986
1760985907111,1004.8256
1760985907131,1004.8211
1760985907151,1004.7969
1760985907170,1004.7555
1760985907190,1004.6841
1760985907211,1004.6404
1760985907231,1004.64935
1760985907251,1004.5486
1760985907271,1004.84845
1760985907290,1004.998
1760985907311,1005.0136
1760985907331,1004.9944
1760985907351,1005.01294
1760985907370,1005.1234
1760985907390,1005.10547
1760985907410,1005.04486
1760985907431,1005.01105
1760985907451,1005.0022
1760985907471,1005.0039
1760985907490,1004.9362
1760985907511,1004.79736
1760985907531,1004.71204
1760985907552,1004.6934
1760985907572,1004.8582
1760985907590,1004.8697
1760985907610,1004.8278
1760985907631,1004.818
1760985907651,1004.7955
1760985907671,1004.7034
1760985907690,1004.5569
1760985907711,1004.53876
1760985907731,1004.53217
1760985907751,1004.627
1760985907771,1004.7875
1760985907791,1004.7078
1760985907810,1004.72217
1760985907830,1004.6742
1760985907850,1004.67596
1760985907872,1005.02814
1760985907892,1005.0992
1760985907910,1005.16846
1760985907930,1005.1694
1760985907950,1005.175
1760985907971,1005.1174
1760985907991,1005.07935
1760985908011,1005.1138
1760985908031,1005.07404
1760985908050,1005.08093
1760985908071,1005.09845
1760985908091,1005.0678
1760985908111,1005.08704
1760985908130,1005.0495
1760985908150,1005.03125
1760985908170,1005.0494
1760985908191,1005.03174
1760985908211,1005.03314
1760985908231,1005.008
1760985908251,1004.9955
1760985908271,1004.9984
1760985908290,1005.002
1760985908310,1004.96783
1760985908332,1004.97345
1760985908350,1004.97626
1760985908371,1004.9445
1760985908391,1004.95184
1760985908411,1004.93677
1760985908431,1004.942
1760985908451,1004.93475
1760985908470,1004.96173
1760985908491,1004.9228
1760985908511,1004.91266
1760985908530,1004.94653
1760985908551,1004.94794
1760985908571,1004.9425
1760985908590,1004.9381
1760985908611,1004.9153
1760985908631,1004.9381
1760985908651,1004.9093
1760985908672,1004.9192
1760985908691,1004.90454
1760985908711,1004.9275
1760985908731,1004.91156
1760985908750,1004.90515
1760985908773,1004.91925
1760985908791,1004.8939
1760985908810,1004.89484
1760985908830,1004.88403
1760985908851,1004.89594
1760985908871,1004.8737
1760985908892,1004.8728
1760985908911,1004.89044
1760985908931,1004.8741
1760985908950,1004.8895
1760985908971,1004.90393
1760985908991,1004.89905
1760985909012,1004.8668
1760985909030,1004.8797
1760985909050,1004.8666
1760985909070,1004.91046
1760985909091,1004.8658
1760985909111,1004.8742
1760985909131,1004.8722
1760985909151,1004.89716
1760985909171,1005.1192
1760985909190,1005.1766
1760985909211,1005.01685
1760985909232,1004.8602
