1760985027140,1004.29474
1760985027160,1004.28357
1760985027179,1004.3145
1760985027199,1004.3253
1760985027219,1004.3147
1760985027240,1004.28937
1760985027260,1004.3248
1760985027280,1004.3105
1760985027300,1004.32513
1760985027319,1004.2736
1760985027340,1004.28613
1760985027359,1004.29016
1760985027380,1004.2642
1760985027399,1004.2456
1760985027419,1004.22986
1760985027439,1004.1878
1760985027460,1004.2523
1760985027480,1004.2014
1760985027500,1004.1555
1760985027519,1004.1256
1760985027539,1004.03827
1760985027559,1004.01
1760985027580,1003.96216
1760985027600,1003.9583
1760985027619,1003.9836
1760985027639,1004.0186
1760985027659,1004.0747
1760985027680,1004.15656
1760985027700,1004.23096
1760985027720,1004.252
1760985027739,1004.2914
1760985027759,1004.29047
1760985027779,1004.265
1760985027800,1004.28534
1760985027820,1004.31445
1760985027839,1004.33124
1760985027859,1004.34467
1760985027879,1004.3619
1760985027899,1004.33
1760985027920,1004.3011
1760985027940,1004.3481
1760985027959,1004.3706
1760985027979,1004.35205
1760985027999,1004.35376
1760985028019,1004.362
1760985028040,1004.3677
1760985028061,1004.38983
1760985028079,1004.3638
1760985028099,1004.3674
1760985028119,1004.35516
1760985028140,1004.3248
1760985028160,1004.3064
1760985028179,1004.34564
1760985028199,1004.32623
1760985028219,1004.27716
1760985028240,1004.3178
1760985028261,1004.28876
1760985028281,1004.27716
1760985028300,1004.27893
1760985028319,1004.28925
1760985028340,1004.2914
1760985028360,1004.3073
1760985028381,1004.27405
1760985028400,1004.3162
1760985028419,1004.34216
1760985028440,1004.34607
1760985028460,1004.3248
1760985028481,1004.33734
1760985028501,1004.2734
1760985028520,1004.27893
1760985028539,1004.2526
1760985028560,1004.29767
1760985028580,1004.3558
1760985028601,1004.3799
1760985028620,1004.3842
1760985028640,1004.34607
1760985028659,1004.28656
1760985028679,1004.3002
1760985028700,1004.3293
1760985028720,1004.3651
1760985028739,1004.34015
1760985028759,1004.26733
1760985028780,1004.1864
1760985028800,1004.27924
1760985028820,1004.3753
1760985028840,1004.4319
1760985028859,1004.39484
1760985028879,1004.3536
1760985028899,1004.3622
1760985028920,1004.31903
1760985028940,1004.305
1760985028959,1004.3206
1760985028980,1004.39484
1760985028999,1004.41766
1760985029020,1004.47736
1760985029040,1004.54816
1760985029063,1004.54205
1760985029079,1004.5542
1760985029099,1004.60565
1760985029119,1004.7328
1760985029139,1005.0486
1760985029160,1005.0051
1760985029179,1004.8008
1760985029199,1004.7411
1760985029219,1004.7075
1760985029239,1004.6847
1760985029260,1004.6714
1760985029281,1004.77
1760985029299,1004.8161
1760985029319,1004.71533
1760985029339,1004.52405
1760985029359,1004.7225
1760985029380,1005.2145
1760985029400,1005.4334
1760985029419,1005.21967
1760985029439,1004.6767
1760985029460,1004.4997
1760985029480,1004.67883
1760985029500,1004.8711
1760985029519,1004.9855
1760985029539,1005.01825
1760985029560,1004.818
1760985029580,1004.70154
1760985029600,1004.5053
1760985029620,1004.51044
1760985029639,1004.5975
1760985029659,1004.6514
1760985029679,1004.4561
1760985029700,1004.4786
1760985029720,1004.91406
1760985029739,1004.89233
1760985029759,1004.805
1760985029779,1004.70294
1760985029799,1004.7397
1760985029820,1004.4948
1760985029841,1004.1694
1760985029859,1004.35345
1760985029879,1004.6189
1760985029900,1004.47437
1760985029920,1004.36487
1760985029940,1004.3154
1760985029960,1004.09406
1760985029980,1004.1856
1760985030000,1004.1067
1760985030020,1004.52655
1760985030040,1004.8044
1760985030060,1004.79095
1760985030080,1004.7978
1760985030101,1004.65717
1760985030120,1004.65674
1760985030139,1004.53357
1760985030161,1004.3541
1760985030181,1004.2067
1760985030200,1004.09576
1760985030219,1004.0737
1760985030239,1004.22687
1760985030260,1004.28326
1760985030281,1004.1898
1760985030299,1004.1805
1760985030319,1004.15283
1760985030339,1004.13794
1760985030360,1004.1647
1760985030380,1004.21655
1760985030401,1004.2086
1760985030419,1004.1811
1760985030439,1004.1131
1760985030459,1004.0525
1760985030480,1003.9991
1760985030500,1004.1758
1760985030521,1004.105
1760985030540,1004.3303
1760985030560,1004.4947
1760985030580,1004.5539
1760985030617,1004.4522
1760985030639,1004.3673
1760985030659,1004.34546
1760985030679,1004.3464
1760985030699,1004.3929
1760985030721,1004.4939
1760985030741,1004.5979
1760985030759,1004.781
1760985030780,1004.9378
1760985030799,1004.8868
1760985030820,1004.7791
1760985030840,1004.6629
1760985030860,1004.6287
1760985030879,1004.8098
1760985030899,1005.0507
1760985030920,1005.2345
1760985030940,1005.24994
1760985030960,1005.16266
1760985030979,1004.9779
1760985031000,1004.91077
1760985031020,1005.00244
1760985031040,1005.12213
1760985031069,1005.2106
1760985031079,1005.04584
1760985031099,1004.63116
1760985031119,1004.42426
1760985031139,1004.3324
1760985031160,1004.3032
1760985031181,1004.4037
1760985031199,1004.5389
1760985031219,1004.633
1760985031239,1004.59064
1760985031260,1004.6668
1760985031280,1004.7342
1760985031301,1004.7099
1760985031319,1004.60474
1760985031340,1004.7303
1760985031359,1004.66296
1760985031380,1004.2771
1760985031400,1003.9124
1760985031419,1003.7571
1760985031439,1003.7807
1760985031459,1003.9945
1760985031480,1004.19666
1760985031500,1004.27655
1760985031521,1004.24567
1760985031539,1004.1717
1760985031560,1004.13165
1760985031579,1004.2258
1760985031600,1004.3606
1760985031621,1004.4631
1760985031639,1004.45294
1760985031659,1004.3734
1760985031679,1004.3917
1760985031699,1004.3787
1760985031720,1004.4346
1760985031740,1005.15405
1760985031759,1005.1198
1760985031779,1004.27325
1760985031799,1003.9628
1760985031820,1003.84515
1760985031840,1003.8141
1760985031860,1003.8575
1760985031880,1004.04266
1760985031899,1004.4981
1760985031921,1004.78577
1760985031940,1004.5009
1760985031960,1004.21466
1760985031980,1003.84955
1760985032000,1003.84607
1760985032019,1003.9228
1760985032040,1004.0192
1760985032060,1004.21344
1760985032081,1004.33405
1760985032099,1004.52264
1760985032119,1004.3102
1760985032139,1004.28564
1760985032160,1004.2988
1760985032181,1004.3102
1760985032199,1004.52045
1760985032219,1004.6395
1760985032240,1004.7103
1760985032259,1004.64813
1760985032280,1004.54486
1760985032301,1004.5318
1760985032319,1004.34955
1760985032339,1004.5658
1760985032359,1004.6978
1760985032380,1004.7447
1760985032400,1004.65497
1760985032419,1004.6708
1760985032440,1004.7103
1760985032459,1004.615
1760985032480,1004.4725
1760985032500,1004.2714
1760985032520,1004.03314
1760985032539,1003.8567
1760985032560,1003.70844
1760985032580,1003.7509
1760985032600,1003.9322
1760985032621,1003.95807
1760985032641,1004.1202
1760985032659,1004.21155
1760985032679,1004.21075
1760985032699,1004.1589
1760985032720,1004.09906
1760985032740,1004.1092
1760985032759,1004.0678
1760985032779,1003.85175
1760985032799,1003.9344
1760985032820,1004.0734
1760985032840,1004.2537
1760985032860,1004.1892
1760985032879,1004.26984
1760985032900,1004.40594
1760985032919,1004.495
1760985032940,1004.6962
1760985032960,1004.4225
1760985032979,1004.3225
1760985033000,1004.3259
1760985033020,1004.41815
1760985033040,1004.4792
1760985033062,1004.40173
1760985033080,1004.40295
1760985033099,1004.2402
1760985033119,1004.03375
1760985033139,1003.8723
1760985033160,1003.84814
1760985033180,1003.89874
1760985033200,1003.88794
1760985033219,1004.08716
1760985033239,1004.27655
1760985033259,1004.3083
1760985033280,1004.14954
1760985033300,1004.0636
1760985033319,1003.9909
1760985033339,1003.97687
1760985033359,1004.1089
1760985033379,1004.27625
1760985033400,1004.43536
1760985033420,1004.4656
1760985033439,1004.46094
1760985033459,1004.4536
1760985033480,1004.3911
1760985033500,1004.4228
1760985033521,1004.4662
1760985033539,1004.5483
1760985033560,1004.5122
1760985033580,1004.46924
1760985033600,1004.4319
1760985033620,1004.46967
1760985033640,1004.50244
1760985033660,1004.5545
1760985033680,1004.5466
1760985033700,1004.6191
1760985033720,1004.6959
1760985033740,1004.4817
1760985033760,1004.6127
1760985033779,1004.493
1760985033800,1004.318
1760985033820,1004.23
1760985033840,1004.03265
1760985033860,1003.9087
1760985033879,1003.84015
1760985033900,1003.8148
1760985033919,1003.943
1760985033940,1004.1697
1760985033960,1004.27264
1760985033981,1004.2097
1760985033999,1004.1011
1760985034020,1003.96405
1760985034040,1003.877
1760985034060,1003.8203
1760985034080,1003.84625
1760985034100,1003.937
1760985034119,1004.21124
1760985034139,1004.33594
1760985034160,1004.1458
1760985034180,1004.08075
1760985034201,1004.1152
1760985034219,1004.1934
1760985034239,1004.3703
1760985034260,1004.72516
1760985034280,1005.0742
1760985034301,1004.882
1760985034319,1004.5009
1760985034339,1004.2456
1760985034359,1004.3145
1760985034379,1004.2225
1760985034400,1004.0461
1760985034420,1003.87305
1760985034439,1003.7825
1760985034459,1003.7944
1760985034480,1003.9955
1760985034500,1004.2995
1760985034521,1004.341
1760985034539,1004.15076
1760985034559,1004.0069
1760985034580,1003.90924
1760985034600,1003.90424
1760985034621,1003.9393
1760985034640,1003.8185
1760985034659,1003.83765
1760985034679,1003.9939
1760985034699,1004.2372
1760985034720,1004.2491
1760985034740,1004.6491
1760985034760,1004.64594
1760985034779,1004.2611
1760985034799,1004.34924
1760985034820,1004.54877
1760985034840,1004.68604
1760985034860,1004.7256
1760985034880,1004.6967
1760985034899,1004.6827
1760985034920,1004.6878
1760985034940,1004.7411
1760985034960,1004.6981
1760985034981,1004.6315
1760985035000,1004.4891
1760985035020,1004.358
1760985035040,1004.21375
1760985035070,1004.0531
1760985035080,1003.9528
1760985035099,1003.8809
1760985035119,1003.91846
1760985035139,1004.08234
1760985035160,1004.2609
1760985035180,1004.2477
1760985035200,1004.22894
1760985035219,1004.1166
1760985035239,1003.8819
1760985035260,1003.7706
1760985035279,1003.79315
1760985035300,1003.84186
1760985035320,1003.96204
1760985035339,1004.09766
1760985035359,1004.15106
1760985035379,1004.15564
1760985035400,1004.1319
1760985035420,1004.16974
1760985035439,1004.3364
1760985035459,1004.52155
1760985035479,1004.64966
1760985035500,1004.64514
1760985035521,1004.71875
1760985035540,1004.6771
1760985035559,1004.45844
1760985035579,1004.34326
1760985035599,1004.4498
1760985035620,1004.2617
1760985035640,1003.9797
1760985035659,1003.77295
1760985035679,1003.66846
1760985035699,1003.71155
1760985035720,1003.8176
1760985035740,1004.09705
1760985035761,1004.2897
1760985035780,1004.2403
1760985035799,1004.15735
1760985035819,1003.82764
1760985035840,1003.6069
1760985035861,1003.70416
1760985035880,1003.85486
1760985035900,1003.985
1760985035920,1004.0676
1760985035940,1004.225
1760985035960,1004.2677
1760985035981,1004.1509
1760985036000,1004.2678
1760985036019,1004.5002
1760985036039,1004.3791
1760985036060,1004.3869
1760985036080,1004.41864
1760985036101,1004.4297
1760985036119,1004.4628
1760985036139,1004.5549
1760985036159,1004.6208
1760985036179,1004.72815
1760985036200,1004.753
1760985036220,1004.73737
1760985036239,1004.7272
1760985036259,1004.45294
1760985036280,1004.21295
1760985036300,1004.1258
1760985036320,1004.00574
1760985036339,1004.04456
1760985036360,1004.1291
1760985036382,1004.16187
1760985036400,1004.0475
1760985036420,1003.9903
1760985036439,1003.8317
1760985036460,1003.8131
1760985036479,1003.9233
1760985036500,1004.03345
1760985036520,1003.91455
1760985036540,1003.81903
1760985036559,1003.6475
1760985036579,1003.70404
1760985036599,1003.79315
1760985036620,1003.8591
1760985036640,1003.9247
1760985036661,1003.9311
1760985036680,1004.02094
1760985036699,1004.14923
1760985036719,1004.4814
1760985036740,1004.65356
1760985036760,1004.6745
1760985036781,1004.84216
1760985036800,1004.8741
1760985036819,1004.7589
1760985036840,1004.3731
1760985036860,1004.22675
1760985036881,1004.218
1760985036899,1004.1225
1760985036919,1003.89716
1760985036940,1003.7445
1760985036960,1003.6362
1760985036981,1003.61847
1760985037000,1003.73987
1760985037020,1004.0225
1760985037040,1004.2631
1760985037060,1004.15106
1760985037080,1004.0603
1760985037100,1004.03595
1760985037119,1003.6381
1760985037139,1003.6803
1760985037159,1003.82263
1760985037180,1004.1228
1760985037200,1004.1467
1760985037219,1004.2375
1760985037239,1004.3742
1760985037259,1004.5051
1760985037279,1004.5506
1760985037299,1004.5889
1760985037320,1004.37933
1760985037339,1004.7536
1760985037359,1004.8625
1760985037379,1004.77704
1760985037399,1004.65204
1760985037420,1004.60474
1760985037440,1004.49066
1760985037459,1004.53986
1760985037480,1004.5608
1760985037500,1004.3167
1760985037520,1004.00946
1760985037541,1003.87006
1760985037559,1003.83514
1760985037579,1003.85596
1760985037600,1003.8186
1760985037620,1003.8597
1760985037640,1003.9866
1760985037660,1004.0731
1760985037679,1004.03876
1760985037699,1004.01483
1760985037720,1003.9219
1760985037740,1003.8661
1760985037760,1003.84106
1760985037780,1003.83453
1760985037799,1003.79517
1760985037820,1004.1436
1760985037840,1003.6886
1760985037861,1003.9481
1760985037881,1004.04407
1760985037899,1004.08856
1760985037919,1004.4233
1760985037939,1004.54095
1760985037960,1004.625
1760985037980,1004.60236
1760985038001,1004.5772
1760985038019,1004.48126
1760985038040,1004.3769
1760985038059,1004.27625
1760985038080,1004.26624
1760985038100,1004.14716
1760985038120,1003.96893
1760985038139,1003.8053
1760985038159,1003.7483
1760985038179,1003.7466
1760985038200,1003.84235
1760985038221,1003.8906
1760985038239,1004.0483
1760985038259,1004.0669
1760985038279,1003.9334
1760985038300,1003.46094
1760985038320,1003.5423
1760985038340,1003.57
1760985038359,1003.63794
1760985038380,1003.7369
1760985038400,1003.91766
1760985038420,1004.0092
1760985038440,1004.1686
1760985038460,1004.3791
1760985038479,1004.3063
1760985038499,1004.2428
1760985038520,1004.30707
1760985038541,1004.3284
1760985038560,1004.34
1760985038580,1004.3244
1760985038599,1004.3286
1760985038620,1004.41125
1760985038640,1004.82263
1760985038660,1004.5047
1760985038679,1004.4987
1760985038699,1004.1174
1760985038719,1003.88153
1760985038740,1004.02545
1760985038760,1004.03345
1760985038780,1003.9771
1760985038799,1003.95844
1760985038820,1004.0095
1760985038839,1003.95764
1760985038860,1003.9008
1760985038881,1003.8743
1760985038899,1003.8503
1760985038919,1003.7392
1760985038939,1003.6916
1760985038960,1003.71436
1760985038980,1003.7049
1760985039001,1003.7969
1760985039019,1003.9509
1760985039039,1004.0556
1760985039060,1004.0542
1760985039080,1004.1769
1760985039101,1004.4217
1760985039119,1004.66455
1760985039143,1004.57935
1760985039159,1004.4928
1760985039179,1004.4714
1760985039200,1004.42584
1760985039220,1004.34424
1760985039239,1004.2966
1760985039260,1004.26733
1760985039280,1004.29315
1760985039300,1004.1883
1760985039320,1003.95526
1760985039341,1003.83795
1760985039359,1003.71545
1760985039379,1003.7033
1760985039400,1003.7692
1760985039421,1003.82776
1760985039440,1003.991
1760985039461,1003.97076
1760985039480,1003.5737
1760985039500,1003.6234
1760985039520,1003.6292
1760985039540,1003.6241
1760985039560,1003.7029
1760985039580,1003.77014
1760985039600,1003.9412
1760985039620,1004.0614
1760985039640,1004.1853
1760985039660,1004.23016
1760985039680,1004.2355
1760985039699,1004.2972
1760985039719,1004.308
1760985039740,1004.3027
1760985039760,1004.3209
1760985039780,1004.27905
1760985039799,1004.2609
1760985039819,1004.2572
1760985039839,1004.28906
1760985039860,1004.4877
1760985039880,1004.32404
1760985039901,1004.4669
1760985039919,1004.6231
1760985039939,1004.1281
1760985039960,1003.8542
1760985039980,1003.82874
1760985040001,1003.9581
1760985040020,1003.96045
1760985040041,1004.0062
1760985040059,1004.0637
1760985040080,1004.08966
1760985040100,1003.8
1760985040120,1003.73596
1760985040140,1003.8217
1760985040160,1003.9572
1760985040179,1003.9323
1760985040199,1003.8822
1760985040220,1003.8839
1760985040239,1003.8248
1760985040259,1003.8661
1760985040280,1003.97
1760985040299,1004.0814
1760985040320,1003.9308
1760985040340,1003.9853
1760985040359,1004.0549
1760985040379,1004.1345
1760985040399,1004.2036
1760985040419,1004.5602
1760985040440,1004.4467
1760985040459,1004.4967
1760985040479,1004.40326
1760985040500,1004.4236
1760985040520,1004.64624
1760985040540,1004.6277
1760985040560,1004.41766
1760985040580,1004.2458
1760985040600,1004.11
1760985040619,1004.0775
1760985040640,1003.9426
1760985040660,1003.8136
1760985040681,1003.608
1760985040699,1003.6105
1760985040719,1003.7551
1760985040739,1003.8086
1760985040760,1003.9174
1760985040780,1003.9404
1760985040799,1003.83484
1760985040819,1003.6333
1760985040839,1003.6336
1760985040859,1003.6319
1760985040880,1003.6468
1760985040900,1003.6854
1760985040919,1003.77344
1760985040939,1003.82935
1760985040960,1003.89374
1760985040980,1004.00946
1760985041000,1003.9858
1760985041020,1003.95685
1760985041040,1003.9973
1760985041060,1004.08734
1760985041080,1004.2022
1760985041101,1004.6345
1760985041121,1004.52155
1760985041140,1004.4302
1760985041160,1004.52966
1760985041179,1004.4506
1760985041200,1004.46576
1760985041236,1004.5356
1760985041277,1004.5764
1760985041291,1004.3005
1760985041299,1004.1783
1760985041320,1003.8737
1760985041341,1003.7087
1760985041360,1003.6909
1760985041380,1003.6678
1760985041400,1003.63544
1760985041420,1003.6514
1760985041440,1003.7207
1760985041461,1003.7949
1760985041479,1003.7225
1760985041499,1003.66174
1760985041520,1003.6667
1760985041540,1003.765
1760985041560,1003.79767
1760985041579,1004.28766
1760985041600,1004.51984
1760985041620,1004.7356
1760985041640,1004.7264
1760985041660,1004.64734
1760985041680,1004.48376
1760985041699,1004.40466
1760985041719,1004.41547
1760985041740,1004.47266
1760985041760,1004.48486
1760985041780,1004.3016
1760985041800,1004.29
1760985041819,1004.33856
1760985041839,1004.3331
1760985041860,1004.3209
1760985041880,1004.5708
1760985041900,1004.59796
1760985041919,1004.8713
1760985041939,1004.51764
1760985041959,1004.08685
1760985041980,1003.8778
1760985042001,1003.777
1760985042019,1003.6916
1760985042040,1003.7417
1760985042059,1003.7575
1760985042079,1003.90857
1760985042099,1003.9542
1760985042120,1003.895
1760985042139,1003.46985
1760985042160,1003.40436
1760985042179,1003.4987
1760985042199,1003.572
1760985042220,1003.6936
1760985042240,1004.0955
1760985042260,1004.01044
1760985042279,1004.0767
1760985042299,1004.0545
1760985042320,1004.2559
1760985042340,1004.4445
1760985042360,1004.0058
1760985042379,1004.03143
1760985042399,1004.28015
1760985042420,1004.5478
1760985042441,1004.6473
1760985042461,1004.6212
1760985042480,1004.5687
1760985042500,1004.5542
1760985042520,1004.53516
1760985042540,1004.5542
1760985042561,1004.34845
1760985042581,1004.0755
1760985042600,1004.0078
1760985042620,1003.84686
1760985042640,1003.7253
1760985042660,1003.6983
1760985042680,1003.72815
1760985042699,1003.7472
1760985042720,1003.8244
1760985042739,1003.8744
1760985042760,1003.8659
1760985042781,1003.77313
1760985042800,1003.4687
1760985042819,1003.5522
1760985042840,1003.70593
1760985042859,1003.6384
1760985042880,1003.69507
1760985042901,1003.85205
1760985042919,1003.72375
1760985042939,1003.92236
1760985042959,1003.8858
1760985042979,1004.058
1760985043000,1004.2586
1760985043020,1004.62
1760985043039,1004.6261
1760985043059,1004.48486
1760985043095,1004.4789
1760985043102,1004.2662
1760985043120,1004.21924
1760985043141,1004.1794
1760985043159,1004.2261
1760985043179,1004.15204
1760985043199,1003.91064
1760985043220,1003.7272
1760985043240,1003.6342
1760985043259,1003.54706
1760985043279,1003.63
1760985043299,1003.7022
1760985043319,1003.892
1760985043340,1003.9235
1760985043360,1003.36115
1760985043379,1003.40717
1760985043399,1003.4356
1760985043419,1003.4445
1760985043439,1003.51874
1760985043460,1003.6212
1760985043479,1003.78143
1760985043499,1003.95
1760985043519,1004.40674
1760985043539,1004.20044
1760985043560,1004.02545
1760985043580,1004.08105
1760985043599,1004.1689
1760985043619,1004.2497
1760985043639,1004.313
1760985043659,1004.3059
1760985043680,1004.3268
1760985043699,1004.3575
1760985043720,1004.79315
1760985043739,1004.78357
1760985043759,1004.6689
1760985043780,1004.3555
1760985043800,1003.93243
1760985043819,1003.9753
1760985043840,1003.9412
1760985043860,1003.8748
1760985043880,1003.8042
1760985043900,1003.8173
1760985043920,1003.8717
1760985043939,1004.0178
1760985043959,1003.95734
1760985043980,1003.90216
1760985044000,1003.8103
1760985044020,1003.5545
1760985044040,1003.53827
1760985044060,1003.5675
1760985044079,1003.6142
1760985044100,1003.8909
1760985044120,1003.84143
1760985044141,1003.94727
1760985044159,1003.9331
1760985044179,1004.0627
1760985044200,1004.28595
1760985044220,1004.59204
1760985044240,1004.6025
1760985044259,1004.3709
1760985044279,1004.0464
1760985044299,1003.97906
1760985044319,1004.0598
1760985044340,1004.2361
1760985044361,1003.9525
1760985044379,1003.8147
1760985044399,1003.6694
1760985044419,1003.5364
1760985044440,1003.3755
1760985044460,1003.4387
1760985044479,1003.5325
1760985044499,1003.58685
1760985044520,1003.59985
1760985044540,1003.60706
1760985044560,1003.61633
1760985044581,1003.5959
1760985044600,1003.5428
1760985044619,1003.6206
1760985044639,1003.70905
1760985044659,1003.8914
1760985044680,1004.01764
1760985044701,1004.105
1760985044719,1004.15906
1760985044739,1004.20874
1760985044759,1004.29297
1760985044780,1004.3901
1760985044800,1004.40674
1760985044819,1004.3717
1760985044840,1004.2992
1760985044860,1004.3151
1760985044880,1004.3156
1760985044900,1004.4614
1760985044920,1004.4509
1760985044939,1004.26935
1760985044959,1004.0662
1760985044980,1003.91876
1760985045000,1003.8011
1760985045021,1003.7534
1760985045039,1003.83716
1760985045060,1003.90625
1760985045080,1003.9233
1760985045100,1003.9297
1760985045120,1003.9578
1760985045140,1003.92194
1760985045161,1003.78455
1760985045179,1003.6852
1760985045199,1003.6741
1760985045220,1003.7014
1760985045240,1003.6894
1760985045261,1003.6784
1760985045280,1004.7728
1760985045299,1004.23157
1760985045319,1003.8533
1760985045340,1003.91815
1760985045361,1003.8867
1760985045379,1004.03986
1760985045399,1004.2011
1760985045420,1004.91547
1760985045440,1004.51825
1760985045461,1004.2967
1760985045481,1004.27747
1760985045499,1004.3033
1760985045520,1004.2936
1760985045540,1004.21265
1760985045561,1004.1639
1760985045580,1004.20233
1760985045600,1004.0789
1760985045620,1003.8078
1760985045640,1003.6389
1760985045660,1003.6125
1760985045680,1003.6128
1760985045700,1003.75336
1760985045719,1003.8192
1760985045739,1003.85736
1760985045760,1003.8289
1760985045780,1003.7009
1760985045800,1003.4928
1760985045820,1003.5142
1760985045840,1003.5123
1760985045859,1003.58575
1760985045879,1003.70044
1760985045900,1003.8575
1760985045920,1003.9607
1760985045939,1003.9869
1760985045959,1004.012
1760985045979,1004.02985
1760985046000,1004.07684
1760985046020,1004.1475
1760985046040,1004.20544
1760985046059,1004.2072
1760985046079,1004.2495
1760985046100,1004.2445
1760985046120,1004.2092
1760985046141,1004.3124
1760985046160,1004.35736
1760985046180,1004.22845
1760985046199,1004.0878
1760985046219,1003.96405
1760985046240,1003.9045
1760985046260,1003.8197
1760985046279,1003.7339
1760985046300,1003.6855
1760985046319,1003.72284
1760985046340,1003.7344
1760985046360,1003.8619
1760985046380,1003.83514
1760985046399,1003.77795
1760985046419,1003.6922
1760985046440,1003.63794
1760985046460,1003.62396
1760985046481,1003.69586
1760985046500,1003.5389
1760985046519,1003.7619
1760985046540,1003.675
1760985046560,1003.86487
1760985046580,1004.1144
1760985046600,1003.89923
1760985046620,1003.9892
1760985046639,1004.21716
1760985046662,1004.5023
1760985046679,1004.563
1760985046700,1004.3253
1760985046719,1004.077
1760985046739,1004.0725
1760985046759,1004.07983
1760985046780,1004.1986
1760985046800,1004.2053
1760985046820,1004.26697
1760985046839,1004.063
1760985046859,1003.90314
1760985046879,1003.7622
1760985046900,1003.698
1760985046920,1003.67615
1760985046939,1003.6862
1760985046959,1003.71344
1760985046979,1003.7448
1760985046999,1003.46814
1760985047020,1003.50696
1760985047040,1003.5468
1760985047060,1003.5625
1760985047080,1003.59766
1760985047099,1003.66437
1760985047120,1003.77625
1760985047140,1003.8762
1760985047159,1003.9289
1760985047179,1003.9905
1760985047199,1004.04517
1760985047220,1004.1264
1760985047240,1004.17346
1760985047260,1004.2136
1760985047279,1004.21075
1760985047299,1004.20624
1760985047319,1004.1855
1760985047340,1004.1233
1760985047360,1004.15643
1760985047380,1004.2215
1760985047400,1004.28845
1760985047420,1004.2586
1760985047439,1004.3486
1760985047460,1004.0033
1760985047480,1003.8536
1760985047499,1003.76843
1760985047520,1003.71954
1760985047540,1003.65436
1760985047560,1003.7603
1760985047580,1003.8733
1760985047601,1003.8625
1760985047619,1003.84076
1760985047640,1003.78375
1760985047660,1003.71783
1760985047680,1003.64923
1760985047700,1003.62695
1760985047720,1003.6139
1760985047740,1003.59204
1760985047759,1003.7534
1760985047779,1003.90875
1760985047800,1003.847
1760985047821,1003.98846
1760985047839,1004.1169
1760985047859,1004.2366
1760985047879,1004.3847
1760985047900,1004.89264
1760985047920,1004.95435
1760985047941,1004.4726
1760985047959,1004.3489
1760985047979,1004.21375
1760985047999,1004.1236
1760985048020,1004.23914
1760985048040,1004.1837
1760985048060,1003.89764
1760985048079,1003.6639
1760985048100,1003.57263
1760985048121,1003.5662
1760985048140,1003.5833
1760985048161,1003.6018
1760985048181,1003.71155
1760985048199,1003.77905
1760985048219,1003.7081
1760985048240,1003.4402
1760985048260,1003.46704
1760985048279,1003.4434
1760985048299,1003.5008
1760985048320,1003.60486
1760985048339,1003.76984
1760985048360,1003.83887
1760985048380,1003.90027
1760985048399,1003.9625
1760985048420,1004.03345
1760985048440,1004.1231
1760985048460,1004.13934
1760985048480,1004.1706
1760985048499,1004.2505
1760985048519,1004.2592
1760985048540,1004.2525
1760985048560,1004.20544
1760985048581,1004.117
1760985048601,1004.1208
1760985048619,1004.225
1760985048639,1004.1411
1760985048660,1004.0737
1760985048679,1003.8364
1760985048700,1003.7011
1760985048720,1003.6175
1760985048739,1003.59357
1760985048759,1003.625
1760985048779,1003.6361
1760985048800,1003.7333
1760985048820,1003.813
1760985048839,1003.78876
1760985048859,1003.6998
1760985048879,1003.60236
1760985048899,1003.5703
1760985048920,1003.58856
1760985048940,1003.58856
1760985048959,1003.6086
1760985048979,1003.47485
1760985048999,1003.7358
1760985049020,1003.85913
1760985049041,1003.85876
1760985049060,1004.04095
1760985049079,1004.1138
1760985049100,1004.26624
1760985049119,1004.8848
1760985049143,1004.64905
1760985049161,1004.316
1760985049179,1004.2661
1760985049199,1004.1901
1760985049219,1004.1067
1760985049239,1004.14435
1760985049260,1004.11053
1760985049281,1003.87885
1760985049299,1003.7442
1760985049319,1003.64044
1760985049339,1003.58374
1760985049360,1003.5429
1760985049380,1003.5378
1760985049399,1003.7081
1760985049419,1003.72516
1760985049439,1003.64264
1760985049460,1003.4233
1760985049480,1003.415
1760985049501,1003.443
1760985049520,1003.5211
1760985049540,1003.64014
1760985049559,1003.7375
1760985049580,1003.8148
1760985049601,1003.84845
1760985049620,1003.9267
1760985049640,1003.98486
1760985049660,1004.0767
1760985049680,1004.14655
1760985049700,1004.1697
1760985049720,1004.25104
1760985049739,1004.23065
1760985049759,1004.17487
1760985049780,1004.1253
1760985049800,1004.1236
1760985049820,1004.21124
1760985049839,1004.22
1760985049859,1004.3669
1760985049879,1003.9536
1760985049899,1003.76984
1760985049920,1003.639
1760985049940,1003.5944
1760985049959,1003.605
1760985049979,1003.46375
1760985049999,1003.6167
1760985050020,1003.8867
1760985050040,1003.94653
1760985050060,1003.85486
1760985050079,1003.7355
1760985050100,1003.5822
1760985050120,1003.4828
1760985050140,1003.51044
1760985050161,1003.3914
1760985050179,1003.6198
1760985050199,1003.6936
1760985050219,1003.7381
1760985050240,1003.8056
1760985050260,1003.78925
1760985050280,1003.96094
1760985050299,1004.16327
1760985050319,1004.2509
1760985050340,1004.2436
1760985050360,1004.3112
1760985050380,1004.346
1760985050401,1004.27893
1760985050419,1004.1856
1760985050440,1004.16565
1760985050460,1004.2667
1760985050480,1004.18646
1760985050501,1003.8435
1760985050519,1003.6886
1760985050540,1003.5658
1760985050559,1003.51154
1760985050580,1003.4963
1760985050600,1003.53534
1760985050621,1003.55884
1760985050639,1003.5842
1760985050660,1003.59595
1760985050679,1003.5527
1760985050700,1003.4625
1760985050720,1003.3307
1760985050739,1003.33014
1760985050759,1003.39874
1760985050779,1003.4575
1760985050799,1003.4911
1760985050820,1003.57465
1760985050841,1003.7045
1760985050859,1003.73
1760985050879,1003.77014
1760985050899,1003.8244
1760985050920,1003.9306
1760985050940,1004.0182
1760985050960,1004.1436
1760985050979,1004.1308
1760985051000,1004.21295
1760985051020,1004.22205
1760985051040,1004.17126
1760985051060,1004.1359
1760985051080,1004.1261
1760985051101,1004.8615
1760985051120,1004.5636
1760985051141,1004.0975
1760985051160,1003.86847
1760985051179,1003.6855
1760985051199,1003.58044
1760985051219,1003.5658
1760985051239,1003.59607
1760985051260,1003.5534
1760985051280,1003.62524
1760985051299,1003.67236
1760985051319,1003.70984
1760985051339,1003.6155
1760985051360,1003.548
1760985051380,1003.6061
1760985051400,1003.6911
1760985051419,1003.6983
1760985051439,1003.8917
1760985051460,1004.4189
1760985051480,1004.60803
1760985051500,1004.3363
1760985051519,1004.3553
1760985051539,1004.3158
1760985051559,1004.27216
1760985051580,1004.33545
1760985051601,1004.3942
1760985051621,1004.0637
1760985051639,1003.952
1760985051660,1003.85876
1760985051680,1003.86487
1760985051700,1003.943
1760985051720,1003.90186
1760985051739,1003.72095
1760985051759,1003.53107
1760985051779,1003.4889
1760985051800,1003.59515
1760985051820,1003.70654
1760985051840,1003.87897
1760985051859,1004.0486
1760985051879,1003.3872
1760985051899,1003.4167
1760985051920,1003.4395
1760985051941,1003.42725
1760985051961,1003.44226
1760985051980,1003.45
1760985051999,1003.5019
1760985052020,1003.5723
1760985052040,1003.63525
1760985052060,1003.71484
1760985052079,1003.7995
1760985052099,1003.91266
1760985052120,1004.0055
1760985052140,1004.03033
1760985052160,1004.036
1760985052181,1003.9904
1760985052199,1003.9422
1760985052219,1003.97455
1760985052239,1004.96344
1760985052260,1004.535
1760985052281,1004.19305
1760985052300,1003.9387
1760985052319,1003.678
1760985052339,1003.3728
1760985052359,1003.4214
1760985052380,1003.4942
1760985052400,1003.59
1760985052419,1003.66656
1760985052439,1003.8033
1760985052459,1003.7897
1760985052480,1003.6781
1760985052501,1003.66046
1760985052519,1003.77344
1760985052539,1003.8794
1760985052560,1003.9914
1760985052580,1004.3292
1760985052600,1004.1298
1760985052620,1004.1133
1760985052640,1004.2347
1760985052660,1004.04126
1760985052680,1004.1127
1760985052699,1004.2391
1760985052720,1004.281
1760985052740,1004.2103
1760985052759,1004.1819
1760985052780,1004.16846
1760985052800,1004.1503
1760985052820,1004.1797
1760985052840,1004.3756
1760985052859,1004.03955
1760985052880,1003.71576
1760985052900,1003.52563
1760985052920,1003.38983
1760985052940,1003.39624
1760985052961,1003.44543
1760985052979,1003.57874
1760985053000,1003.7528
1760985053020,1003.8236
1760985053040,1003.1436
1760985053060,1003.24994
1760985053080,1003.27875
1760985053100,1003.3364
1760985053119,1003.47217
1760985053140,1003.54047
1760985053160,1003.7545
1760985053181,1003.8192
1760985053199,1003.8681
1760985053219,1003.8069
1760985053239,1003.84924
1760985053259,1003.95544
1760985053280,1004.0729
1760985053301,1004.1057
1760985053319,1004.2017
1760985053339,1004.3034
1760985053360,1004.35626
1760985053380,1004.3675
1760985053400,1004.6177
1760985053419,1004.5128
1760985053439,1004.4292
1760985053460,1003.9297
1760985053480,1003.7014
1760985053500,1003.5825
1760985053520,1003.4808
1760985053539,1003.46185
1760985053560,1003.465
1760985053580,1003.52075
1760985053600,1003.5964
1760985053621,1003.6709
1760985053640,1003.64154
1760985053661,1003.59265
1760985053680,1003.51654
1760985053700,1003.4445
1760985053720,1003.42975
1760985053753,1003.5038
1760985053793,1003.5744
1760985053830,1003.824
1760985053841,1003.8253
1760985053860,1003.8647
1760985053879,1004.00903
1760985053899,1004.2547
1760985053920,1004.3116
1760985053940,1004.19183
1760985053960,1004.09406
1760985053979,1004.1086
1760985053999,1003.992
1760985054020,1003.9855
1760985054040,1004.11096
1760985054060,1003.96545
1760985054080,1003.62555
1760985054099,1003.46063
1760985054119,1003.40186
1760985054140,1003.3772
1760985054160,1003.4089
1760985054181,1003.5464
1760985054199,1003.6192
1760985054219,1003.21466
1760985054239,1003.2889
1760985054259,1003.298
1760985054280,1003.3142
1760985054301,1003.3311
1760985054319,1003.34564
1760985054339,1003.45294
1760985054359,1003.6127
1760985054380,1003.85095
1760985054400,1004.1045
1760985054419,1004.1808
1760985054439,1003.9386
1760985054459,1003.90985
1760985054479,1004.10986
1760985054500,1004.2473
1760985054520,1004.35504
1760985054539,1004.52783
1760985054559,1004.5619
1760985054580,1004.4216
1760985054600,1004.6069
1760985054620,1004.6511
1760985054641,1004.63007
1760985054660,1004.29376
1760985054679,1003.96234
1760985054699,1003.77234
1760985054720,1003.56445
1760985054740,1003.41327
1760985054759,1003.29877
1760985054779,1003.34705
1760985054799,1003.4247
1760985054820,1003.46686
1760985054840,1003.5003
1760985054861,1003.51514
1760985054881,1003.52826
1760985054900,1003.5436
1760985054920,1003.54095
1760985054940,1003.53906
1760985054961,1003.5717
1760985054979,1003.5508
1760985055000,1003.65576
1760985055019,1003.72955
1760985055040,1003.83563
1760985055060,1003.8025
1760985055081,1003.91223
1760985055099,1004.17487
1760985055120,1004.39935
1760985055139,1004.26483
1760985055161,1004.03455
1760985055181,1003.9289
1760985055199,1003.96857
1760985055219,1004.0072
1760985055239,1004.0197
1760985055259,1004.0408
1760985055280,1004.07306
1760985055300,1003.7763
1760985055319,1003.5527
1760985055339,1003.5034
1760985055360,1003.4462
1760985055380,1003.39624
1760985055400,1003.1444
1760985055420,1003.0784
1760985055439,1003.1258
1760985055460,1003.2253
1760985055479,1003.2392
1760985055501,1003.2752
1760985055520,1003.29266
1760985055539,1003.34216
1760985055560,1003.3903
1760985055579,1003.4753
1760985055600,1003.6211
1760985055620,1003.7405
1760985055640,1003.8002
1760985055660,1003.8295
1760985055680,1003.8208
1760985055699,1003.85297
1760985055719,1003.91437
1760985055740,1003.95435
1760985055760,1004.02997
1760985055780,1004.1408
1760985055799,1004.46075
1760985055820,1004.22375
1760985055840,1004.16046
1760985055861,1004.60657
1760985055880,1004.6881
1760985055899,1004.63544
1760985055919,1004.4891
1760985055940,1004.22034
1760985055960,1003.92786
1760985055981,1003.56415
1760985055999,1003.3614
1760985056019,1003.2961
1760985056040,1003.27875
1760985056060,1003.3561
1760985056080,1003.4225
1760985056099,1003.4992
1760985056120,1003.58624
1760985056139,1003.5566
1760985056160,1003.58295
1760985056180,1003.5492
1760985056200,1003.54626
1760985056219,1003.5458
1760985056240,1003.53577
1760985056259,1003.5553
1760985056280,1003.5889
1760985056300,1003.66766
1760985056320,1003.72314
1760985056339,1003.7631
1760985056359,1003.79767
1760985056380,1003.85205
1760985056400,1003.8547
1760985056420,1003.8654
1760985056440,1004.02924
1760985056460,1004.02435
1760985056480,1004.03046
1760985056500,1004.07996
1760985056520,1004.1117
1760985056539,1004.08734
1760985056561,1004.15393
1760985056580,1004.0772
1760985056600,1003.7333
1760985056620,1003.5381
1760985056641,1003.4309
1760985056659,1003.34845
1760985056680,1003.2966
1760985056700,1003.3022
1760985056719,1003.2944
1760985056740,1003.1627
1760985056761,1003.2312
1760985056779,1003.40686
1760985056799,1003.57874
1760985056819,1003.34143
1760985056840,1003.2749
1760985056860,1003.3022
1760985056880,1003.48
1760985056899,1003.7889
1760985056919,1003.83875
1760985056939,1003.7455
1760985056960,1003.6796
1760985056980,1003.70715
1760985057000,1003.7467
1760985057019,1003.8208
1760985057040,1003.8822
1760985057060,1003.96063
1760985057080,1004.1955
1760985057100,1004.3528
1760985057119,1004.03827
1760985057140,1004.2537
1760985057160,1004.52856
1760985057181,1004.416
1760985057200,1004.1873
1760985057219,1003.82623
1760985057239,1003.77374
1760985057259,1003.5417
1760985057279,1003.33154
1760985057300,1003.2782
1760985057320,1003.382
1760985057339,1003.4355
1760985057359,1003.46173
1760985057379,1003.5041
1760985057400,1003.48804
1760985057421,1003.49774
1760985057439,1003.53796
1760985057459,1003.1323
1760985057480,1003.39905
1760985057500,1003.4895
1760985057520,1003.40765
1760985057540,1003.35443
1760985057559,1003.5612
1760985057579,1003.7706
1760985057600,1003.8303
1760985057620,1003.8794
1760985057640,1004.03094
1760985057660,1004.27185
1760985057679,1004.20044
1760985057700,1004.2497
1760985057719,1004.15717
1760985057740,1004.0799
1760985057760,1003.9464
1760985057779,1003.89264
1760985057799,1003.8542
1760985057819,1004.0408
1760985057840,1003.9588
1760985057860,1003.6953
1760985057879,1003.51685
1760985057900,1003.3744
1760985057919,1003.2861
1760985057940,1003.2397
1760985057960,1003.2751
1760985057980,1003.35406
1760985058000,1003.4989
1760985058020,1003.46405
1760985058040,1003.09875
1760985058060,1003.1309
1760985058080,1003.1211
1760985058101,1003.1465
1760985058120,1003.21185
1760985058140,1003.3638
1760985058160,1003.5045
1760985058180,1003.59235
1760985058200,1003.64923
1760985058219,1003.7394
1760985058239,1003.7908
1760985058259,1003.83234
1760985058280,1003.90607
1760985058300,1004.0325
1760985058321,1004.12726
1760985058339,1004.15454
1760985058359,1004.1275
1760985058379,1004.267
1760985058400,1004.873
1760985058420,1004.3932
1760985058440,1004.45734
1760985058460,1004.1248
1760985058479,1003.8158
1760985058500,1003.6934
1760985058520,1003.46564
1760985058540,1003.31024
1760985058560,1003.2528
1760985058580,1003.3258
1760985058600,1003.39844
1760985058620,1003.51587
1760985058640,1003.4913
1760985058661,1003.53955
1760985058680,1003.46466
1760985058700,1003.3631
1760985058719,1003.07904
1760985058739,1003.45966
1760985058760,1003.4009
1760985058780,1003.4331
1760985058799,1003.71313
1760985058819,1003.7753
1760985058840,1003.6808
1760985058860,1003.6164
1760985058880,1003.7126
1760985058900,1003.8897
1760985058919,1004.1731
1760985058939,1004.15356
1760985058960,1004.0815
1760985058980,1004.2114
1760985058999,1004.14703
1760985059019,1004.0172
1760985059039,1004.01764
1760985059060,1004.0123
1760985059080,1003.9331
1760985059100,1003.69147
1760985059120,1003.52313
1760985059140,1003.3675
1760985059160,1003.2551
1760985059180,1003.22186
1760985059201,1003.27704
1760985059219,1003.3628
1760985059239,1003.31
1760985059259,1003.29047
1760985059279,1003.32904
1760985059300,1003.20215
1760985059320,1003.0992
1760985059339,1003.055
1760985059360,1003.1241
1760985059379,1003.2383
1760985059400,1003.3965
1760985059420,1003.4814
1760985059441,1003.6068
1760985059459,1003.675
1760985059479,1003.6694
1760985059499,1003.6984
1760985059520,1003.7314
1760985059540,1003.7611
1760985059559,1003.78284
1760985059580,1003.79205
1760985059599,1003.8239
1760985059620,1003.8947
1760985059640,1004.2405
1760985059660,1004.13635
1760985059680,1004.08185
1760985059700,1004.2656
1760985059719,1003.97485
1760985059739,1003.59174
1760985059760,1003.57654
1760985059779,1003.39594
1760985059799,1003.35657
1760985059819,1003.31
1760985059840,1003.34955
1760985059861,1003.4797
1760985059880,1003.5448
1760985059899,1003.6301
1760985059920,1003.6128
1760985059939,1003.5664
1760985059960,1003.1342
1760985059980,1003.23267
1760985060000,1003.53577
1760985060019,1003.41956
1760985060039,1003.3678
1760985060059,1003.4297
1760985060080,1003.59564
1760985060101,1003.6854
1760985060119,1003.5695
1760985060139,1003.53516
1760985060160,1003.6747
1760985060180,1003.8655
1760985060200,1004.16736
1760985060220,1004.04694
1760985060239,1004.0186
1760985060260,1004.0558
1760985060279,1003.96844
1760985060300,1003.9753
1760985060320,1003.9498
1760985060339,1003.95953
1760985060359,1003.71606
1760985060379,1003.5581
1760985060399,1003.35175
1760985060420,1003.29315
1760985060440,1003.21014
1760985060460,1003.2523
1760985060479,1003.2942
1760985060499,1003.1245
1760985060519,1003.09546
1760985060540,1003.1442
1760985060560,1003.1708
1760985060579,1003.1889
1760985060599,1003.1848
1760985060619,1003.1788
1760985060640,1003.3022
1760985060660,1003.40717
1760985060679,1003.5239
1760985060700,1003.59955
1760985060719,1003.6744
1760985060739,1003.7028
1760985060760,1003.7457
1760985060780,1003.7939
1760985060799,1003.8581
1760985060819,1003.84393
1760985060839,1003.8667
1760985060859,1003.8525
1760985060880,1003.826
1760985060899,1003.8141
1760985060919,1003.8162
1760985060939,1003.9244
1760985060960,1004.03564
1760985060980,1004.3286
1760985061000,1003.96
1760985061019,1003.5475
1760985061039,1003.318
1760985061060,1003.2526
1760985061080,1003.41547
1760985061100,1003.47577
1760985061120,1003.45
1760985061139,1003.45514
1760985061160,1003.47876
1760985061180,1003.47076
1760985061200,1003.4412
1760985061220,1003.3913
1760985061239,1003.142
1760985061259,1003.21
1760985061279,1003.6838
1760985061299,1003.5625
1760985061320,1003.61865
1760985061340,1003.62756
1760985061359,1003.64514
1760985061379,1003.65173
1760985061399,1003.60455
1760985061419,1003.6141
1760985061440,1003.7461
1760985061460,1003.8705
1760985061479,1003.8801
1760985061499,1003.95825
1760985061519,1003.985
1760985061540,1004.147
1760985061560,1004.28406
1760985061580,1004.4236
1760985061599,1004.5325
1760985061619,1004.3147
1760985061639,1004.2031
1760985061660,1004.2414
1760985061679,1003.8162
1760985061699,1003.4306
1760985061719,1003.33716
1760985061739,1003.2308
1760985061760,1003.1781
1760985061780,1003.1608
1760985061800,1003.21454
1760985061819,1003.16046
1760985061839,1003.22986
1760985061859,1003.265
1760985061880,1003.2066
1760985061899,1003.1083
1760985061919,1003.045
1760985061939,1003.0861
1760985061959,1003.10846
1760985061980,1003.1838
1760985062000,1003.25653
1760985062019,1003.27924
1760985062039,1003.33856
1760985062059,1003.428
1760985062079,1003.40796
1760985062100,1003.5109
1760985062120,1003.5416
1760985062139,1003.6025
1760985062159,1003.6752
1760985062179,1003.71796
1760985062200,1003.77185
1760985062220,1003.7991
1760985062239,1003.827
1760985062259,1004.1208
1760985062279,1004.0597
1760985062299,1003.9323
1760985062320,1004.4726
1760985062340,1004.1668
1760985062359,1003.9944
1760985062379,1003.767
1760985062399,1003.5067
1760985062419,1003.3819
1760985062440,1003.34485
1760985062459,1003.40485
1760985062479,1003.3653
1760985062500,1003.5147
1760985062520,1003.6072
1760985062540,1003.6206
1760985062560,1003.55554
1760985062579,1003.5549
1760985062599,1003.29047
1760985062619,1003.335
1760985062639,1003.72345
1760985062660,1004.1354
1760985062680,1004.1161
1760985062699,1004.0842
1760985062719,1003.9989
1760985062739,1003.91
1760985062760,1003.83905
1760985062780,1004.2531
1760985062799,1004.08124
1760985062819,1003.90717
1760985062839,1003.8033
1760985062859,1003.7625
1760985062880,1003.7647
1760985062900,1003.7808
1760985062919,1003.8745
1760985062939,1003.72766
1760985062959,1003.8289
1760985062979,1003.97736
1760985063000,1003.557
1760985063019,1003.5714
1760985063039,1003.26013
1760985063059,1003.0578
1760985063080,1003.0667
1760985063100,1003.4158
1760985063120,1003.60785
1760985063139,1003.7555
1760985063159,1003.9473
1760985063179,1003.1119
1760985063200,1003.09955
1760985063220,1003.4302
1760985063240,1003.565
1760985063259,1003.59424
1760985063279,1003.6892
1760985063299,1003.47076
1760985063319,1003.4503
1760985063340,1003.4989
1760985063359,1003.53485
1760985063379,1003.5611
1760985063399,1003.59534
1760985063419,1003.63904
1760985063440,1003.6114
1760985063460,1003.561
1760985063480,1003.55096
1760985063499,1003.51013
1760985063519,1003.48065
1760985063540,1003.5839
1760985063560,1003.6526
1760985063579,1003.72015
1760985063599,1004.03516
1760985063620,1003.83234
1760985063639,1003.5594
1760985063660,1003.52167
1760985063680,1003.34515
1760985063699,1003.20593
1760985063719,1003.1895
1760985063739,1003.2516
1760985063759,1003.25653
1760985063780,1003.2561
1760985063799,1003.2992
1760985063819,1003.3237
1760985063839,1003.3292
1760985063859,1003.34106
1760985063880,1003.1621
1760985063900,1003.4178
1760985063919,1003.6092
1760985063939,1003.5689
1760985063959,1003.5172
1760985063979,1003.4525
1760985064000,1003.58923
1760985064020,1003.7053
1760985064039,1003.77045
1760985064059,1003.9233
1760985064079,1003.9461
1760985064100,1003.8688
1760985064120,1003.7543
1760985064139,1003.6828
1760985064159,1003.7408
1760985064179,1003.66315
1760985064199,1003.7361
1760985064220,1003.61945
1760985064240,1003.71545
1760985064259,1003.6375
1760985064279,1003.6852
1760985064299,1003.5028
1760985064319,1003.34143
1760985064340,1003.3078
1760985064359,1003.29376
1760985064379,1003.34735
1760985064399,1003.4373
1760985064420,1003.557
1760985064440,1003.6287
1760985064460,1003.01227
1760985064479,1003.0175
1760985064499,1003.15
1760985064519,1003.2914
1760985064539,1003.21783
1760985064560,1003.2544
1760985064580,1003.3034
1760985064599,1003.4401
1760985064619,1003.51483
1760985064639,1003.5598
1760985064660,1003.6222
1760985064681,1003.6117
1760985064700,1003.695
1760985064720,1003.7548
1760985064739,1003.8275
1760985064759,1003.83875
1760985064780,1004.0012
1760985064800,1004.3548
1760985064819,1003.9506
1760985064839,1003.84717
1760985064859,1004.3664
1760985064880,1003.8103
1760985064900,1003.5112
1760985064919,1003.4877
1760985064939,1003.46533
1760985064959,1003.33185
1760985064979,1003.3064
1760985065000,1003.3494
1760985065020,1003.451
1760985065039,1003.4964
1760985065059,1003.4475
1760985065079,1003.5006
1760985065100,1003.525
1760985065120,1003.5413
1760985065139,1003.53485
1760985065160,1003.4367
1760985065180,1003.3759
1760985065200,1003.4125
1760985065220,1003.52844
1760985065240,1003.6465
1760985065259,1003.70734
1760985065279,1003.6683
1760985065299,1003.66547
1760985065320,1003.7408
1760985065340,1003.7808
1760985065361,1003.8711
1760985065379,1003.91315
1760985065399,1003.84906
1760985065420,1003.747
1760985065440,1003.59393
1760985065460,1003.6923
1760985065479,1003.8283
1760985065499,1004.0075
1760985065520,1003.90594
1760985065540,1003.6823
1760985065560,1003.47473
1760985065581,1003.2912
1760985065599,1003.20544
1760985065620,1003.1153
1760985065640,1003.08453
1760985065659,1003.16034
1760985065680,1003.302
1760985065700,1003.41846
1760985065719,1003.5014
1760985065739,1002.8831
1760985065759,1002.91907
1760985065780,1002.9521
1760985065801,1002.9885
1760985065819,1003.108
1760985065839,1003.1819
1760985065859,1003.312
1760985065879,1003.34735
1760985065901,1003.41876
1760985065919,1003.52893
1760985065940,1003.483
1760985065959,1003.4933
1760985065979,1003.535
1760985066000,1003.5646
1760985066020,1003.5967
1760985066040,1003.63794
1760985066060,1003.6294
1760985066080,1003.63916
1760985066100,1003.6347
1760985066120,1003.72736
1760985066141,1003.76733
1760985066167,1003.76953
1760985066179,1004.1478
1760985066200,1004.2486
1760985066219,1003.827
1760985066240,1003.7333
1760985066259,1003.3884
1760985066279,1003.41956
1760985066299,1003.3045
1760985066319,1003.1872
1760985066346,1003.1605
1760985066383,1003.2456
1760985066401,1003.3578
1760985066421,1003.3825
1760985066442,1003.3519
1760985066461,1003.3247
1760985066481,1003.21954
1760985066501,1003.4842
1760985066521,1003.4472
1760985066542,1003.33966
1760985066561,1003.35406
1760985066581,1003.3914
1760985066601,1003.4888
1760985066621,1003.51984
1760985066641,1003.6436
1760985066662,1003.79926
1760985066681,1003.8033
1760985066701,1003.77405
1760985066721,1003.84607
1760985066741,1003.85205
1760985066762,1003.7612
1760985066782,1003.713
1760985066801,1003.752
1760985066821,1003.6989
1760985066841,1003.6901
1760985066862,1003.86273
1760985066882,1003.72626
1760985066902,1003.5114
1760985066921,1003.3142
1760985066941,1003.1769
1760985066961,1003.1103
1760985066982,1003.0542
1760985067003,1003.0633
1760985067021,1003.1069
1760985067041,1003.20966
1760985067061,1003.2558
1760985067082,1002.90356
1760985067102,1002.90875
1760985067121,1002.9239
1760985067141,1002.96234
1760985067162,1002.94
1760985067181,1003.0478
1760985067201,1003.15076
1760985067222,1003.22687
1760985067241,1003.3123
1760985067261,1003.40826
1760985067282,1003.4417
1760985067302,1003.4872
1760985067322,1003.5694
1760985067343,1003.5854
1760985067361,1003.61487
1760985067382,1003.6183
1760985067401,1003.6083
1760985067421,1003.5863
1760985067442,1003.56396
1760985067461,1003.52484
1760985067481,1003.5714
1760985067509,1003.71265
1760985067536,1003.77716
1760985067551,1004.15283
1760985067573,1004.0129
1760985067585,1003.39404
1760985067607,1003.1383
1760985067636,1003.02545
1760985067643,1002.9978
1760985067669,1003.2818
1760985067681,1003.2303
1760985067701,1003.2555
1760985067721,1003.2489
1760985067741,1003.29486
1760985067762,1003.3023
1760985067782,1003.33624
1760985067801,1003.34406
1760985067821,1003.41846
1760985067841,1003.4747
1760985067862,1003.3781
1760985067882,1003.5065
1760985067901,1003.44904
1760985067921,1003.34094
1760985067941,1003.3219
1760985067961,1003.503
1760985067981,1003.48236
1760985068002,1003.53204
1760985068021,1003.5502
1760985068041,1003.6
1760985068061,1003.51794
1760985068081,1003.5339
1760985068101,1003.6856
1760985068122,1003.91284
1760985068141,1004.0533
1760985068161,1003.8714
1760985068181,1003.9503
1760985068202,1003.66296
1760985068222,1003.53357
1760985068241,1003.66345
1760985068261,1003.5531
1760985068281,1003.53314
1760985068302,1003.6217
1760985068322,1003.5139
1760985068343,1003.4489
1760985068361,1003.4275
1760985068381,1003.29736
1760985068401,1003.1842
1760985068422,1003.15485
1760985068442,1003.1028
1760985068461,1003.09186
1760985068481,1003.145
1760985068501,1003.28156
1760985068521,1003.0436
1760985068542,1002.8005
1760985068563,1002.90533
1760985068581,1002.882
1760985068601,1002.90924
1760985068621,1002.9864
1760985068641,1003.09784
1760985068662,1003.17694
1760985068681,1003.2481
1760985068701,1003.3297
1760985068722,1003.3833
1760985068741,1003.3844
1760985068762,1003.4288
1760985068782,1003.52124
1760985068802,1003.557
1760985068821,1003.5864
1760985068841,1003.60266
1760985068861,1003.58514
1760985068882,1003.5683
1760985068903,1003.54614
1760985068921,1003.53827
1760985068941,1003.5734
1760985068961,1003.73376
1760985068982,1003.8218
1760985069002,1003.9003
1760985069021,1003.96155
1760985069041,1003.45013
1760985069061,1003.0397
1760985069083,1002.9842
1760985069102,1002.9727
1760985069122,1003.03564
1760985069141,1003.4325
1760985069162,1003.34607
1760985069195,1003.33075
1760985069202,1003.29065
1760985069222,1003.2685
1760985069242,1003.08954
1760985069261,1003.1911
1760985069281,1003.4325
1760985069301,1003.4128
1760985069322,1003.38934
1760985069342,1003.5004
1760985069361,1003.5439
1760985069381,1003.5075
1760985069401,1003.4924
1760985069421,1003.34814
1760985069441,1003.3735
1760985069462,1003.4425
1760985069481,1003.3848
1760985069501,1003.3747
1760985069521,1003.385
1760985069542,1003.46735
1760985069562,1003.46594
1760985069582,1003.4323
1760985069601,1003.4764
1760985069622,1003.64545
1760985069642,1003.53455
1760985069662,1003.26434
1760985069682,1003.1085
1760985069701,1002.9989
1760985069721,1002.9233
1760985069742,1003.003
1760985069762,1003.0458
1760985069782,1003.1373
1760985069801,1003.1614
1760985069821,1002.9924
1760985069842,1003.03705
1760985069861,1002.9966
1760985069882,1002.9987
1760985069902,1003.0115
1760985069922,1003.02765
1760985069941,1003.1058
1760985069961,1003.1995
1760985069982,1003.2526
1760985070002,1003.35736
1760985070021,1003.4089
1760985070041,1003.4366
1760985070061,1003.4364
1760985070082,1003.4822
1760985070102,1003.5549
1760985070122,1003.61487
1760985070141,1003.59296
1760985070161,1003.5564
1760985070182,1003.4888
1760985070202,1003.4392
1760985070222,1003.4381
1760985070243,1003.5386
1760985070261,1003.6817
1760985070281,1003.7072
1760985070302,1003.61487
1760985070323,1003.4922
1760985070342,1003.29047
1760985070362,1003.0725
1760985070382,1002.9942
1760985070401,1002.9455
1760985070422,1002.96356
1760985070442,1002.9942
1760985070462,1003.04767
1760985070481,1003.3822
1760985070501,1003.3786
1760985070523,1003.3042
1760985070542,1003.20514
1760985070562,1003.1597
1760985070581,1003.16956
1760985070601,1003.23096
1760985070621,1003.305
1760985070642,1003.4991
1760985070661,1003.33875
1760985070682,1003.3563
1760985070701,1003.5633
1760985070721,1003.53656
1760985070741,1003.4233
1760985070761,1003.5014
1760985070781,1003.5921
1760985070802,1003.73047
1760985070822,1003.9128
1760985070841,1003.8889
1760985070862,1003.7484
1760985070882,1003.6413
1760985070902,1003.55023
1760985070922,1003.66907
1760985070941,1003.65094
1760985070961,1003.3077
1760985070981,1003.07623
1760985071002,1002.96405
1760985071021,1002.9811
1760985071041,1003.1211
1760985071061,1003.2466
1760985071081,1003.33044
1760985071101,1003.212
1760985071122,1003.1828
1760985071141,1002.9572
1760985071162,1002.97906
1760985071182,1002.95966
1760985071202,1002.9539
1760985071222,1003.0453
1760985071242,1003.1686
1760985071262,1003.2422
1760985071281,1003.26044
1760985071301,1003.34314
1760985071322,1003.39685
1760985071342,1003.4589
1760985071361,1003.47186
1760985071381,1003.48846
1760985071401,1003.58154
1760985071421,1003.5644
1760985071442,1003.51373
1760985071463,1003.4711
1760985071481,1003.34216
1760985071501,1003.1756
1760985071522,1003.16626
1760985071542,1003.1989
1760985071562,1003.09875
1760985071582,1003.0876
1760985071601,1003.115
1760985071621,1003.1384
1760985071642,1003.3734
1760985071662,1003.4292
1760985071682,1003.35596
1760985071701,1003.21204
1760985071721,1003.08594
1760985071741,1002.9991
1760985071762,1003.0489
1760985071783,1002.90784
1760985071802,1003.09247
1760985071821,1003.1689
1760985071841,1003.1872
1760985071861,1003.2611
1760985071882,1003.71606
1760985071902,1003.2632
1760985071922,1003.2442
1760985071941,1003.3709
1760985071961,1003.6311
1760985071982,1003.8812
1760985072002,1003.8723
1760985072022,1003.76807
1760985072042,1003.6333
1760985072061,1003.6795
1760985072082,1003.77374
1760985072102,1003.7314
1760985072122,1003.423
1760985072142,1003.1961
1760985072161,1003.1653
1760985072181,1003.04
1760985072201,1003.07
1760985072222,1003.0329
1760985072243,1002.8928
1760985072261,1002.86
1760985072281,1002.9398
1760985072301,1002.9794
1760985072322,1002.95575
1760985072343,1002.92633
1760985072362,1002.87726
1760985072381,1002.892
1760985072401,1002.8691
1760985072422,1002.8737
1760985072442,1002.8968
1760985072462,1002.9797
1760985072482,1003.03845
1760985072502,1003.113
1760985072521,1003.15173
1760985072542,1003.2025
1760985072562,1003.26764
1760985072583,1003.32635
1760985072601,1003.41345
1760985072622,1003.46796
1760985072642,1003.5792
1760985072662,1003.65607
1760985072682,1003.58795
1760985072701,1003.86346
1760985072721,1003.9542
1760985072741,1003.5559
1760985072761,1003.44
1760985072782,1003.1338
1760985072803,1003.0649
1760985072822,1003.058
1760985072841,1003.0686
1760985072862,1003.1125
1760985072882,1003.1889
1760985072903,1003.3172
1760985072923,1003.3297
1760985072941,1003.15094
1760985072961,1003.03064
1760985072981,1003.0497
1760985073002,1003.1111
1760985073023,1003.1696
1760985073041,1003.2608
1760985073061,1003.46545
1760985073081,1003.4828
1760985073102,1003.53656
1760985073122,1003.67267
1760985073143,1003.58435
1760985073161,1003.5425
1760985073181,1003.5067
1760985073203,1003.42126
1760985073222,1003.38837
1760985073243,1003.3547
1760985073262,1003.46564
1760985073282,1003.47485
1760985073301,1003.1975
1760985073322,1002.9578
1760985073342,1002.95905
1760985073362,1003.125
1760985073381,1003.15564
1760985073401,1003.1752
1760985073421,1003.1926
1760985073442,1003.1678
1760985073462,1003.0375
1760985073481,1002.9381
1760985073501,1002.91455
1760985073521,1002.9478
1760985073541,1002.94904
1760985073562,1003.0073
1760985073582,1003.0552
1760985073601,1003.15344
1760985073621,1003.21967
1760985073641,1003.27124
1760985073661,1003.38873
1760985073682,1003.6297
1760985073704,1003.72815
1760985073722,1003.4481
1760985073741,1003.3903
1760985073761,1003.39594
1760985073782,1003.9138
1760985073802,1004.0242
1760985073821,1003.8745
1760985073842,1003.4025
1760985073861,1003.1178
1760985073882,1003.02844
1760985073902,1002.9945
1760985073922,1002.9239
1760985073941,1002.9338
1760985073961,1003.1325
1760985073981,1003.3114
1760985074002,1003.2748
1760985074023,1003.1454
1760985074041,1003.41565
1760985074061,1003.21936
1760985074081,1003.28125
1760985074102,1003.4433
1760985074122,1003.7032
1760985074142,1003.9437
1760985074161,1003.71674
1760985074181,1003.65393
1760985074201,1003.46643
1760985074222,1003.41064
1760985074242,1003.4511
1760985074261,1003.498
1760985074281,1003.7253
1760985074301,1003.6356
1760985074321,1003.4586
1760985074342,1003.44763
1760985074362,1003.50696
1760985074381,1003.6834
1760985074401,1003.44904
1760985074423,1003.1467
1760985074442,1002.9286
1760985074462,1002.8674
1760985074482,1002.9306
1760985074501,1003.07733
1760985074521,1003.2914
1760985074541,1003.3666
1760985074562,1003.15857
1760985074582,1003.0816
1760985074601,1003.0225
1760985074621,1002.90826
1760985074642,1002.7453
1760985074662,1002.85455
1760985074682,1003.01404
1760985074702,1003.273
1760985074721,1003.27
1760985074741,1003.27374
1760985074761,1003.27484
1760985074782,1003.3544
1760985074801,1003.4266
1760985074821,1003.46094
1760985074841,1003.46466
1760985074861,1003.47064
1760985074881,1003.4936
1760985074901,1003.42377
1760985074922,1003.4652
1760985074941,1003.8884
1760985074961,1004.1909
1760985074981,1003.7247
1760985075001,1003.248
1760985075022,1003.10077
1760985075042,1003.10596
1760985075061,1002.9952
1760985075081,1003.01373
1760985075102,1002.9958
1760985075122,1002.9612
1760985075142,1003.0699
1760985075161,1003.2634
1760985075181,1003.26044
1760985075201,1003.1886
1760985075221,1003.0275
1760985075242,1003.0112
1760985075263,1002.9691
1760985075281,1002.9858
1760985075303,1002.9938
1760985075321,1003.0561
1760985075342,1003.2049
1760985075362,1003.3015
1760985075381,1003.29846
1760985075401,1003.4478
1760985075422,1003.6678
1760985075441,1003.89325
1760985075462,1003.6904
1760985075482,1003.5024
1760985075501,1003.47284
1760985075521,1003.4377
1760985075541,1003.47015
1760985075562,1003.6719
1760985075582,1003.6305
1760985075601,1003.3052
1760985075621,1003.09424
1760985075641,1002.9978
1760985075662,1002.96515
1760985075681,1002.97546
1760985075702,1002.9944
1760985075721,1002.8258
1760985075741,1002.85986
1760985075762,1002.91077
1760985075781,1002.7442
1760985075803,1002.7569
1760985075822,1002.7887
1760985075841,1002.8125
1760985075861,1002.88544
1760985075881,1002.9625
1760985075902,1003.086
1760985075922,1003.17584
1760985075941,1003.2461
1760985075962,1003.2584
1760985075981,1003.3147
1760985076002,1003.3159
1760985076022,1003.3565
1760985076042,1003.40436
1760985076061,1003.4383
1760985076082,1003.40076
1760985076101,1003.3825
1760985076122,1003.35156
1760985076142,1003.28394
1760985076161,1003.24
1760985076181,1003.21436
1760985076201,1003.3237
1760985076221,1003.47327
1760985076242,1003.84235
1760985076262,1003.7663
1760985076281,1003.5497
1760985076301,1003.02594
1760985076322,1002.8811
1760985076342,1002.8642
1760985076362,1002.8708
1760985076383,1002.97864
1760985076401,1003.1964
1760985076422,1003.09717
1760985076441,1003.04877
1760985076462,1003.03986
1760985076482,1003.0096
1760985076501,1002.95435
1760985076521,1002.8911
1760985076541,1002.91956
1760985076562,1002.96655
1760985076582,1002.9819
1760985076602,1003.0647
1760985076621,1003.4572
1760985076641,1003.197
1760985076661,1003.2366
1760985076682,1003.27905
1760985076702,1003.32623
1760985076721,1003.52045
1760985076741,1003.7484
1760985076761,1004.1081
1760985076782,1003.66956
1760985076802,1003.50903
1760985076823,1003.39764
1760985076841,1003.40924
1760985076861,1003.59467
1760985076882,1003.4969
1760985076902,1003.245
1760985076922,1003.1265
1760985076942,1003.0037
1760985076962,1002.9625
1760985076981,1002.9158
1760985077001,1002.8731
1760985077022,1002.8553
1760985077043,1002.88214
1760985077062,1002.95575
1760985077081,1002.96625
1760985077102,1002.8567
1760985077121,1002.8702
1760985077142,1002.83154
1760985077162,1002.88916
1760985077181,1002.96594
1760985077202,1003.0803
1760985077222,1003.1636
1760985077242,1003.2042
1760985077262,1003.2677
1760985077281,1003.3614
1760985077301,1003.427
1760985077321,1003.5158
1760985077343,1003.6206
1760985077362,1003.68994
1760985077382,1003.70966
1760985077401,1003.6406
1760985077421,1003.59735
1760985077441,1003.52203
1760985077461,1003.64905
1760985077482,1003.6673
1760985077502,1003.6241
1760985077521,1003.4545
1760985077541,1003.237
1760985077561,1003.1116
1760985077582,1002.9897
1760985077602,1002.93835
1760985077621,1002.9361
1760985077641,1002.94904
1760985077661,1002.95905
1760985077682,1003.08124
1760985077702,1003.1189
1760985077721,1003.05
1760985077741,1002.94904
1760985077761,1002.9819
1760985077781,1002.95654
1760985077802,1002.89417
1760985077823,1003.06213
1760985077842,1002.9258
1760985077862,1003.14374
1760985077881,1003.2459
1760985077901,1003.2686
1760985077922,1003.26764
1760985077942,1003.1852
1760985077961,1003.26624
1760985077981,1003.4714
1760985078001,1003.84064
1760985078022,1003.91187
1760985078042,1003.59216
1760985078061,1003.3709
1760985078081,1003.22314
1760985078102,1003.2544
1760985078122,1003.3063
1760985078142,1003.3049
1760985078163,1003.34344
1760985078182,1003.2889
1760985078201,1003.29846
1760985078222,1003.1967
1760985078242,1003.0669
1760985078262,1002.8652
1760985078281,1002.7508
1760985078301,1002.7541
1760985078323,1002.8127
1760985078341,1002.8244
1760985078362,1002.693
1760985078382,1002.75916
1760985078402,1002.7975
1760985078421,1002.78455
1760985078441,1002.8475
1760985078462,1002.90015
1760985078482,1003.03485
1760985078503,1003.1192
1760985078521,1003.2478
1760985078541,1003.2576
1760985078561,1003.28107
1760985078582,1003.29407
1760985078602,1003.35785
1760985078621,1003.35266
1760985078642,1003.3917
1760985078662,1003.42236
1760985078682,1003.45703
1760985078702,1003.4139
1760985078723,1003.3836
1760985078741,1003.3606
1760985078761,1003.42267
1760985078782,1003.5542
1760985078802,1003.71954
1760985078822,1003.72736
1760985078841,1003.5545
1760985078861,1003.3837
1760985078881,1003.1872
1760985078901,1002.97626
1760985078922,1002.79834
1760985078942,1002.74316
1760985078961,1002.77826
1760985078981,1002.79315
1760985079002,1002.83484
1760985079022,1002.90564
1760985079042,1003.13495
1760985079061,1003.0003
1760985079082,1002.8625
1760985079101,1002.8198
1760985079121,1002.79517
1760985079142,1002.9802
1760985079163,1002.985
1760985079182,1003.1359
1760985079202,1003.21515
1760985079221,1003.20544
1760985079241,1003.4472
1760985079262,1003.2525
1760985079282,1003.13464
1760985079301,1003.3167
1760985079321,1003.4266
1760985079341,1003.46423
1760985079362,1003.5578
1760985079382,1003.42633
1760985079402,1003.2606
1760985079421,1003.20593
1760985079441,1003.22406
1760985079462,1003.3275
1760985079482,1003.26904
1760985079502,1003.207
1760985079521,1003.09155
1760985079541,1002.8792
1760985079561,1002.77045
1760985079583,1002.78766
1760985079602,1002.7349
1760985079621,1002.7458
1760985079642,1002.7278
1760985079661,1002.7587
1760985079682,1002.78876
1760985079702,1002.77673
1760985079722,1002.78107
1760985079741,1002.7944
1760985079761,1002.802
1760985079796,1002.81934
1760985079812,1002.8523
1760985079833,1002.9399
1760985079843,1003.0005
1760985079862,1003.03406
1760985079881,1003.0541
1760985079902,1003.0628
1760985079923,1003.1328
1760985079943,1003.2258
1760985079961,1003.2903
1760985079981,1003.34247
1760985080002,1003.3639
1760985080022,1003.377
1760985080042,1003.40283
1760985080063,1003.40186
1760985080081,1003.34717
1760985080101,1003.34106
1760985080121,1003.23596
1760985080142,1003.2856
1760985080162,1003.28375
1760985080181,1003.3828
1760985080201,1003.4258
1760985080221,1003.4272
1760985080243,1003.3586
1760985080262,1003.3281
1760985080283,1003.325
1760985080301,1003.2569
1760985080321,1003.1745
1760985080341,1003.0577
1760985080362,1002.9445
1760985080382,1002.88184
1760985080401,1002.8642
1760985080423,1002.8581
1760985080441,1002.84607
1760985080461,1002.8705
1760985080482,1002.8725
1760985080502,1002.88
1760985080522,1002.882
1760985080541,1003.4905
1760985080562,1003.2689
1760985080581,1003.2394
1760985080602,1003.2864
1760985080623,1003.30273
1760985080641,1003.1847
1760985080662,1003.1858
1760985080681,1003.17206
1760985080702,1003.2444
1760985080722,1003.278
1760985080741,1003.2033
1760985080761,1003.1647
1760985080781,1003.2394
1760985080802,1003.4814
1760985080822,1003.3663
1760985080843,1003.3659
1760985080861,1003.33374
1760985080881,1003.28015
1760985080901,1003.3055
1760985080922,1003.40344
1760985080943,1003.44714
1760985080961,1003.4877
1760985080981,1003.46234
1760985081007,1003.4089
1760985081021,1003.3808
1760985081042,1003.33923
1760985081062,1003.2479
1760985081082,1003.28265
1760985081101,1003.3217
1760985081121,1003.4902
1760985081142,1003.46936
1760985081162,1003.4327
1760985081181,1003.4961
1760985081201,1003.13403
1760985081221,1003.26685
1760985081241,1003.2526
1760985081262,1002.96295
1760985081283,1002.84235
1760985081301,1002.687
1760985081321,1002.6289
1760985081342,1002.5853
1760985081361,1002.64294
1760985081382,1002.6868
1760985081403,1002.7732
1760985081421,1002.9297
1760985081441,1003.017
1760985081461,1002.5566
1760985081482,1002.6025
1760985081502,1002.81244
1760985081521,1002.9794
1760985081541,1003.017
1760985081562,1003.27936
1760985081582,1003.3118
1760985081602,1003.38654
1760985081622,1003.4294
1760985081641,1003.09283
1760985081662,1003.3077
1760985081681,1003.4547
1760985081702,1003.5458
1760985081722,1003.5957
1760985081742,1003.58844
1760985081761,1003.5784
1760985081782,1003.59033
1760985081802,1003.59076
1760985081822,1003.5428
1760985081843,1003.4562
1760985081861,1003.3731
1760985081881,1003.2917
1760985081901,1003.1983
1760985081922,1003.3692
1760985081942,1003.44385
1760985081963,1003.3807
1760985081981,1003.3884
1760985082002,1003.3797
1760985082022,1003.64795
1760985082042,1003.5206
1760985082062,1003.37555
1760985082081,1003.3641
1760985082101,1003.3848
1760985082122,1003.3258
1760985082141,1003.308
1760985082163,1003.3091
1760985082183,1003.2231
1760985082201,1003.1322
1760985082221,1003.0505
1760985082242,1003.0009
1760985082262,1002.8903
1760985082282,1002.8252
1760985082301,1002.78125
1760985082321,1002.8105
1760985082341,1002.7986
1760985082361,1002.77313
1760985082383,1002.7376
1760985082403,1002.7692
1760985082421,1002.8134
1760985082441,1002.85956
1760985082462,1002.9494
1760985082482,1002.9822
1760985082502,1003.0002
1760985082521,1002.9817
1760985082541,1002.9205
1760985082561,1002.84955
1760985082581,1002.7541
1760985082602,1002.8063
1760985082623,1002.85895
1760985082642,1002.9178
1760985082661,1002.9483
1760985082682,1002.95123
1760985082703,1002.91034
1760985082722,1002.89655
1760985082743,1002.9999
1760985082761,1003.1348
1760985082781,1003.4392
1760985082801,1003.427
1760985082822,1003.3059
1760985082843,1003.1894
1760985082861,1003.20514
1760985082882,1003.20654
1760985082902,1003.185
1760985082921,1003.0797
1760985082942,1003.0172
1760985082963,1002.9715
1760985082988,1003.066
1760985083001,1003.16077
1760985083021,1003.03436
1760985083041,1002.95
1760985083062,1002.9297
1760985083081,1002.9567
1760985083101,1002.867
1760985083122,1002.79486
1760985083141,1002.8859
1760985083162,1002.8302
1760985083182,1002.72235
1760985083201,1002.66046
1760985083221,1002.65985
1760985083241,1002.66815
1760985083261,1002.71906
1760985083282,1002.7625
1760985083301,1002.8656
1760985083321,1002.4975
1760985083341,1002.5511
1760985083361,1002.5527
1760985083382,1002.5675
1760985083402,1002.6011
1760985083421,1002.6775
1760985083441,1002.7439
1760985083461,1002.8769
1760985083482,1002.94653
1760985083502,1003.0281
1760985083523,1003.0622
1760985083541,1003.0964
1760985083561,1003.1758
1760985083581,1003.21344
1760985083602,1003.3185
1760985083622,1003.36383
1760985083641,1003.3533
1760985083661,1003.29596
1760985083681,1003.1903
1760985083701,1003.1161
1760985083722,1003.07874
1760985083742,1002.95905
1760985083761,1002.90564
1760985083781,1002.97485
1760985083801,1003.14294
1760985083822,1003.35284
1760985083842,1003.40686
1760985083861,1003.3805
1760985083881,1003.27655
1760985083902,1003.20013
1760985083921,1003.15607
1760985083942,1003.03217
1760985083962,1002.95654
1760985083981,1002.9545
1760985084001,1003.0378
1760985084021,1002.95374
1760985084042,1002.8864
1760985084063,1002.9479
1760985084083,1002.942
1760985084102,1002.91187
1760985084121,1002.78827
1760985084141,1002.76483
1760985084162,1002.8744
1760985084182,1002.96893
1760985084201,1003.0133
1760985084221,1003.0087
1760985084241,1002.91846
1760985084261,1002.9
1760985084282,1002.878
1760985084303,1002.8558
1760985084321,1002.89984
1760985084341,1002.9508
1760985084361,1003.15906
1760985084382,1003.34216
1760985084402,1003.3668
1760985084421,1003.4308
1760985084442,1003.46796
1760985084461,1003.4775
1760985084481,1003.35986
1760985084502,1003.4208
1760985084522,1003.61115
1760985084541,1003.78845
1760985084561,1003.65485
1760985084581,1003.3848
1760985084602,1003.3628
1760985084622,1003.21936
1760985084641,1002.9348
1760985084662,1002.78705
1760985084681,1002.6948
1760985084702,1002.6856
1760985084722,1002.76514
1760985084743,1002.8267
1760985084761,1002.8208
1760985084783,1002.8086
1760985084802,1002.8581
1760985084822,1002.90466
1760985084842,1002.67474
1760985084863,1002.7188
1760985084881,1002.72296
1760985084901,1002.7636
1760985084922,1002.7375
1760985084942,1002.70233
1760985084962,1002.7031
1760985084981,1002.6761
1760985085001,1002.7424
1760985085023,1002.7653
1760985085041,1002.78845
1760985085062,1002.9638
1760985085083,1003.39307
1760985085101,1003.3102
1760985085121,1003.1344
1760985085141,1003.1003
1760985085162,1003.34406
1760985085182,1003.3636
1760985085201,1003.40405
1760985085221,1003.48596
1760985085242,1003.4269
1760985085261,1003.2061
1760985085282,1003.2334
1760985085302,1003.3067
1760985085322,1003.2583
1760985085341,1003.197
1760985085361,1003.2286
1760985085382,1003.1866
1760985085402,1003.1805
1760985085423,1003.236
1760985085441,1003.2003
1760985085461,1003.22485
1760985085482,1003.20764
1760985085502,1003.1025
1760985085522,1002.99615
1760985085541,1002.845
1760985085562,1002.7645
1760985085582,1002.7672
1760985085602,1002.7995
1760985085622,1002.94653
1760985085642,1003.12494
1760985085661,1003.21985
1760985085681,1003.2417
1760985085701,1003.2311
1760985085722,1003.2555
1760985085742,1003.22003
1760985085761,1003.238
1760985085781,1003.22076
1760985085801,1003.3006
1760985085821,1003.41547
1760985085842,1003.3663
1760985085863,1003.242
1760985085881,1003.1816
1760985085901,1003.21185
1760985085922,1003.2562
1760985085942,1003.2995
1760985085962,1003.2467
1760985085981,1003.36237
1760985086001,1003.4822
1760985086021,1003.38873
1760985086042,1003.2358
1760985086062,1003.1443
1760985086082,1003.08777
1760985086101,1003.0558
1760985086121,1003.0097
1760985086141,1003.0397
1760985086162,1002.9987
1760985086182,1002.9231
1760985086202,1002.8344
1760985086221,1002.6959
1760985086241,1002.59784
1760985086261,1002.53845
1760985086282,1002.6534
1760985086302,1002.74066
1760985086321,1002.7576
1760985086341,1002.79016
1760985086361,1003.02264
1760985086382,1003.2247
1760985086402,1002.746
1760985086422,1002.6975
1760985086441,1002.65955
1760985086461,1002.64124
1760985086482,1002.6803
1760985086502,1002.7289
1760985086522,1002.7903
1760985086542,1002.84064
1760985086561,1002.90106
1760985086581,1002.93
1760985086601,1002.9989
1760985086622,1003.03186
1760985086643,1003.06995
1760985086661,1003.09283
1760985086681,1003.137
1760985086701,1003.1144
1760985086722,1003.1061
1760985086742,1003.0634
1760985086763,1003.08234
1760985086783,1003.0684
1760985086801,1003.02936
1760985086822,1003.03107
1760985086842,1003.02515
1760985086863,1003.0176
1760985086882,1003.0417
1760985086901,1003.0605
1760985086921,1003.0792
1760985086942,1003.108
1760985086962,1003.1276
1760985086982,1003.1309
1760985087003,1003.2264
1760985087021,1003.2633
1760985087042,1003.21173
1760985087062,1003.10767
1760985087082,1002.9924
1760985087101,1002.8716
1760985087121,1002.77783
1760985087142,1002.7431
1760985087162,1002.7498
1760985087182,1002.7347
1760985087202,1002.71606
1760985087221,1002.71765
1760985087241,1002.71826
1760985087261,1002.6928
1760985087282,1002.7475
1760985087303,1002.84656
1760985087322,1002.83453
1760985087341,1002.83
1760985087361,1002.8095
1760985087381,1002.8049
1760985087402,1002.892
1760985087422,1002.84467
1760985087441,1002.8909
1760985087461,1002.8219
1760985087481,1003.08673
1760985087502,1003.14484
1760985087522,1003.18134
1760985087542,1003.4721
1760985087561,1003.29706
1760985087581,1003.3909
1760985087602,1003.2595
1760985087622,1003.3467
1760985087643,1003.37915
1760985087662,1003.40155
1760985087681,1003.3756
1760985087703,1003.3072
1760985087722,1003.21356
1760985087742,1003.1275
1760985087762,1003.0678
1760985087781,1003.16327
1760985087802,1003.29846
1760985087821,1003.4916
1760985087842,1003.22284
1760985087863,1003.0742
1760985087882,1003.1003
1760985087901,1003.1894
1760985087921,1003.27515
1760985087941,1003.22815
1760985087962,1003.072
1760985087982,1002.7834
1760985088002,1002.675
1760985088021,1002.65594
1760985088042,1002.6345
1760985088063,1002.64044
1760985088082,1002.6356
1760985088101,1002.65594
1760985088121,1002.64294
1760985088141,1002.6678
1760985088161,1002.6953
1760985088182,1002.6886
1760985088203,1002.6513
1760985088221,1002.71423
1760985088241,1002.83875
1760985088262,1002.8837
1760985088282,1002.96045
1760985088302,1003.16235
1760985088322,1003.32355
1760985088341,1002.9089
1760985088361,1002.90045
1760985088381,1002.96857
1760985088402,1003.1629
1760985088422,1003.3237
1760985088441,1003.442
1760985088461,1003.4928
1760985088481,1003.47546
1760985088502,1003.46295
1760985088522,1003.49493
1760985088543,1003.50275
1760985088561,1003.493
1760985088581,1003.5622
1760985088601,1003.58466
1760985088622,1003.5538
1760985088643,1003.54205
1760985088662,1003.47766
1760985088681,1003.3831
1760985088701,1003.2897
1760985088721,1003.33344
1760985088741,1003.40674
1760985088762,1003.244
1760985088781,1003.3378
1760985088801,1003.34357
1760985088822,1003.2492
1760985088841,1003.15497
1760985088862,1003.28986
1760985088883,1003.2571
1760985088901,1003.32294
1760985088922,1003.22015
1760985088941,1003.05237
1760985088962,1002.931
1760985088982,1002.84106
1760985089001,1002.8003
1760985089021,1002.8125
1760985089042,1002.8159
1760985089062,1002.83295
1760985089082,1002.8837
1760985089103,1002.8683
1760985089121,1002.8169
1760985089141,1002.8008
1760985089162,1002.7925
1760985089182,1002.73016
1760985089203,1002.74194
1760985089222,1002.82654
1760985089241,1002.8719
1760985089261,1002.88654
1760985089281,1002.8914
1760985089302,1002.9353
1760985089322,1003.027
1760985089342,1003.14734
1760985089361,1003.14484
1760985089381,1003.2492
1760985089402,1003.27576
1760985089422,1003.3122
1760985089441,1003.33984
1760985089462,1003.40955
1760985089481,1003.5064
1760985089502,1003.4819
1760985089522,1003.3602
1760985089543,1003.25323
1760985089561,1003.22375
1760985089582,1003.21674
1760985089601,1002.96564
1760985089621,1002.9075
1760985089642,1002.88776
1760985089663,1003.0376
1760985089681,1003.3125
1760985089701,1003.50903
1760985089722,1003.33466
1760985089742,1003.1626
1760985089763,1003.0637
1760985089781,1002.97174
1760985089801,1002.8123
1760985089822,1002.6836
1760985089842,1002.6217
1760985089862,1002.5069
1760985089882,1002.4889
1760985089901,1002.46436
1760985089921,1002.5058
1760985089941,1002.563
1760985089962,1002.60626
1760985089983,1002.5169
1760985090001,1002.58936
1760985090021,1002.618
1760985090041,1002.58673
1760985090062,1002.3691
1760985090082,1002.44574
1760985090102,1002.50885
1760985090121,1002.58685
1760985090141,1002.66064
1760985090161,1002.6947
1760985090182,1002.76294
1760985090202,1002.8019
1760985090222,1002.8708
1760985090241,1002.91034
1760985090262,1002.95374
1760985090282,1002.9925
1760985090302,1003.04706
1760985090323,1003.084
1760985090343,1003.16565
1760985090361,1003.1969
1760985090381,1003.1178
1760985090402,1003.0114
1760985090424,1003.0172
1760985090443,1003.02826
1760985090462,1003.08795
1760985090481,1003.27844
1760985090501,1003.6392
1760985090522,1003.71204
1760985090542,1003.6068
1760985090562,1003.6164
1760985090581,1003.675
1760985090601,1003.7958
1760985090622,1003.3625
1760985090642,1003.20624
1760985090663,1003.1338
1760985090682,1003.02704
1760985090702,1002.83624
1760985090722,1002.70795
1760985090742,1002.6769
1760985090762,1002.6508
1760985090781,1002.7047
1760985090801,1002.7125
1760985090822,1002.7633
1760985090842,1002.75903
1760985090862,1002.7859
1760985090883,1002.7487
1760985090901,1002.73157
1760985090921,1002.7358
1760985090941,1002.8239
1760985090962,1002.8186
1760985090983,1002.79346
1760985091002,1002.7464
1760985091021,1002.7358
1760985091041,1002.89954
1760985091061,1003.1267
1760985091083,1003.2039
1760985091102,1003.13306
1760985091121,1003.045
1760985091141,1003.0861
1760985091161,1003.09015
1760985091182,1003.17
1760985091202,1003.3181
1760985091222,1003.29987
1760985091241,1003.3034
1760985091261,1003.39435
1760985091282,1003.3172
1760985091302,1003.2308
1760985091322,1003.21185
1760985091341,1003.2125
1760985091362,1003.142
1760985091381,1003.03296
1760985091401,1002.9861
1760985091422,1002.9794
1760985091443,1002.9916
1760985091461,1002.91986
1760985091482,1003.035
1760985091501,1003.20795
1760985091522,1003.20734
1760985091542,1003.0772
1760985091561,1002.9764
1760985091581,1003.07654
1760985091601,1003.14655
1760985091621,1003.0397
1760985091642,1002.855
1760985091662,1002.65063
1760985091682,1002.48596
1760985091701,1002.3859
1760985091721,1002.3627
1760985091742,1002.39935
1760985091762,1002.4395
1760985091782,1002.45435
1760985091801,1002.53937
1760985091821,1002.6206
1760985091842,1002.5764
1760985091862,1002.3858
1760985091882,1002.40216
1760985091901,1002.46545
1760985091921,1002.53143
1760985091942,1002.6348
1760985091961,1002.7578
1760985091983,1002.8418
1760985092002,1002.9196
1760985092022,1002.97845
1760985092041,1002.9972
1760985092061,1002.9997
1760985092082,1003.01904
1760985092102,1003.0279
1760985092121,1003.0669
1760985092141,1003.1105
1760985092161,1003.1408
1760985092182,1003.1323
1760985092202,1003.1373
1760985092223,1003.1445
1760985092241,1003.08203
1760985092261,1003.0605
1760985092281,1002.9931
1760985092302,1002.97485
1760985092322,1002.99194
1760985092342,1003.0511
1760985092361,1003.0825
1760985092382,1002.8864
1760985092402,1003.0639
1760985092422,1003.3786
1760985092443,1003.4687
1760985092461,1003.5603
1760985092481,1003.4411
1760985092501,1003.1881
1760985092521,1003.26935
1760985092542,1003.1184
1760985092562,1003.0124
1760985092581,1002.8867
1760985092601,1002.7655
1760985092621,1002.70935
1760985092642,1002.65704
1760985092662,1002.6959
1760985092681,1002.65765
1760985092701,1002.65015
1760985092721,1002.6292
1760985092742,1002.64154
1760985092762,1002.66626
1760985092782,1002.684
1760985092801,1002.7503
1760985092821,1002.7922
1760985092842,1002.84186
1760985092862,1002.8231
1760985092882,1002.8365
1760985092901,1002.89545
1760985092922,1002.9216
1760985092941,1002.9953
1760985092961,1003.15234
1760985092982,1003.24634
1760985093002,1003.1874
1760985093021,1003.193
1760985093042,1003.1883
1760985093061,1003.0467
1760985093082,1002.96704
1760985093102,1003.0408
1760985093123,1003.0229
1760985093141,1003.0569
1760985093161,1003.21
1760985093181,1003.20953
1760985093202,1003.24445
1760985093222,1003.12476
1760985093241,1003.09076
1760985093261,1003.15955
1760985093281,1003.2484
1760985093302,1003.5225
1760985093322,1003.5453
1760985093342,1003.1267
1760985093361,1002.8581
1760985093381,1002.7111
1760985093401,1002.6028
1760985093422,1002.4989
1760985093443,1002.4025
1760985093461,1002.3236
1760985093481,1002.41425
1760985093501,1002.40497
1760985093521,1002.4228
1760985093542,1002.43976
1760985093563,1002.4952
1760985093596,1002.43164
1760985093608,1002.4075
1760985093635,1002.42816
1760985093642,1002.4473
1760985093662,1002.5545
1760985093683,1002.6125
1760985093702,1002.7425
1760985093721,1002.8008
1760985093741,1002.83453
1760985093762,1002.8691
1760985093782,1002.9157
1760985093801,1002.90326
1760985093821,1002.97314
1760985093841,1003.0697
1760985093862,1003.1011
1760985093882,1003.12805
1760985093903,1003.1813
1760985093921,1003.2214
1760985093942,1003.2422
1760985093961,1003.20123
1760985093982,1003.15234
1760985094002,1003.12085
1760985094021,1003.1125
1760985094041,1003.11237
1760985094061,1003.1873
1760985094082,1003.4372
1760985094103,1003.79034
1760985094122,1003.58685
1760985094141,1003.58905
1760985094161,1003.6937
1760985094181,1003.6667
1760985094202,1003.15845
1760985094222,1002.7647
1760985094241,1002.5706
1760985094261,1002.5053
1760985094281,1002.48236
1760985094302,1002.4725
1760985094322,1002.5672
1760985094342,1002.6419
1760985094361,1002.687
1760985094381,1002.692
1760985094401,1002.6808
1760985094422,1002.65625
1760985094442,1002.6744
1760985094463,1002.74475
1760985094481,1002.71466
1760985094501,1002.6811
1760985094521,1002.7008
1760985094542,1002.7479
1760985094562,1002.85034
1760985094581,1003.0142
1760985094601,1003.09424
1760985094622,1003.13544
1760985094642,1003.1188
1760985094662,1002.9938
1760985094683,1003.1311
1760985094701,1003.2992
1760985094721,1003.34674
1760985094741,1003.32654
1760985094762,1003.2061
1760985094782,1003.02264
1760985094802,1002.9439
1760985094821,1002.9825
1760985094841,1003.10266
1760985094862,1003.3206
1760985094882,1003.1925
1760985094902,1002.93
1760985094922,1002.7864
1760985094942,1002.67206
1760985094962,1002.6358
1760985094982,1002.58124
1760985095002,1002.42896
1760985095023,1002.35913
1760985095042,1002.3697
1760985095061,1002.41125
1760985095082,1002.47266
1760985095102,1002.51056
1760985095122,1002.29254
1760985095142,1002.34094
1760985095161,1002.3236
1760985095182,1002.34045
1760985095202,1002.3694
1760985095222,1002.41754
1760985095242,1002.48236
1760985095262,1002.5605
1760985095281,1002.6822
1760985095302,1002.76935
1760985095322,1002.8041
1760985095342,1002.8761
1760985095362,1002.9214
1760985095381,1002.8961
1760985095402,1002.9725
1760985095422,1003.03217
1760985095442,1003.09955
1760985095463,1003.1234
1760985095481,1003.1475
1760985095502,1003.1819
1760985095522,1003.15875
1760985095542,1003.1119
1760985095562,1003.0689
1760985095581,1003.0217
1760985095602,1002.97736
1760985095621,1002.95544
1760985095642,1002.97125
1760985095662,1003.151
1760985095682,1003.1818
1760985095702,1003.3066
1760985095721,1003.3339
1760985095741,1003.4392
1760985095762,1003.6284
1760985095781,1003.32294
1760985095811,1002.9766
1760985095822,1002.83185
1760985095842,1002.6769
1760985095861,1002.6217
1760985095882,1002.58856
1760985095902,1002.5953
1760985095921,1002.6258
1760985095941,1002.632
1760985095961,1002.60205
1760985095982,1002.4277
1760985096002,1002.4646
1760985096023,1002.6032
1760985096041,1002.66235
1760985096061,1002.6892
1760985096081,1002.7675
1760985096102,1002.79456
1760985096122,1002.8034
1760985096141,1002.7487
1760985096162,1002.7355
1760985096182,1002.77795
1760985096201,1002.91095
1760985096222,1002.99493
1760985096242,1003.01495
1760985096261,1003.02734
1760985096281,1003.0733
1760985096301,1003.1319
1760985096322,1003.22406
1760985096342,1003.2921
1760985096363,1003.28516
1760985096381,1003.20935
1760985096401,1003.1245
1760985096421,1003.0666
1760985096442,1003.0539
1760985096463,1002.9794
1760985096481,1002.9389
1760985096502,1002.91626
1760985096522,1002.9364
1760985096542,1002.88
1760985096562,1002.8769
1760985096583,1003.0431
1760985096601,1003.0084
1760985096622,1003.01294
1760985096642,1003.03796
1760985096662,1003.0591
1760985096682,1002.9963
1760985096702,1002.83435
1760985096721,1002.65155
1760985096741,1002.51044
1760985096761,1002.4266
1760985096782,1002.40094
1760985096803,1002.37695
1760985096821,1002.34204
1760985096841,1002.38983
1760985096861,1002.553
1760985096881,1002.6803
1760985096902,1002.4536
1760985096921,1002.2523
1760985096942,1002.3055
1760985096961,1002.41565
1760985096982,1002.53094
1760985097002,1002.6015
1760985097023,1002.5652
1760985097042,1002.6334
1760985097062,1002.7958
1760985097082,1002.9319
1760985097101,1002.925
1760985097122,1002.90405
1760985097143,1003.0048
1760985097161,1003.2247
1760985097181,1003.35187
1760985097201,1003.2911
1760985097222,1003.11847
1760985097242,1003.17126
1760985097261,1003.16626
1760985097282,1003.2022
1760985097301,1003.1891
1760985097322,1003.46545
1760985097342,1003.27423
1760985097363,1003.18317
1760985097381,1003.2933
1760985097402,1003.3141
1760985097422,1003.4581
1760985097442,1002.9473
1760985097462,1002.71783
1760985097481,1002.6886
1760985097501,1002.5455
1760985097521,1002.5086
1760985097541,1002.48517
1760985097562,1002.5544
1760985097582,1002.5715
1760985097602,1002.59485
1760985097621,1002.6256
1760985097641,1002.64233
1760985097662,1002.65674
1760985097682,1002.7361
1760985097703,1002.7558
1760985097721,1002.6986
1760985097741,1002.66656
1760985097762,1002.66345
1760985097783,1002.66815
1760985097803,1002.77423
1760985097821,1002.5558
1760985097841,1002.72656
1760985097861,1002.83075
1760985097882,1002.90686
1760985097902,1002.97253
1760985097922,1003.1309
1760985097942,1003.35986
1760985097962,1003.4339
1760985097981,1003.46594
1760985098002,1003.4472
1760985098022,1003.3155
1760985098042,1003.28534
1760985098061,1002.9533
1760985098081,1002.84375
1760985098102,1002.84717
1760985098122,1002.77576
1760985098142,1002.92126
1760985098161,1002.9186
1760985098182,1002.83203
1760985098202,1002.7537
1760985098221,1002.6847
1760985098242,1002.66876
1760985098261,1002.567
1760985098281,1002.4506
1760985098301,1002.3633
1760985098322,1002.27594
1760985098342,1002.2696
1760985098363,1002.3424
1760985098382,1002.4462
1760985098401,1002.5031
1760985098422,1002.5542
1760985098442,1002.22845
1760985098462,1002.26685
1760985098482,1002.2672
1760985098501,1002.298
1760985098521,1002.3223
1760985098541,1002.4255
1760985098562,1002.52936
1760985098583,1002.6136
1760985098602,1002.72955
1760985098622,1002.832
1760985098642,1002.84406
1760985098662,1002.89624
1760985098682,1002.8617
1760985098702,1002.9375
1760985098721,1003.02234
1760985098741,1003.0714
1760985098761,1003.08765
1760985098782,1003.0636
1760985098803,1002.99725
1760985098821,1002.9203
1760985098841,1002.88983
1760985098861,1002.8172
1760985098882,1002.89343
1760985098902,1003.1165
1760985098922,1003.27423
1760985098941,1003.377
1760985098962,1003.2528
1760985098981,1003.15594
1760985099001,1002.8831
1760985099022,1002.6432
1760985099042,1002.7177
1760985099061,1002.6661
1760985099082,1002.5639
1760985099102,1002.52466
1760985099122,1002.48035
1760985099143,1002.43976
1760985099161,1002.4883
1760985099181,1002.54706
1760985099201,1002.6211
1760985099221,1002.6236
1760985099242,1002.6155
1760985099263,1002.7261
1760985099281,1002.76544
1760985099301,1002.78284
1760985099322,1002.8025
1760985099342,1002.7081
1760985099363,1002.5967
1760985099381,1002.61127
1760985099401,1002.6786
1760985099421,1002.90283
1760985099442,1003.2253
1760985099462,1003.42377
1760985099483,1003.47626
1760985099501,1003.5584
1760985099521,1004.0563
1760985099542,1004.27264
1760985099562,1003.91876
1760985099582,1003.2578
1760985099601,1003.77234
1760985099621,1003.8303
1760985099641,1003.39935
1760985099661,1003.3067
1760985099682,1003.2659
1760985099702,1003.3956
1760985099721,1003.47266
1760985099741,1003.58203
1760985099761,1003.81
1760985099782,1003.9528
1760985099802,1003.9255
1760985099822,1003.5929
1760985099841,1003.1981
1760985099861,1002.92267
1760985099881,1002.76434
1760985099902,1002.6443
1760985099923,1002.6795
1760985099941,1002.96344
1760985099961,1003.4908
1760985099982,1004.2111
1760985100002,1004.7297
1760985100022,1005.1529
1760985100042,1005.39374
1760985100061,1005.10156
1760985100081,1005.04016
1760985100101,1005.02216
1760985100122,1005.5377
1760985100142,1005.53265
1760985100162,1005.8156
1760985100182,1005.8108
1760985100201,1005.9981
1760985100221,1005.9895
1760985100242,1006.04156
1760985100263,1005.7518
1760985100282,1005.5478
1760985100301,1005.245
1760985100322,1004.8616
1760985100342,1004.03516
1760985100362,1003.57184
1760985100381,1003.07983
1760985100401,1002.84204
1760985100422,1002.6322
1760985100441,1002.3655
1760985100462,1002.2046
1760985100482,1002.2181
1760985100501,1002.2636
1760985100521,1002.34424
1760985100542,1002.4344
1760985100562,1002.54376
1760985100582,1002.59436
1760985100603,1002.58716
1760985100621,1002.53326
1760985100641,1002.59546
1760985100661,1002.5853
1760985100682,1002.45807
1760985100702,1002.34814
1760985100721,1002.3652
1760985100741,1002.358
1760985100762,1002.2839
1760985100782,1002.1589
1760985100802,1002.0104
1760985100823,1001.8837
1760985100841,1001.7534
1760985100861,1001.65845
1760985100881,1001.66064
1760985100902,1001.71356
1760985100922,1001.8162
1760985100941,1001.85126
1760985100961,1001.7278
1760985100981,1001.7487
1760985101002,1001.79706
1760985101022,1001.814
1760985101042,1001.9502
1760985101061,1001.9875
1760985101082,1002.195
1760985101102,1002.1813
1760985101122,1002.20953
1760985101142,1002.4551
1760985101161,1002.3666
1760985101181,1002.3281
1760985101206,1002.33716
1760985101221,1002.40656
1760985101241,1002.39984
1760985101261,1002.39825
1760985101281,1002.46643
1760985101301,1002.5084
1760985101321,1002.567
1760985101341,1002.47626
1760985101361,1002.5628
1760985101382,1002.53357
1760985101401,1002.4888
1760985101421,1002.445
1760985101441,1002.41956
1760985101461,1002.34564
1760985101481,1002.1745
1760985101501,1002.0023
1760985101521,1002.0055
1760985101541,1002.02124
1760985101561,1002.0062
1760985101581,1001.9509
1760985101602,1001.84827
1760985101621,1001.7689
1760985101641,1001.71014
1760985101661,1001.6967
1760985101681,1001.64825
1760985101702,1001.65045
1760985101722,1001.6856
1760985101741,1001.7548
1760985101761,1001.6936
1760985101781,1001.5622
1760985101802,1001.5603
1760985101822,1001.4628
1760985101841,1001.33325
1760985101861,1001.34766
1760985101881,1001.3322
1760985101901,1001.40704
1760985101921,1001.4166
1760985101943,1001.463
1760985101961,1001.52765
1760985101981,1001.55
1760985102001,1001.57764
1760985102021,1001.6283
1760985102042,1001.6861
1760985102061,1001.70764
1760985102081,1001.7397
1760985102101,1001.77454
1760985102121,1001.7653
1760985102142,1001.8067
1760985102162,1001.8674
1760985102181,1001.89594
1760985102201,1001.925
1760985102221,1001.9358
1760985102241,1001.9522
1760985102262,1002.30536
1760985102281,1002.46625
1760985102301,1002.5078
1760985102321,1002.60596
1760985102341,1002.64185
1760985102361,1002.54297
1760985102382,1002.4319
1760985102401,1002.2611
1760985102421,1001.96826
1760985102441,1002.04407
1760985102461,1002.0536
1760985102481,1002.08484
1760985102502,1002.1134
1760985102521,1002.14685
1760985102541,1002.15967
1760985102561,1002.17017
1760985102581,1002.1891
1760985102601,1002.20215
1760985102621,1002.2686
1760985102641,1002.2642
1760985102661,1002.2928
1760985102681,1002.28687
1760985102701,1002.3156
1760985102722,1002.3061
1760985102741,1002.3264
1760985102761,1002.33014
1760985102781,1002.3633
1760985102801,1002.3667
1760985102822,1002.3627
1760985102841,1002.3895
1760985102861,1002.4075
1760985102881,1002.39923
1760985102901,1002.4295
1760985102921,1002.41315
1760985102942,1002.4241
1760985102961,1002.4401
1760985102981,1002.4417
1760985103001,1002.46265
1760985103021,1002.4531
1760985103042,1002.4866
1760985103062,1002.46814
1760985103081,1002.47876
1760985103101,1002.5114
1760985103121,1002.5014
1760985103142,1002.5042
1760985103162,1002.52527
1760985103181,1002.52545
1760985103201,1002.52094
1760985103221,1002.51904
1760985103241,1002.53796
1760985103262,1002.65955
1760985103282,1002.6875
1760985103301,1002.52094
