1760553654284,1002.23846
1760553654304,1002.2264
1760553654324,1002.1819
1760553654344,1002.17896
1760553654364,1002.16516
1760553654384,1002.18097
1760553654404,1002.16815
1760553654424,1002.1835
1760553654444,1002.15405
1760553654464,1002.14343
1760553654485,1002.173
1760553654504,1002.1866
1760553654524,1002.2628
1760553654544,1002.30206
1760553654564,1002.34656
1760553654584,1002.35626
1760553654604,1002.41925
1760553654624,1002.4561
1760553654644,1002.53516
1760553654665,1002.55145
1760553654684,1002.5889
1760553654704,1002.5541
1760553654724,1002.52515
1760553654744,1002.53375
1760553654764,1002.5142
1760553654784,1002.49207
1760553654805,1002.46533
1760553654825,1002.41846
1760553654844,1002.40564
1760553654864,1002.41473
1760553654884,1002.40753
1760553654904,1002.3817
1760553654924,1002.35876
1760553654944,1002.2758
1760553654965,1002.1941
1760553654985,1002.17816
1760553655004,1002.1288
1760553655024,1002.10876
1760553655044,1002.008
1760553655064,1001.97595
1760553655084,1001.9308
1760553655104,1001.8782
1760553655124,1001.8791
1760553655144,1001.9352
1760553655164,1001.9924
1760553655184,1002.0186
1760553655204,1001.9558
1760553655224,1001.8835
1760553655244,1001.8942
1760553655264,1002.0128
1760553655284,1002.10474
1760553655305,1002.1249
1760553655324,1002.1147
1760553655344,1002.1583
1760553655364,1002.2377
1760553655384,1002.173
1760553655404,1002.08093
1760553655424,1002.2061
1760553655444,1002.3075
1760553655465,1002.2541
1760553655485,1002.09766
1760553655504,1002.0161
1760553655524,1001.9499
1760553655544,1001.91455
1760553655564,1001.9391
1760553655584,1001.9364
1760553655604,1001.9419
1760553655624,1001.9305
1760553655645,1001.91235
1760553655664,1001.9241
1760553655684,1001.9628
1760553655704,1002.008
1760553655724,1001.993
1760553655744,1002.0044
1760553655764,1001.98755
1760553655784,1002.0005
1760553655805,1002.023
1760553655824,1002.02905
1760553655844,1002.0297
1760553655864,1002.0128
1760553655885,1002.0147
1760553655904,1002.03564
1760553655924,1002.0761
1760553655944,1002.0808
1760553655965,1002.15454
1760553655984,1002.1883
1760553656004,1002.15204
1760553656024,1002.08984
1760553656044,1002.0719
1760553656064,1002.1736
1760553656084,1002.28876
1760553656104,1002.27844
1760553656124,1002.1841
1760553656145,1002.0658
1760553656164,1002.0144
1760553656184,1001.9924
1760553656206,1001.97723
1760553656224,1001.963
1760553656244,1001.91766
1760553656264,1001.8705
1760553656284,1001.85236
1760553656305,1001.815
1760553656324,1001.8397
1760553656344,1001.887
1760553656364,1001.93097
1760553656384,1001.9847
1760553656404,1001.9847
1760553656424,1001.96515
1760553656444,1001.9263
1760553656465,1001.90405
1760553656484,1001.98096
1760553656504,1002.0311
1760553656524,1002.0558
1760553656544,1002.0033
1760553656564,1001.98517
1760553656584,1002.04236
1760553656604,1002.04987
1760553656625,1002.0128
1760553656644,1002.28424
1760553656664,1002.4449
1760553656684,1002.4389
1760553656704,1002.3171
1760553656737,1002.2889
1760553656748,1002.2775
1760553656770,1002.32117
1760553656785,1002.328
1760553656805,1002.21454
1760553656824,1002.0564
1760553656844,1001.9252
1760553656864,1001.8867
1760553656884,1001.85657
1760553656904,1001.8878
1760553656924,1001.9094
1760553656945,1001.91296
1760553656965,1001.91785
1760553656985,1001.90643
1760553657004,1001.90894
1760553657024,1001.9261
1760553657044,1001.95984
1760553657064,1001.96893
1760553657085,1001.97406
1760553657104,1001.9506
1760553657124,1001.92786
1760553657144,1001.9542
1760553657164,1001.97455
1760553657184,1001.9352
1760553657204,1002.0811
1760553657224,1002.33594
1760553657244,1002.3969
1760553657265,1002.2624
1760553657285,1002.2078
1760553657304,1002.17126
1760553657324,1002.0827
1760553657344,1002.11145
1760553657365,1002.1908
1760553657384,1002.22974
1760553657404,1002.2013
1760553657424,1002.0653
1760553657444,1001.9908
1760553657464,1001.9511
1760553657484,1001.99146
1760553657504,1002.04034
1760553657524,1002.071
1760553657544,1002.05096
1760553657564,1002.0589
1760553657585,1002.0236
1760553657604,1002.018
1760553657625,1002.039
1760553657644,1002.0844
1760553657664,1002.1569
1760553657684,1002.1752
1760553657704,1002.1319
1760553657724,1002.11597
1760553657745,1002.16095
1760553657764,1002.2833
1760553657785,1002.3121
1760553657804,1002.3284
1760553657824,1002.2681
1760553657844,1002.3708
1760553657864,1002.66595
1760553657884,1002.72614
1760553657904,1002.52563
1760553657924,1002.23816
1760553657944,1002.21234
1760553657964,1002.34845
1760553657984,1002.48535
1760553658004,1002.46985
1760553658024,1002.36847
1760553658044,1002.2092
1760553658064,1002.1392
1760553658085,1002.07495
1760553658105,1002.1083
1760553658124,1002.12
1760553658144,1002.1386
1760553658164,1002.1324
1760553658184,1002.10144
1760553658209,1002.083
1760553658224,1002.10156
1760553658244,1002.1708
1760553658264,1002.1978
1760553658284,1002.22253
1760553658304,1002.2194
1760553658324,1002.23285
1760553658344,1002.29376
1760553658364,1002.3366
1760553658384,1002.3361
1760553658404,1002.3163
1760553658425,1002.28906
1760553658445,1002.3461
1760553658464,1002.3252
1760553658484,1002.4069
1760553658504,1002.4364
1760553658524,1002.428
1760553658544,1002.35175
1760553658564,1002.2833
1760553658584,1002.273
1760553658604,1002.2625
1760553658624,1002.23486
1760553658644,1002.2527
1760553658664,1002.2525
1760553658684,1002.21814
1760553658704,1002.22516
1760553658724,1002.2044
1760553658744,1002.16364
1760553658765,1002.1372
1760553658784,1002.1263
1760553658804,1002.15753
1760553658824,1002.1905
1760553658844,1002.2402
1760553658864,1002.23505
1760553658884,1002.30566
1760553658904,1002.34564
1760553658924,1002.33734
1760553658945,1002.33813
1760553658964,1002.35474
1760553658984,1002.3763
1760553659004,1002.3061
1760553659024,1002.24426
1760553659045,1002.3291
1760553659065,1002.54486
1760553659085,1002.6477
1760553659105,1002.60614
1760553659124,1002.47504
1760553659144,1002.34064
1760553659164,1002.2394
1760553659184,1002.1345
1760553659204,1002.1263
1760553659224,1002.1544
1760553659245,1002.1791
1760553659265,1002.2556
1760553659284,1002.30536
1760553659305,1002.33704
1760553659324,1002.3249
1760553659344,1002.3135
1760553659364,1002.2466
1760553659385,1002.22345
1760553659404,1002.23517
1760553659425,1002.2645
1760553659444,1002.27094
1760553659464,1002.28284
1760553659484,1002.2955
1760553659504,1002.32
1760553659524,1002.3171
1760553659545,1002.34674
1760553659565,1002.4522
1760553659585,1002.53723
1760553659607,1002.5136
1760553659624,1002.41144
1760553659644,1002.381
1760553659664,1002.35754
1760553659684,1002.3058
1760553659704,1002.28687
1760553659724,1002.29736
1760553659745,1002.275
1760553659765,1002.2766
1760553659784,1002.1924
1760553659804,1002.20703
1760553659824,1002.16125
1760553659844,1002.15674
1760553659864,1002.1894
1760553659884,1002.2005
1760553659904,1002.22394
1760553659925,1002.2663
1760553659944,1002.2528
1760553659964,1002.2606
1760553659984,1002.208
1760553660004,1002.22723
1760553660024,1002.2605
1760553660044,1002.28937
1760553660065,1002.3339
1760553660085,1002.29767
1760553660104,1002.3141
1760553660124,1002.3294
1760553660144,1002.3153
1760553660164,1002.34393
1760553660184,1002.3719
1760553660210,1002.3783
1760553660227,1002.4503
1760553660244,1002.4708
1760553660264,1002.4449
1760553660284,1002.48254
1760553660304,1002.5513
1760553660324,1002.5688
1760553660344,1002.4488
1760553660364,1002.3831
1760553660385,1002.3307
1760553660404,1002.3311
1760553660425,1002.28143
1760553660444,1002.29114
1760553660464,1002.2516
1760553660484,1002.2528
1760553660504,1002.28564
1760553660524,1002.3286
1760553660544,1002.35016
1760553660564,1002.33765
1760553660585,1002.3288
1760553660605,1002.2919
1760553660624,1002.2514
1760553660644,1002.28674
1760553660664,1002.3275
1760553660684,1002.3874
1760553660704,1002.4847
1760553660724,1002.5272
1760553660744,1002.5669
1760553660764,1002.5035
1760553660784,1002.4269
1760553660804,1002.5735
1760553660824,1002.66254
1760553660844,1002.4808
1760553660864,1002.41534
1760553660884,1002.575
1760553660905,1002.6583
1760553660924,1002.54266
1760553660944,1002.4636
1760553660964,1002.4355
1760553660984,1002.3906
1760553661004,1002.41754
1760553661025,1002.3811
1760553661045,1002.3939
1760553661065,1002.3369
1760553661085,1002.2972
1760553661104,1002.29614
1760553661124,1002.2694
1760553661144,1002.28143
1760553661164,1002.3389
1760553661184,1002.36206
1760553661204,1002.35754
1760553661224,1002.35767
1760553661246,1002.3725
1760553661264,1002.371
1760553661284,1002.35516
1760553661304,1002.3196
1760553661324,1002.3764
1760553661345,1002.37
1760553661365,1002.39905
1760553661384,1002.4366
1760553661405,1002.4513
1760553661424,1002.4349
1760553661444,1002.4567
1760553661464,1002.66254
1760553661484,1002.8928
1760553661504,1002.85016
1760553661524,1002.5803
1760553661545,1002.3866
1760553661565,1002.40845
1760553661585,1002.53125
1760553661604,1002.48956
1760553661623,1002.3708
1760553661644,1002.2972
1760553661664,1002.2333
1760553661684,1002.22235
1760553661704,1002.2564
1760553661724,1002.27673
1760553661745,1002.2697
1760553661764,1002.2444
1760553661784,1002.2294
1760553661804,1002.23175
1760553661824,1002.2733
1760553661844,1002.34314
1760553661864,1002.3792
1760553661884,1002.40814
1760553661905,1002.3846
1760553661924,1002.35895
1760553661944,1002.4325
1760553661964,1002.51
1760553661984,1002.5016
1760553662004,1002.42786
1760553662024,1002.5164
1760553662045,1002.85657
1760553662066,1002.90344
1760553662085,1002.60675
1760553662105,1002.36786
1760553662124,1002.28546
1760553662144,1002.28265
1760553662164,1002.3153
1760553662184,1002.3883
1760553662213,1002.36597
1760553662224,1002.3319
1760553662244,1002.2772
1760553662263,1002.2386
1760553662284,1002.22754
1760553662304,1002.2703
1760553662324,1002.29047
1760553662344,1002.3102
1760553662364,1002.3217
1760553662385,1002.322
1760553662404,1002.3691
1760553662424,1002.4566
1760553662444,1002.4389
1760553662464,1002.41437
1760553662484,1002.3925
1760553662504,1002.4086
1760553662524,1002.4431
1760553662546,1002.773
1760553662565,1003.0203
1760553662584,1002.77094
1760553662604,1002.34875
1760553662624,1002.21454
1760553662644,1002.3125
1760553662664,1002.3767
1760553662684,1002.37427
1760553662705,1002.30927
1760553662725,1002.2847
1760553662745,1002.29517
1760553662764,1002.2558
1760553662784,1002.2958
1760553662805,1002.2883
1760553662824,1002.3083
1760553662844,1002.29016
1760553662865,1002.3313
1760553662885,1002.4055
1760553662904,1002.4252
1760553662924,1002.4355
1760553662944,1002.4183
1760553662964,1002.42706
1760553662984,1002.4431
1760553663004,1002.4506
1760553663025,1002.46
1760553663045,1002.48505
1760553663064,1002.46124
1760553663084,1002.4319
1760553663105,1002.4497
1760553663124,1002.48047
1760553663144,1002.7361
1760553663164,1002.8636
1760553663184,1002.78754
1760553663205,1002.5041
1760553663225,1002.3317
1760553663244,1002.2991
1760553663264,1002.34375
1760553663284,1002.41064
1760553663304,1002.42096
1760553663324,1002.39954
1760553663344,1002.368
1760553663365,1002.2689
1760553663385,1002.2547
1760553663404,1002.22675
1760553663424,1002.22986
1760553663444,1002.27234
1760553663464,1002.30347
1760553663484,1002.29047
1760553663504,1002.28723
1760553663525,1002.318
1760553663545,1002.392
1760553663564,1002.4247
1760553663584,1002.4589
1760553663604,1002.42426
1760553663624,1002.39734
1760553663644,1002.38
1760553663664,1002.3972
1760553663684,1002.4491
1760553663704,1002.5002
1760553663724,1002.5222
1760553663744,1002.60846
1760553663764,1002.7485
1760553663784,1002.7516
1760553663804,1002.54956
1760553663825,1002.4169
1760553663844,1002.40784
1760553663864,1002.47595
1760553663885,1002.4366
1760553663904,1002.42114
1760553663924,1002.371
1760553663944,1002.3764
1760553663964,1002.3835
1760553663984,1002.38
1760553664005,1002.39453
1760553664025,1002.4297
1760553664045,1002.4575
1760553664064,1002.4675
1760553664084,1002.5106
1760553664104,1002.53455
1760553664124,1002.55237
1760553664144,1002.61255
1760553664164,1002.61145
1760553664184,1002.6811
1760553664205,1002.7064
1760553664224,1002.5808
1760553664244,1002.5072
1760553664264,1002.6172
1760553664284,1002.79346
1760553664304,1002.7697
1760553664324,1002.47345
1760553664345,1002.30817
1760553664364,1002.3063
1760553664384,1002.45874
1760553664404,1002.5671
1760553664424,1002.6328
1760553664444,1002.6097
1760553664464,1002.5667
1760553664484,1002.54877
1760553664504,1002.47394
1760553664525,1002.4538
1760553664545,1002.41437
1760553664564,1002.41406
1760553664584,1002.49677
1760553664604,1002.4955
1760553664625,1002.5025
1760553664644,1002.49
1760553664664,1002.4977
1760553664684,1002.47296
1760553664705,1002.4891
1760553664724,1002.52515
1760553664744,1002.52734
1760553664764,1002.5128
1760553664784,1002.54236
1760553664804,1002.54144
1760553664825,1002.53015
1760553664845,1002.5864
1760553664865,1002.5883
1760553664884,1002.5097
1760553664904,1002.47687
1760553664924,1002.53125
1760553664944,1002.67505
1760553664964,1002.8203
1760553664984,1002.80597
1760553665006,1002.6388
1760553665025,1002.4997
1760553665044,1002.3997
1760553665064,1002.48364
1760553665084,1002.60187
1760553665104,1002.67255
1760553665124,1002.64844
1760553665144,1002.5577
1760553665164,1002.4394
1760553665184,1002.3977
1760553665204,1002.3849
1760553665225,1002.3368
1760553665243,1002.3111
1760553665263,1002.3174
1760553665283,1002.3153
1760553665304,1002.36957
1760553665324,1002.39844
1760553665344,1002.44
1760553665365,1002.4442
1760553665384,1002.4302
1760553665404,1002.41364
1760553665424,1002.4036
1760553665444,1002.375
1760553665464,1002.4005
1760553665484,1002.428
1760553665505,1002.4636
1760553665525,1002.51
1760553665545,1002.5264
1760553665564,1002.578
1760553665584,1002.55536
1760553665604,1002.5847
1760553665625,1002.55145
1760553665644,1002.608
1760553665664,1002.77765
1760553665684,1002.9358
1760553665704,1002.8727
1760553665724,1002.7034
1760553665744,1002.68207
1760553665764,1002.65906
1760553665784,1002.59845
1760553665805,1002.5675
1760553665824,1002.60657
1760553665845,1002.5897
1760553665864,1002.5828
1760553665884,1002.48376
1760553665904,1002.3767
1760553665924,1002.3288
1760553665944,1002.28564
1760553665964,1002.29126
1760553665985,1002.3796
1760553666005,1002.3994
1760553666025,1002.3738
1760553666044,1002.3953
1760553666064,1002.4509
1760553666084,1002.55927
1760553666104,1002.5794
1760553666125,1002.5472
1760553666144,1002.47876
1760553666164,1002.4625
1760553666185,1002.46
1760553666204,1002.5058
1760553666224,1002.54895
1760553666244,1002.5908
1760553666264,1002.58234
1760553666284,1002.54517
1760553666305,1002.733
1760553666325,1002.9542
1760553666345,1002.8978
1760553666364,1002.5852
1760553666384,1002.4456
1760553666405,1002.4414
1760553666424,1002.49316
1760553666444,1002.5056
1760553666464,1002.4522
1760553666485,1002.3914
1760553666505,1002.3733
1760553666524,1002.3738
1760553666544,1002.3755
1760553666564,1002.40906
1760553666584,1002.3806
1760553666604,1002.371
1760553666625,1002.41046
1760553666644,1002.4614
1760553666664,1002.5439
1760553666685,1002.59424
1760553666704,1002.6344
1760553666724,1002.6253
1760553666744,1002.5891
1760553666764,1002.66595
1760553666784,1002.68036
1760553666805,1002.60425
1760553666824,1002.5164
1760553666845,1002.6375
1760553666864,1002.93036
1760553666884,1003.02
1760553666904,1002.7136
1760553666924,1002.4711
1760553666945,1002.3917
1760553666964,1002.4316
1760553666985,1002.4383
1760553667005,1002.4542
1760553667024,1002.4205
1760553667045,1002.4298
1760553667064,1002.4033
1760553667084,1002.34973
1760553667105,1002.35657
1760553667126,1002.34534
1760553667144,1002.36176
1760553667164,1002.3569
1760553667184,1002.4061
1760553667204,1002.47845
1760553667224,1002.52814
1760553667244,1002.54266
1760553667264,1002.5755
1760553667284,1002.6108
1760553667305,1002.65344
1760553667324,1002.68
1760553667344,1002.8196
1760553667364,1002.99567
1760553667384,1003.0163
1760553667404,1002.74316
1760553667424,1002.5658
1760553667444,1002.53815
1760553667464,1002.5794
1760553667485,1002.61145
1760553667505,1002.52594
1760553667524,1002.45483
1760553667544,1002.3991
1760553667564,1002.40454
1760553667584,1002.4513
1760553667604,1002.48376
1760553667625,1002.4919
1760553667644,1002.4541
1760553667664,1002.4522
1760553667684,1002.47253
1760553667704,1002.4877
1760553667724,1002.48846
1760553667744,1002.5641
1760553667765,1002.6514
1760553667784,1002.6891
1760553667804,1002.65985
1760553667825,1002.66956
1760553667844,1002.7652
1760553667864,1002.8508
1760553667884,1002.78973
1760553667904,1002.8719
1760553667924,1002.98395
1760553667944,1002.8941
1760553667964,1002.66425
1760553667985,1002.54205
1760553668004,1002.54047
1760553668024,1002.55597
1760553668045,1002.5875
1760553668065,1002.5755
1760553668084,1002.53845
1760553668104,1002.48267
1760553668125,1002.4341
1760553668144,1002.3958
1760553668165,1002.40265
1760553668184,1002.41864
1760553668204,1002.4447
1760553668224,1002.4808
1760553668244,1002.47314
1760553668264,1002.52515
1760553668284,1002.61847
1760553668305,1002.66034
1760553668325,1002.66656
1760553668344,1002.66095
1760553668364,1002.6381
1760553668384,1002.6394
1760553668405,1002.6597
1760553668424,1002.6458
1760553668445,1002.6914
1760553668465,1002.8902
1760553668485,1002.9905
1760553668504,1002.8119
1760553668524,1002.60187
1760553668544,1002.5894
1760553668564,1002.6458
1760553668584,1002.7008
1760553668604,1002.6811
1760553668625,1002.62317
1760553668644,1002.52234
1760553668664,1002.4392
1760553668683,1002.3836
1760553668704,1002.34796
1760553668724,1002.4036
1760553668744,1002.4528
1760553668764,1002.5269
1760553668784,1002.555
1760553668805,1002.6253
1760553668825,1002.66003
1760553668844,1002.6456
1760553668864,1002.5766
1760553668884,1002.6133
1760553668904,1002.7383
1760553668924,1002.8864
1760553668944,1002.9346
1760553668964,1002.83765
1760553668985,1002.8099
1760553669004,1002.86566
1760553669025,1002.8005
1760553669044,1002.68427
1760553669064,1002.5861
1760553669084,1002.5663
1760553669105,1002.58203
1760553669125,1002.6244
1760553669144,1002.6389
1760553669164,1002.6381
1760553669184,1002.608
1760553669204,1002.5778
1760553669224,1002.4999
1760553669244,1002.47565
1760553669264,1002.4963
1760553669284,1002.55896
1760553669305,1002.5872
1760553669324,1002.6175
1760553669344,1002.60846
1760553669364,1002.608
1760553669384,1002.65063
1760553669404,1002.6466
1760553669424,1002.6555
1760553669444,1002.68677
1760553669465,1002.72974
1760553669485,1002.65674
1760553669504,1002.60547
1760553669524,1002.8124
1760553669544,1003.10516
1760553669564,1003.15173
1760553669585,1002.84064
1760553669605,1002.5791
1760553669625,1002.4944
1760553669645,1002.48926
1760553669663,1002.53674
1760553669684,1002.61346
1760553669704,1002.6144
1760553669724,1002.54395
1760553669744,1002.503
1760553669764,1002.47363
1760553669784,1002.5013
1760553669805,1002.5086
1760553669824,1002.51843
1760553669844,1002.5014
1760553669864,1002.5667
1760553669884,1002.6597
1760553669904,1002.7211
1760553669924,1002.68427
1760553669945,1002.66956
1760553669964,1002.6924
1760553669984,1002.78424
1760553670004,1002.8325
1760553670024,1002.7017
1760553670044,1002.5275
1760553670064,1002.5097
1760553670084,1002.71844
1760553670105,1002.86566
1760553670126,1002.87317
1760553670145,1002.7705
1760553670164,1002.6225
1760553670184,1002.53094
1760553670204,1002.48425
1760553670224,1002.48456
1760553670244,1002.5041
1760553670264,1002.55566
1760553670285,1002.55316
1760553670305,1002.48785
1760553670324,1002.48535
1760553670344,1002.4402
1760553670364,1002.4383
1760553670384,1002.4446
1760553670404,1002.4872
1760553670425,1002.5744
1760553670444,1002.5574
1760553670465,1002.5855
1760553670484,1002.5619
1760553670504,1002.59155
1760553670524,1002.6372
1760553670544,1002.7678
1760553670564,1002.8319
1760553670585,1002.8192
1760553670605,1002.84753
1760553670625,1002.8038
1760553670645,1002.7017
1760553670664,1002.59766
1760553670684,1002.5358
1760553670704,1002.55005
1760553670724,1002.66034
1760553670744,1002.6377
1760553670765,1002.54626
1760553670785,1002.4496
1760553670804,1002.40704
1760553670824,1002.4758
1760553670844,1002.4999
1760553670865,1002.54486
1760553670884,1002.5311
1760553670904,1002.5311
1760553670924,1002.4961
1760553670945,1002.53033
1760553670965,1002.5911
1760553670985,1002.7527
1760553671004,1002.7736
1760553671024,1002.7553
1760553671044,1002.6816
1760553671065,1002.6319
1760553671085,1002.67737
1760553671105,1002.72284
1760553671125,1002.7161
1760553671145,1002.6555
1760553671164,1002.7341
1760553671184,1002.9544
1760553671204,1003.04456
1760553671224,1002.91156
1760553671244,1002.7119
1760553671265,1002.60815
1760553671284,1002.5766
1760553671304,1002.6291
1760553671324,1002.67035
1760553671344,1002.6907
1760553671364,1002.6325
1760553671384,1002.5644
1760553671404,1002.5258
1760553671424,1002.53235
1760553671445,1002.5683
1760553671464,1002.60205
1760553671484,1002.6345
1760553671504,1002.6716
1760553671524,1002.7008
1760553671544,1002.6972
1760553671564,1002.6525
1760553671584,1002.6363
1760553671605,1002.6399
1760553671626,1002.6816
1760553671645,1002.65405
1760553671664,1002.6303
1760553671684,1002.7692
1760553671704,1002.9869
1760553671725,1003.0861
1760553671744,1002.8272
1760553671765,1002.59424
1760553671785,1002.5128
1760553671804,1002.61816
1760553671824,1002.7319
1760553671844,1002.6875
1760553671864,1002.6395
1760553671884,1002.5852
1760553671904,1002.5272
1760553671925,1002.501
1760553671945,1002.5064
1760553671964,1002.506
1760553671984,1002.575
1760553672004,1002.6211
1760553672024,1002.62427
1760553672044,1002.66187
1760553672065,1002.72266
1760553672085,1002.7507
1760553672105,1002.73157
1760553672124,1002.6878
1760553672144,1002.7436
1760553672164,1002.79626
1760553672184,1002.7589
1760553672204,1002.6555
1760553672224,1002.6311
1760553672244,1002.8025
1760553672264,1002.965
1760553672284,1002.9808
1760553672304,1002.8128
1760553672324,1002.59546
1760553672344,1002.5261
1760553672364,1002.4988
1760553672384,1002.54126
1760553672404,1002.5652
1760553672425,1002.54596
1760553672445,1002.53595
1760553672464,1002.5311
1760553672484,1002.52344
1760553672504,1002.45953
1760553672524,1002.4591
1760553672544,1002.47644
1760553672565,1002.5145
1760553672585,1002.5827
1760553672605,1002.60864
1760553672624,1002.6836
1760553672644,1002.7147
1760553672664,1002.67096
1760553672684,1002.6202
1760553672704,1002.6127
1760553672724,1002.67267
1760553672744,1002.7613
1760553672765,1002.8627
1760553672784,1002.91656
1760553672804,1002.948
1760553672824,1002.898
1760553672844,1002.71313
1760553672865,1002.626
1760553672885,1002.5733
1760553672905,1002.5864
1760553672925,1002.7258
1760553672944,1002.7986
1760553672964,1002.77814
1760553672984,1002.66864
1760553673004,1002.5972
1760553673024,1002.5525
1760553673044,1002.54626
1760553673065,1002.59656
1760553673085,1002.6175
1760553673105,1002.6853
1760553673124,1002.6914
1760553673144,1002.6882
1760553673164,1002.6925
1760553673184,1002.6899
1760553673204,1002.72736
1760553673224,1002.80676
1760553673244,1002.843
1760553673265,1002.8261
1760553673284,1002.8663
1760553673304,1002.8864
1760553673324,1002.78723
1760553673344,1002.7606
1760553673364,1002.85486
1760553673384,1003.09204
1760553673404,1003.1797
1760553673425,1002.85376
1760553673444,1002.6091
1760553673464,1002.523
1760553673484,1002.7692
1760553673505,1002.90955
1760553673524,1002.9416
1760553673545,1002.8083
1760553673565,1002.66907
1760553673587,1002.61176
1760553673605,1002.6458
1760553673624,1002.6736
1760553673644,1002.7009
1760553673663,1002.6921
1760553673684,1002.68427
1760553673704,1002.6308
1760553673724,1002.6377
1760553673745,1002.6363
1760553673765,1002.638
1760553673784,1002.6885
1760553673804,1002.6942
1760553673824,1002.6763
1760553673844,1002.72974
1760553673864,1002.7092
1760553673884,1002.6758
1760553673904,1002.7114
1760553673925,1002.7766
1760553673945,1002.811
1760553673964,1002.79114
1760553673984,1002.72986
1760553674004,1002.71063
1760553674024,1002.8447
1760553674045,1002.98267
1760553674065,1002.98785
1760553674085,1002.7722
1760553674104,1002.5878
1760553674124,1002.5053
1760553674144,1002.5152
1760553674163,1002.67926
1760553674184,1002.808
1760553674204,1002.9488
1760553674224,1002.91345
1760553674245,1002.7505
1760553674264,1002.6392
1760553674284,1002.6522
1760553674304,1002.6438
1760553674324,1002.60864
1760553674345,1002.58453
1760553674364,1002.5483
1760553674384,1002.5819
1760553674404,1002.6044
1760553674425,1002.66113
1760553674444,1002.66187
1760553674464,1002.65405
1760553674484,1002.6321
1760553674504,1002.5852
1760553674524,1002.5646
1760553674545,1002.5583
1760553674565,1002.5925
1760553674585,1002.70874
1760553674604,1002.761
1760553674624,1002.78625
1760553674645,1002.7624
1760553674664,1002.7002
1760553674684,1002.66516
1760553674704,1002.70953
1760553674724,1002.9396
1760553674745,1003.0081
1760553674764,1002.8969
1760553674784,1003.0074
1760553674804,1003.03796
1760553674824,1002.8791
1760553674844,1002.77594
1760553674865,1002.815
1760553674884,1002.8691
1760553674905,1002.8306
1760553674924,1002.7475
1760553674944,1002.66724
1760553674964,1002.5864
1760553674984,1002.5891
1760553675004,1002.6409
1760553675024,1002.6275
1760553675045,1002.61847
1760553675065,1002.6314
1760553675085,1002.68036
1760553675104,1002.73047
1760553675124,1002.84283
1760553675144,1002.84174
1760553675164,1002.8132
1760553675184,1002.78125
1760553675204,1002.7358
1760553675224,1002.72046
1760553675245,1002.8135
1760553675264,1003.02094
1760553675284,1003.1989
1760553675304,1003.205
1760553675324,1002.84015
1760553675344,1002.6822
1760553675364,1002.6344
1760553675385,1002.6917
1760553675405,1002.7539
1760553675425,1002.7471
1760553675444,1002.66736
1760553675465,1002.6136
1760553675484,1002.5855
1760553675504,1002.5911
1760553675525,1002.60815
1760553675545,1002.62177
1760553675565,1002.6466
1760553675584,1002.70984
1760553675604,1002.7783
1760553675624,1002.8394
1760553675644,1002.8263
1760553675664,1002.8213
1760553675684,1002.7667
1760553675704,1002.76
1760553675725,1002.7561
1760553675744,1002.8172
1760553675764,1003.028
1760553675784,1003.20953
1760553675804,1003.1547
1760553675824,1002.8114
1760553675844,1002.6608
1760553675864,1002.64954
1760553675885,1002.65625
1760553675905,1002.6761
1760553675924,1002.718
1760553675944,1002.71674
1760553675964,1002.6917
1760553675984,1002.67096
1760553676004,1002.61957
1760553676025,1002.6464
1760553676045,1002.72675
1760553676066,1002.7503
1760553676084,1002.7599
1760553676104,1002.7727
1760553676124,1002.78455
1760553676144,1002.8364
1760553676164,1002.8188
1760553676184,1002.76843
1760553676204,1002.72797
1760553676225,1002.77924
1760553676244,1002.97766
1760553676264,1003.09546
1760553676284,1003.03033
1760553676304,1002.751
1760553676324,1002.6849
1760553676344,1002.60095
1760553676364,1002.5894
1760553676385,1002.6961
1760553676404,1002.78595
1760553676424,1002.8186
1760553676444,1002.73376
1760553676464,1002.6395
1760553676484,1002.6347
1760553676504,1002.67566
1760553676524,1002.748
1760553676545,1002.7725
1760553676564,1002.79895
1760553676584,1002.8206
1760553676605,1002.8408
1760553676624,1002.8196
1760553676644,1002.8113
1760553676664,1002.86786
1760553676684,1002.9011
1760553676704,1002.8558
1760553676725,1002.7705
1760553676744,1002.78314
1760553676764,1002.92896
1760553676784,1003.0253
1760553676804,1002.893
1760553676824,1002.72345
1760553676845,1002.6927
1760553676865,1002.6822
1760553676885,1002.6871
1760553676904,1002.67377
1760553676924,1002.7027
1760553676944,1002.67255
1760553676964,1002.64343
1760553676984,1002.6533
1760553677004,1002.65796
1760553677025,1002.6836
1760553677045,1002.6938
1760553677065,1002.74146
1760553677084,1002.73315
1760553677104,1002.7358
1760553677124,1002.7739
1760553677144,1002.79504
1760553677164,1002.85504
1760553677184,1002.8803
1760553677204,1002.8894
1760553677225,1002.85425
1760553677244,1002.8733
1760553677264,1003.05066
1760553677284,1003.18097
1760553677304,1003.0791
1760553677324,1002.91797
1760553677345,1002.89
1760553677364,1002.93176
1760553677385,1002.97876
1760553677404,1002.9261
1760553677424,1002.84265
1760553677444,1002.78894
1760553677464,1002.7377
1760553677484,1002.71954
1760553677504,1002.74066
1760553677525,1002.7494
1760553677545,1002.74347
1760553677565,1002.7344
1760553677584,1002.73315
1760553677604,1002.78296
1760553677624,1002.8744
1760553677644,1002.9575
1760553677664,1003.0095
1760553677684,1002.9927
1760553677705,1002.8863
1760553677724,1002.9233
1760553677744,1003.0166
1760553677764,1002.97894
1760553677784,1002.9299
1760553677804,1002.90314
1760553677824,1003.113
1760553677844,1003.27423
1760553677865,1003.1466
1760553677884,1002.9486
1760553677904,1002.8274
1760553677924,1002.8278
1760553677944,1002.8284
1760553677964,1002.84235
1760553677984,1002.77985
1760553678004,1002.7497
1760553678025,1002.6925
1760553678045,1002.7183
1760553678064,1002.71674
1760553678084,1002.7114
1760553678104,1002.6864
1760553678124,1002.7119
1760553678144,1002.78314
1760553678166,1002.8083
1760553678184,1002.8611
1760553678204,1002.893
1760553678224,1002.9458
1760553678244,1003.03345
1760553678264,1003.0619
1760553678284,1002.97754
1760553678304,1002.9872
1760553678324,1003.1886
1760553678345,1003.3508
1760553678366,1003.22375
1760553678384,1002.91864
1760553678404,1002.85516
1760553678424,1002.838
1760553678444,1002.8266
1760553678464,1002.78314
1760553678484,1002.7507
1760553678504,1002.71564
1760553678525,1002.7394
1760553678544,1002.77563
1760553678564,1002.7658
1760553678584,1002.7589
1760553678604,1002.71765
1760553678624,1002.73676
1760553678644,1002.8189
1760553678665,1002.92706
1760553678684,1003.0108
1760553678705,1003.0095
1760553678724,1002.8919
1760553678744,1002.9016
1760553678764,1003.012
1760553678784,1003.1224
1760553678804,1003.17346
1760553678824,1003.21515
1760553678845,1003.30817
1760553678865,1003.325
1760553678884,1003.1966
1760553678904,1003.0608
1760553678924,1003.0127
1760553678944,1002.9952
1760553678964,1002.97705
1760553678984,1002.91534
1760553679004,1002.8755
1760553679025,1002.79926
1760553679044,1002.7656
1760553679065,1002.73785
1760553679084,1002.7736
1760553679104,1002.79956
1760553679124,1002.84515
1760553679144,1002.83813
1760553679165,1002.83
1760553679184,1002.8647
1760553679204,1002.905
1760553679224,1002.9644
1760553679244,1002.97815
1760553679264,1003.0227
1760553679284,1003.0525
1760553679304,1003.0925
1760553679324,1003.22205
1760553679345,1003.3778
1760553679365,1003.36255
1760553679384,1003.16644
1760553679404,1003.0194
1760553679424,1002.9999
1760553679444,1003.0563
1760553679464,1003.0021
1760553679484,1002.928
1760553679505,1002.8108
1760553679525,1002.738
1760553679544,1002.6716
1760553679564,1002.7017
1760553679584,1002.763
1760553679604,1002.7966
1760553679624,1002.84705
1760553679644,1002.83624
1760553679668,1002.83484
1760553679684,1002.8038
1760553679704,1002.8864
1760553679724,1003.0272
1760553679744,1003.068
1760553679764,1003.0775
1760553679784,1003.0638
1760553679804,1003.0936
1760553679825,1003.0828
1760553679845,1003.04047
1760553679864,1003.0119
1760553679884,1003.0878
1760553679904,1003.1684
1760553679924,1003.14233
1760553679944,1003.0188
1760553679964,1002.8757
1760553679984,1002.83844
1760553680005,1002.78815
1760553680024,1002.7485
1760553680044,1002.7092
1760553680064,1002.6758
1760553680084,1002.6719
1760553680104,1002.67505
1760553680124,1002.6308
1760553680145,1002.6291
1760553680165,1002.696
1760553680184,1002.8111
1760553680204,1002.84406
1760553680224,1002.90656
1760553680244,1002.9347
1760553680265,1002.9371
1760553680284,1002.96094
1760553680304,1003.0169
1760553680325,1003.16516
1760553680345,1003.3284
1760553680364,1003.2706
1760553680384,1003.0008
1760553680404,1002.7619
1760553680424,1002.7533
1760553680444,1002.93677
1760553680464,1003.0088
1760553680485,1003.02875
1760553680505,1002.9495
1760553680524,1002.815
1760553680544,1002.78064
1760553680565,1002.7588
1760553680584,1002.80237
1760553680604,1002.85516
1760553680624,1002.8952
1760553680644,1002.85516
1760553680665,1002.8836
1760553680684,1002.9219
1760553680703,1003.0124
1760553680724,1003.09875
1760553680744,1003.11145
1760553680764,1002.99207
1760553680784,1002.92175
1760553680804,1002.90985
1760553680825,1002.95483
1760553680845,1003.02625
1760553680864,1003.11786
1760553680884,1003.1892
1760553680904,1003.1758
1760553680924,1003.03503
1760553680944,1002.90393
1760553680964,1002.85187
1760553680984,1002.8088
1760553681005,1002.7589
1760553681024,1002.7705
1760553681044,1002.8238
1760553681065,1002.8164
1760553681085,1002.78064
1760553681104,1002.77844
1760553681125,1002.7499
1760553681145,1002.7659
1760553681165,1002.8171
1760553681186,1002.89874
1760553681204,1002.96094
1760553681224,1002.91986
1760553681244,1002.8458
1760553681264,1002.83765
1760553681284,1002.8711
1760553681304,1002.9286
1760553681325,1002.97296
1760553681344,1003.02454
1760553681364,1003.09515
1760553681384,1003.15924
1760553681404,1003.1194
1760553681424,1003.0283
1760553681444,1003.0189
1760553681464,1003.0619
1760553681484,1003.15515
1760553681505,1003.1489
1760553681524,1003.03876
1760553681544,1002.91113
1760553681564,1002.8261
1760553681584,1002.7449
1760553681604,1002.8267
1760553681624,1002.89844
1760553681645,1002.91406
1760553681665,1002.9419
1760553681684,1002.9333
1760553681704,1002.9294
1760553681724,1002.9244
1760553681743,1002.9258
1760553681764,1002.90643
1760553681784,1002.8817
1760553681804,1002.898
1760553681825,1002.9324
1760553681844,1002.96204
1760553681864,1003.01
1760553681884,1003.04504
1760553681904,1003.0003
1760553681924,1002.8458
1760553681944,1002.8881
1760553681964,1003.0958
1760553681985,1003.17255
1760553682004,1003.066
1760553682024,1002.85754
1760553682044,1002.85846
1760553682064,1002.928
1760553682084,1002.95703
1760553682105,1003.0008
1760553682125,1002.98987
1760553682145,1002.96783
1760553682165,1002.9552
1760553682184,1002.90735
1760553682204,1002.8353
1760553682224,1002.7833
1760553682244,1002.8175
1760553682264,1002.79236
1760553682284,1002.8176
1760553682305,1002.8425
1760553682325,1002.8239
1760553682344,1002.8147
1760553682364,1002.8255
1760553682384,1002.83673
1760553682405,1002.8508
1760553682424,1002.8906
1760553682444,1002.90845
1760553682464,1002.85876
1760553682485,1002.8663
1760553682504,1002.90894
1760553682524,1002.9488
1760553682544,1002.91486
1760553682564,1002.98425
1760553682584,1003.03925
1760553682605,1003.03094
1760553682625,1002.96234
1760553682645,1002.8669
1760553682664,1002.7958
1760553682684,1002.8099
1760553682704,1002.91187
1760553682724,1002.96594
1760553682744,1003.0266
1760553682764,1003.005
1760553682785,1002.8895
1760553682805,1002.85364
1760553682825,1002.80066
1760553682844,1002.8055
1760553682864,1002.7499
1760553682884,1002.8199
1760553682904,1002.86206
1760553682924,1002.86176
1760553682944,1002.86816
1760553682964,1002.84424
1760553682985,1002.86676
1760553683004,1002.8683
1760553683024,1002.8933
1760553683044,1002.84674
1760553683064,1002.79767
1760553683084,1002.84125
1760553683104,1002.8856
1760553683125,1002.92566
1760553683145,1002.91565
1760553683164,1002.8727
1760553683184,1002.945
1760553683204,1002.98047
1760553683224,1003.02795
1760553683244,1003.05316
1760553683264,1003.0908
1760553683284,1003.1236
1760553683305,1003.1477
1760553683324,1003.0786
1760553683344,1003.0827
1760553683364,1003.0778
1760553683384,1003.0628
1760553683404,1003.0599
1760553683425,1003.0319
1760553683444,1002.9633
1760553683464,1002.9033
1760553683484,1002.8821
1760553683504,1002.91425
1760553683524,1002.8925
1760553683545,1002.8894
1760553683564,1002.8757
1760553683584,1002.84656
1760553683605,1002.8097
1760553683625,1002.8386
1760553683645,1002.876
1760553683664,1002.91907
1760553683684,1002.9377
1760553683704,1002.90405
1760553683724,1002.85004
1760553683744,1002.85126
1760553683765,1002.9222
1760553683784,1003.0322
1760553683805,1003.1319
1760553683824,1003.2644
1760553683844,1003.23596
1760553683864,1003.03864
1760553683884,1002.9431
1760553683904,1002.8902
1760553683924,1002.892
1760553683944,1002.96454
1760553683965,1002.97174
1760553683984,1002.9414
1760553684004,1002.91675
1760553684024,1002.8989
1760553684044,1002.8594
1760553684064,1002.84454
1760553684085,1002.84546
1760553684105,1002.8816
1760553684125,1002.91284
1760553684145,1002.90015
1760553684165,1002.97845
1760553684185,1002.9924
1760553684204,1003.02
1760553684224,1003.0214
1760553684244,1002.9458
1760553684264,1002.9372
1760553684285,1003.03564
1760553684305,1003.15564
1760553684324,1003.1741
1760553684344,1002.9608
1760553684364,1002.86145
1760553684384,1002.9349
1760553684404,1003.2052
1760553684424,1003.33344
1760553684445,1003.1694
1760553684465,1002.9269
1760553684484,1002.9025
1760553684504,1002.8844
1760553684524,1002.85376
1760553684545,1002.86646
1760553684565,1002.84705
1760553684585,1002.85455
1760553684605,1002.7986
1760553684626,1002.8174
1760553684644,1002.8191
1760553684665,1002.8213
1760553684686,1002.8724
1760553684704,1002.85187
1760553684724,1002.905
1760553684744,1002.9416
1760553684764,1002.9927
1760553684785,1002.9927
1760553684804,1003.03894
1760553684824,1003.09094
1760553684844,1003.2116
1760553684864,1003.2639
1760553684884,1003.1847
1760553684904,1003.1227
1760553684924,1003.11316
1760553684944,1003.0878
1760553684965,1003.10297
1760553684984,1003.1572
1760553685004,1003.1825
1760553685024,1003.09393
1760553685045,1003.0021
1760553685064,1002.90265
1760553685085,1002.898
1760553685104,1002.9513
1760553685125,1002.9534
1760553685145,1002.9572
1760553685164,1002.9577
1760553685185,1002.9322
1760553685204,1002.91907
1760553685224,1002.9958
1760553685244,1003.0228
1760553685264,1003.0649
1760553685285,1003.09753
1760553685304,1003.0844
1760553685324,1003.0494
1760553685345,1003.04486
1760553685364,1003.16534
1760553685384,1003.2439
1760553685405,1003.2631
1760553685425,1003.04767
1760553685445,1002.9974
1760553685464,1003.178
1760553685484,1003.3019
1760553685504,1003.2439
1760553685524,1003.03705
1760553685544,1002.9581
1760553685565,1002.9558
1760553685585,1002.97687
1760553685605,1003.0286
1760553685625,1003.0007
1760553685644,1002.97125
1760553685664,1002.9011
1760553685684,1002.9545
1760553685704,1002.96906
1760553685724,1003.0144
1760553685744,1003.06244
1760553685765,1003.09973
1760553685785,1003.0958
1760553685804,1003.10614
1760553685824,1003.09503
1760553685844,1003.08875
1760553685864,1003.0667
1760553685884,1003.0083
1760553685904,1002.9633
1760553685925,1002.98395
1760553685945,1003.1356
1760553685964,1003.2613
1760553685984,1003.3661
1760553686004,1003.35284
1760553686024,1003.1944
1760553686044,1003.1175
1760553686065,1003.1274
1760553686085,1003.1299
1760553686105,1003.10486
1760553686124,1003.136
1760553686144,1003.09875
1760553686164,1003.0333
1760553686184,1002.9916
1760553686204,1002.993
1760553686224,1002.9339
1760553686244,1002.9466
1760553686264,1002.98175
1760553686284,1003.04224
1760553686304,1003.0788
1760553686324,1003.1391
1760553686344,1003.18567
1760553686365,1003.2038
1760553686384,1003.1877
1760553686405,1003.2222
1760553686425,1003.21735
1760553686445,1003.28754
1760553686464,1003.2344
1760553686484,1003.0784
1760553686504,1003.0311
1760553686524,1003.0297
1760553686545,1003.23364
1760553686565,1003.3394
1760553686585,1003.27313
1760553686605,1003.12036
1760553686624,1003.04126
1760553686644,1003.0014
1760553686664,1002.97784
1760553686684,1003.02844
1760553686704,1003.0663
1760553686724,1003.03937
1760553686744,1002.98627
1760553686765,1002.9353
1760553686784,1002.9416
1760553686804,1002.9594
1760553686824,1003.0
1760553686844,1003.0002
1760553686864,1003.04224
1760553686884,1003.0858
1760553686904,1003.08344
1760553686924,1003.10626
1760553686944,1003.0825
1760553686964,1003.08875
1760553686984,1003.1161
1760553687004,1003.1441
1760553687024,1003.05316
1760553687044,1003.0017
1760553687064,1003.04285
1760553687085,1003.04767
1760553687105,1003.1282
1760553687124,1003.2319
1760553687144,1003.262
1760553687164,1003.1875
1760553687184,1003.0774
1760553687204,1003.023
1760553687224,1002.9866
1760553687244,1002.9686
1760553687264,1002.98486
1760553687284,1002.96515
1760553687304,1002.9489
1760553687324,1002.8881
1760553687344,1002.9322
1760553687364,1002.9625
1760553687384,1002.98505
1760553687405,1003.03564
1760553687425,1003.02924
1760553687444,1003.0869
1760553687464,1003.0925
1760553687484,1003.1083
1760553687504,1003.1339
1760553687524,1003.1253
1760553687545,1003.0758
1760553687565,1003.02954
1760553687585,1003.0635
1760553687605,1003.2083
1760553687624,1003.3739
1760553687644,1003.28265
1760553687664,1003.08765
1760553687686,1003.03815
1760553687706,1003.15015
1760553687724,1003.16144
1760553687745,1003.1258
1760553687765,1002.97064
1760553687784,1002.8688
1760553687804,1002.8225
1760553687824,1002.91016
1760553687844,1002.98376
1760553687864,1003.0055
1760553687884,1003.0002
1760553687904,1002.9972
1760553687925,1002.97253
1760553687944,1002.98535
1760553687964,1003.04346
1760553687984,1003.0758
1760553688004,1003.09265
1760553688024,1003.14984
1760553688044,1003.16473
1760553688064,1003.17065
1760553688085,1003.1316
1760553688104,1003.1882
1760553688124,1003.2659
1760553688145,1003.29755
1760553688164,1003.2416
1760553688184,1003.15906
1760553688204,1003.09125
1760553688224,1003.0767
1760553688244,1003.0549
1760553688264,1003.0675
1760553688284,1003.0447
1760553688304,1002.95703
1760553688324,1002.9541
1760553688344,1002.9283
1760553688364,1002.91534
1760553688384,1002.9499
1760553688405,1003.04645
1760553688425,1003.10114
1760553688444,1003.10455
1760553688464,1003.1199
1760553688484,1003.1091
1760553688504,1003.17377
1760553688525,1003.2005
1760553688545,1003.2571
1760553688565,1003.2747
1760553688585,1003.3213
1760553688604,1003.3283
1760553688624,1003.1747
1760553688644,1003.1458
1760553688664,1003.1882
1760553688684,1003.3314
1760553688704,1003.47406
1760553688725,1003.4636
1760553688745,1003.30396
1760553688764,1003.197
1760553688784,1003.1391
1760553688804,1003.10114
1760553688824,1003.11237
1760553688844,1003.1122
1760553688864,1003.16113
1760553688884,1003.10223
1760553688905,1003.0745
1760553688924,1003.03345
1760553688944,1002.9933
1760553688964,1003.0347
1760553688984,1003.03937
1760553689004,1003.048
1760553689024,1003.0858
1760553689044,1003.16235
1760553689065,1003.2061
1760553689084,1003.26843
1760553689105,1003.28156
1760553689124,1003.27875
1760553689144,1003.22174
1760553689164,1003.2194
1760553689184,1003.3794
1760553689204,1003.60675
1760553689225,1003.67426
1760553689245,1003.4905
1760553689264,1003.2991
1760553689284,1003.2585
1760553689304,1003.233
1760553689324,1003.263
1760553689344,1003.28156
1760553689364,1003.22894
1760553689385,1003.1266
1760553689405,1003.0897
1760553689424,1003.10785
1760553689444,1003.09937
1760553689464,1003.10486
1760553689484,1003.09393
1760553689504,1003.03253
1760553689524,1003.02625
1760553689544,1003.07
1760553689566,1003.1483
1760553689584,1003.18286
1760553689604,1003.23785
1760553689624,1003.29047
1760553689644,1003.2522
1760553689664,1003.2322
1760553689684,1003.28204
1760553689706,1003.29614
1760553689724,1003.238
1760553689744,1003.2488
1760553689764,1003.3058
1760553689784,1003.49207
1760553689804,1003.6411
1760553689824,1003.6341
1760553689844,1003.3866
1760553689864,1003.28613
1760553689885,1003.2028
1760553689905,1003.2105
1760553689924,1003.256
1760553689944,1003.23364
1760553689964,1003.1694
1760553689984,1003.11597
1760553690004,1003.03815
1760553690024,1003.012
1760553690045,1003.04285
1760553690066,1003.08484
1760553690084,1003.11487
1760553690104,1003.1812
1760553690125,1003.1822
1760553690144,1003.14874
1760553690164,1003.17175
1760553690184,1003.2042
1760553690205,1003.2549
1760553690225,1003.3727
1760553690244,1003.4841
1760553690264,1003.4861
1760553690284,1003.5763
1760553690304,1003.62177
1760553690324,1003.5852
1760553690344,1003.5067
1760553690364,1003.5189
1760553690384,1003.588
1760553690404,1003.59814
1760553690424,1003.5225
1760553690444,1003.42957
1760553690464,1003.33
1760553690484,1003.2655
1760553690504,1003.1824
1760553690524,1003.2522
1760553690544,1003.3175
1760553690565,1003.2708
1760553690584,1003.2452
1760553690604,1003.2233
1760553690624,1003.1766
1760553690644,1003.1199
1760553690664,1003.15125
1760553690685,1003.2258
1760553690708,1003.28845
1760553690725,1003.3827
1760553690744,1003.42926
1760553690764,1003.4388
1760553690784,1003.40564
1760553690804,1003.41534
1760553690824,1003.40784
1760553690844,1003.4366
1760553690865,1003.53
1760553690885,1003.5141
1760553690904,1003.46735
1760553690924,1003.40375
1760553690944,1003.42566
1760553690964,1003.48895
1760553690984,1003.5527
1760553691004,1003.5794
1760553691025,1003.5175
1760553691045,1003.4447
1760553691064,1003.435
1760553691084,1003.3594
1760553691105,1003.22546
1760553691124,1003.143
1760553691144,1003.1094
1760553691165,1003.0852
1760553691185,1003.10846
1760553691205,1003.15405
1760553691225,1003.2111
1760553691244,1003.265
1760553691264,1003.23676
1760553691284,1003.3189
1760553691304,1003.41235
1760553691324,1003.4461
1760553691344,1003.4514
1760553691364,1003.40204
1760553691385,1003.446
1760553691404,1003.5241
1760553691424,1003.53284
1760553691445,1003.4436
1760553691464,1003.273
1760553691484,1003.14954
1760553691504,1003.16986
1760553691524,1003.28815
1760553691545,1003.3269
1760553691564,1003.35626
1760553691584,1003.3827
1760553691604,1003.4266
1760553691624,1003.3772
1760553691644,1003.2591
1760553691665,1003.1366
1760553691685,1003.0961
1760553691705,1003.0769
1760553691724,1003.0677
1760553691744,1003.0713
1760553691764,1003.1364
1760553691784,1003.1194
1760553691804,1003.1363
1760553691824,1003.15204
1760553691844,1003.17096
1760553691864,1003.2042
1760553691885,1003.2233
1760553691904,1003.21204
1760553691924,1003.2649
1760553691944,1003.3142
1760553691964,1003.30396
1760553691984,1003.2603
1760553692004,1003.19507
1760553692025,1003.2966
1760553692045,1003.47705
1760553692064,1003.47314
1760553692084,1003.39343
1760553692104,1003.28
1760553692124,1003.2594
1760553692145,1003.213
1760553692164,1003.2358
1760553692185,1003.3683
1760553692205,1003.3836
1760553692224,1003.3938
1760553692244,1003.35315
1760553692264,1003.3242
1760553692284,1003.2958
1760553692305,1003.2558
1760553692324,1003.23047
1760553692344,1003.256
1760553692365,1003.26984
1760553692385,1003.2664
1760553692404,1003.2719
1760553692424,1003.2691
1760553692444,1003.246
1760553692464,1003.2377
1760553692485,1003.2581
1760553692505,1003.23096
1760553692525,1003.2041
1760553692544,1003.23596
1760553692564,1003.23035
1760553692584,1003.2703
1760553692604,1003.28503
1760553692624,1003.3097
1760553692644,1003.2425
1760553692665,1003.255
1760553692685,1003.3286
1760553692705,1003.3902
1760553692724,1003.3702
1760553692744,1003.3316
1760553692764,1003.1969
1760553692784,1003.10626
1760553692803,1003.0713
1760553692824,1003.10425
1760553692844,1003.2522
1760553692864,1003.3111
1760553692884,1003.4299
1760553692904,1003.43066
1760553692924,1003.3189
1760553692944,1003.2233
1760553692964,1003.1366
1760553692984,1003.1263
1760553693004,1003.0878
1760553693025,1003.10565
1760553693045,1003.10175
1760553693064,1003.10706
1760553693084,1003.1572
1760553693104,1003.2069
1760553693124,1003.2034
1760553693144,1003.1967
1760553693164,1003.17377
1760553693185,1003.1583
1760553693204,1003.0786
1760553693224,1003.0319
1760553693244,1003.0078
1760553693264,1003.0211
1760553693283,1003.02893
1760553693307,1003.0166
1760553693324,1003.1409
1760553693344,1003.27673
1760553693365,1003.32
1760553693383,1003.29004
1760553693404,1003.2564
1760553693424,1003.3341
1760553693444,1003.3799
1760553693476,1003.3878
1760553693513,1003.58984
1760553693533,1003.58984
1760553693554,1003.42255
1760553693573,1003.35425
1760553693593,1003.27905
1760553693613,1003.3224
1760553693634,1003.42255
1760553693653,1003.35535
1760553693674,1003.22815
1760553693694,1003.09235
1760553693714,1003.0075
1760553693733,1002.98596
1760553693754,1003.03766
1760553693773,1003.02734
1760553693793,1003.05035
1760553693814,1003.05096
1760553693834,1003.04614
1760553693854,1003.0894
1760553693874,1003.2027
1760553693894,1003.2034
1760553693914,1003.248
1760553693934,1003.2528
1760553693954,1003.3077
1760553693974,1003.36566
1760553693994,1003.3956
1760553694015,1003.5808
1760553694035,1003.8189
1760553694054,1003.8139
1760553694076,1003.5344
1760553694094,1003.34125
1760553694114,1003.2733
1760553694134,1003.3558
1760553694154,1003.35596
1760553694174,1003.3778
1760553694195,1003.3191
1760553694214,1003.2383
1760553694236,1003.16895
1760553694254,1003.1314
1760553694274,1003.1783
1760553694294,1003.22375
1760553694314,1003.26953
1760553694335,1003.2747
1760553694355,1003.2666
1760553694375,1003.29425
1760553694394,1003.39233
1760553694414,1003.4428
1760553694434,1003.438
1760553694454,1003.41876
1760553694474,1003.40704
1760553694495,1003.4866
1760553694515,1003.6297
1760553694535,1003.6858
1760553694555,1003.6869
1760553694575,1003.65796
1760553694594,1003.6202
1760553694614,1003.5544
1760553694634,1003.41864
1760553694654,1003.3138
1760553694675,1003.3127
1760553694695,1003.3238
1760553694716,1003.3339
1760553694734,1003.2322
1760553694754,1003.1235
1760553694774,1003.09375
1760553694794,1003.11597
1760553694814,1003.208
1760553694834,1003.2585
1760553694854,1003.25
1760553694874,1003.2038
1760553694894,1003.1186
1760553694914,1003.14813
1760553694934,1003.2486
1760553694954,1003.3202
1760553694974,1003.4072
1760553694994,1003.41437
1760553695014,1003.4391
1760553695033,1003.4514
1760553695053,1003.4505
1760553695074,1003.4394
1760553695094,1003.4371
1760553695113,1003.42267
1760553695134,1003.47034
1760553695154,1003.4338
1760553695174,1003.34705
1760553695195,1003.2681
1760553695214,1003.23456
1760553695234,1003.2089
1760553695254,1003.1415
1760553695274,1003.0872
1760553695294,1003.1033
1760553695314,1003.1838
1760553695335,1003.1811
1760553695355,1003.18286
1760553695374,1003.10474
1760553695394,1003.1169
1760553695414,1003.10535
1760553695434,1003.16504
1760553695454,1003.28485
1760553695474,1003.34424
1760553695496,1003.3847
1760553695515,1003.3166
1760553695534,1003.3342
1760553695554,1003.47906
1760553695574,1003.5527
1760553695594,1003.4538
1760553695614,1003.3005
1760553695634,1003.3121
1760553695656,1003.41864
1760553695675,1003.4661
1760553695694,1003.46173
1760553695714,1003.4455
1760553695734,1003.3461
1760553695754,1003.2617
1760553695774,1003.24677
1760553695794,1003.1827
1760553695814,1003.10846
1760553695835,1003.0588
1760553695855,1003.15015
1760553695874,1003.1478
1760553695895,1003.13916
1760553695914,1003.16656
1760553695934,1003.22766
1760553695955,1003.2705
1760553695975,1003.28125
1760553695995,1003.3311
1760553696015,1003.33813
1760553696035,1003.36237
1760553696054,1003.42566
1760553696075,1003.5007
1760553696094,1003.4927
1760553696114,1003.4283
1760553696135,1003.38324
1760553696155,1003.4086
1760553696175,1003.5105
1760553696194,1003.5696
1760553696215,1003.5042
1760553696234,1003.40564
1760553696254,1003.3033
1760553696274,1003.2705
1760553696295,1003.2664
1760553696315,1003.28784
1760553696335,1003.3189
1760553696355,1003.35065
1760553696375,1003.30206
1760553696394,1003.2955
1760553696414,1003.3088
1760553696434,1003.30176
1760553696454,1003.29065
1760553696475,1003.3394
1760553696494,1003.34784
1760553696515,1003.3622
1760553696534,1003.34784
1760553696555,1003.29706
1760553696574,1003.33093
1760553696594,1003.41876
1760553696614,1003.43567
1760553696635,1003.4169
1760553696655,1003.28973
1760553696675,1003.3114
1760553696694,1003.54407
1760553696715,1003.637
1760553696735,1003.5138
1760553696754,1003.3747
1760553696775,1003.2991
1760553696795,1003.26843
1760553696815,1003.23425
1760553696835,1003.2119
1760553696854,1003.2064
1760553696874,1003.1935
1760553696894,1003.2013
1760553696913,1003.1916
1760553696934,1003.16626
1760553696954,1003.1444
1760553696975,1003.17926
1760553696995,1003.18286
1760553697013,1003.1992
1760553697033,1003.24036
1760553697054,1003.3358
1760553697074,1003.3647
1760553697094,1003.3757
1760553697114,1003.3952
1760553697134,1003.3952
1760553697155,1003.4316
1760553697175,1003.517
1760553697194,1003.59546
1760553697214,1003.59393
1760553697234,1003.53265
1760553697254,1003.42285
1760553697275,1003.3838
1760553697294,1003.368
1760553697314,1003.3772
1760553697334,1003.3277
1760553697354,1003.3064
1760553697374,1003.2585
1760553697393,1003.1995
1760553697420,1003.18176
1760553697433,1003.2427
1760553697453,1003.28784
1760553697474,1003.263
1760553697494,1003.21375
1760553697513,1003.16956
1760553697533,1003.1986
1760553697554,1003.32605
1760553697573,1003.43286
1760553697594,1003.41565
1760553697615,1003.3938
1760553697634,1003.4469
1760553697654,1003.5219
1760553697674,1003.60187
1760553697694,1003.5089
1760553697714,1003.3744
1760553697734,1003.31
1760553697755,1003.4255
1760553697774,1003.4694
1760553697794,1003.49817
1760553697815,1003.41815
1760553697835,1003.4011
1760553697854,1003.3791
1760553697874,1003.3788
1760553697894,1003.34235
1760553697914,1003.3116
1760553697934,1003.27844
1760553697954,1003.22797
1760553697974,1003.198
1760553697994,1003.1936
1760553698014,1003.21515
1760553698034,1003.2588
1760553698054,1003.24097
1760553698074,1003.27124
1760553698094,1003.3394
1760553698115,1003.4083
1760553698135,1003.4411
1760553698155,1003.4392
1760553698174,1003.3969
1760553698194,1003.35144
1760553698215,1003.35254
1760553698234,1003.40845
1760553698255,1003.4533
1760553698275,1003.35895
1760553698295,1003.41266
1760553698315,1003.4794
1760553698334,1003.4511
1760553698354,1003.4322
1760553698374,1003.36707
1760553698394,1003.3155
1760553698414,1003.2656
1760553698434,1003.2333
1760553698455,1003.2394
1760553698475,1003.2028
1760553698494,1003.20953
1760553698515,1003.15173
1760553698534,1003.1169
1760553698555,1003.0819
1760553698574,1003.05035
1760553698594,1003.0685
1760553698614,1003.1825
1760553698635,1003.3336
1760553698655,1003.5077
1760553698674,1003.5163
1760553698694,1003.5083
1760553698714,1003.52924
1760553698734,1003.5566
1760553698754,1003.41785
1760553698774,1003.3152
1760553698795,1003.54425
1760553698815,1003.71844
1760553698835,1003.6442
1760553698854,1003.40015
1760553698875,1003.28687
1760553698894,1003.33
1760553698914,1003.3411
1760553698935,1003.3072
1760553698955,1003.2558
1760553698975,1003.20734
1760553698994,1003.1375
1760553699014,1003.0749
1760553699034,1003.08765
1760553699054,1003.1924
1760553699074,1003.2591
1760553699095,1003.28937
1760553699115,1003.3322
1760553699135,1003.39813
1760553699155,1003.4419
1760553699174,1003.41266
1760553699194,1003.403
1760553699215,1003.48364
1760553699234,1003.5063
1760553699254,1003.49457
1760553699275,1003.4996
1760553699295,1003.4989
1760553699315,1003.55676
1760553699334,1003.66595
1760553699355,1003.72406
1760553699374,1003.6344
1760553699394,1003.4977
1760553699415,1003.34454
1760553699435,1003.23895
1760553699455,1003.2677
1760553699475,1003.3841
1760553699494,1003.3938
1760553699514,1003.3258
1760553699534,1003.26733
1760553699554,1003.2427
1760553699574,1003.23315
1760553699595,1003.20593
1760553699614,1003.2425
1760553699635,1003.28284
1760553699654,1003.375
1760553699675,1003.4455
1760553699695,1003.47144
1760553699714,1003.5225
1760553699734,1003.6044
1760553699754,1003.71875
1760553699775,1003.8267
1760553699795,1003.6983
1760553699814,1003.5486
1760553699834,1003.48706
1760553699854,1003.48505
1760553699874,1003.59894
1760553699895,1003.67346
1760553699915,1003.6594
1760553699935,1003.5344
1760553699955,1003.46643
1760553699975,1003.3569
1760553699994,1003.28424
1760553700014,1003.23346
1760553700035,1003.2092
1760553700054,1003.2128
1760553700074,1003.23035
1760553700095,1003.22784
1760553700115,1003.21344
1760553700135,1003.2023
1760553700155,1003.1981
1760553700174,1003.27423
1760553700194,1003.3569
1760553700214,1003.3927
1760553700235,1003.433
1760553700255,1003.4701
1760553700275,1003.5022
1760553700295,1003.55035
1760553700314,1003.5827
1760553700334,1003.74426
1760553700354,1003.8688
1760553700374,1003.78503
1760553700394,1003.59424
1760553700414,1003.4509
1760553700435,1003.3735
1760553700455,1003.4461
1760553700474,1003.54596
1760553700495,1003.512
1760553700514,1003.3858
1760553700534,1003.3038
1760553700554,1003.2547
1760553700574,1003.2667
1760553700595,1003.31067
1760553700615,1003.3409
1760553700636,1003.3211
1760553700655,1003.3308
1760553700674,1003.3764
1760553700695,1003.41156
1760553700714,1003.47845
1760553700734,1003.55347
1760553700754,1003.58374
1760553700774,1003.5889
1760553700795,1003.5775
1760553700814,1003.52374
1760553700834,1003.46173
1760553700854,1003.4019
1760553700874,1003.4625
1760553700895,1003.59344
1760553700914,1003.6405
1760553700935,1003.7377
1760553700955,1003.743
1760553700974,1003.7067
1760553700994,1003.635
1760553701014,1003.5505
1760553701034,1003.47046
1760553701054,1003.3317
1760553701074,1003.22675
1760553701095,1003.1775
1760553701115,1003.1936
1760553701134,1003.16455
1760553701155,1003.1366
1760553701174,1003.1752
1760553701194,1003.251
1760553701214,1003.3171
1760553701234,1003.49176
1760553701254,1003.59875
1760553701275,1003.5827
1760553701294,1003.5774
1760553701314,1003.6403
1760553701334,1003.59796
1760553701354,1003.6008
1760553701374,1003.5632
1760553701394,1003.5105
1760553701414,1003.60394
1760553701434,1003.6278
1760553701455,1003.6514
1760553701475,1003.6522
1760553701494,1003.61206
1760553701514,1003.4353
1760553701534,1003.3094
1760553701555,1003.2794
1760553701575,1003.3244
1760553701595,1003.3978
1760553701615,1003.47656
1760553701634,1003.62067
1760553701654,1003.688
1760553701674,1003.6122
1760553701694,1003.45984
1760553701714,1003.35785
1760553701735,1003.3289
1760553701755,1003.3627
1760553701775,1003.41144
1760553701795,1003.4561
1760553701814,1003.4708
1760553701834,1003.5014
1760553701854,1003.48395
1760553701874,1003.48346
1760553701895,1003.5122
1760553701915,1003.5044
1760553701935,1003.4669
1760553701954,1003.4994
1760553701974,1003.5611
1760553701994,1003.59204
1760553702015,1003.5911
1760553702034,1003.5841
1760553702054,1003.5008
1760553702075,1003.5155
1760553702095,1003.6889
1760553702115,1003.7702
1760553702134,1003.67957
1760553702155,1003.571
1760553702175,1003.47644
1760553702194,1003.4525
1760553702214,1003.46484
1760553702235,1003.54736
1760553702255,1003.5689
1760553702275,1003.5692
1760553702294,1003.5547
1760553702314,1003.52234
1760553702334,1003.5206
1760553702355,1003.5038
1760553702374,1003.4339
1760553702394,1003.3688
1760553702415,1003.3766
1760553702435,1003.41516
1760553702454,1003.4414
1760553702474,1003.4154
1760553702495,1003.3736
1760553702514,1003.3702
1760553702534,1003.3235
1760553702555,1003.30145
1760553702575,1003.29065
1760553702595,1003.31067
1760553702615,1003.35706
1760553702634,1003.36597
1760553702654,1003.35474
1760553702674,1003.3802
1760553702695,1003.4394
1760553702715,1003.5127
1760553702735,1003.5588
1760553702755,1003.48895
1760553702775,1003.47565
1760553702796,1003.4441
1760553702814,1003.48096
1760553702834,1003.53204
1760553702854,1003.7386
1760553702874,1003.7499
1760553702895,1003.6305
1760553702915,1003.46594
1760553702935,1003.33813
1760553702955,1003.34235
1760553702974,1003.48254
1760553702994,1003.5653
1760553703014,1003.5319
1760553703034,1003.41473
1760553703054,1003.32117
1760553703075,1003.29456
1760553703095,1003.2583
1760553703115,1003.28735
1760553703134,1003.3353
1760553703154,1003.3783
1760553703174,1003.3785
1760553703194,1003.4941
1760553703215,1003.54297
1760553703235,1003.5663
1760553703255,1003.5358
1760553703274,1003.5635
1760553703294,1003.52313
1760553703315,1003.52814
1760553703334,1003.5783
1760553703354,1003.6866
1760553703374,1003.7419
1760553703395,1003.67896
1760553703415,1003.5905
1760553703435,1003.59644
1760553703455,1003.73047
1760553703475,1003.7794
1760553703494,1003.7478
1760553703514,1003.6247
1760553703535,1003.5672
1760553703555,1003.46265
1760553703575,1003.40533
1760553703595,1003.4083
1760553703614,1003.40894
1760553703634,1003.4272
1760553703654,1003.4505
1760553703674,1003.41626
1760553703694,1003.3938
1760553703714,1003.3558
1760553703735,1003.34125
1760553703755,1003.3747
1760553703774,1003.5181
1760553703795,1003.6216
1760553703814,1003.7014
1760553703835,1003.63245
1760553703854,1003.6297
1760553703875,1003.66376
1760553703895,1003.72406
1760553703915,1003.7055
1760553703934,1003.7005
1760553703954,1003.7761
1760553703975,1003.8297
1760553703994,1003.7711
1760553704014,1003.54297
1760553704034,1003.4291
1760553704055,1003.4447
1760553704075,1003.5236
1760553704094,1003.54596
1760553704114,1003.5217
1760553704134,1003.4819
1760553704154,1003.4628
1760553704174,1003.49316
1760553704195,1003.5502
1760553704215,1003.5419
1760553704235,1003.5147
1760553704255,1003.4758
1760553704274,1003.4541
1760553704294,1003.5159
1760553704315,1003.6282
1760553704334,1003.6905
1760553704354,1003.7405
1760553704375,1003.7133
1760553704395,1003.6094
1760553704415,1003.59564
1760553704434,1003.7642
1760553704454,1003.7547
1760553704475,1003.6321
1760553704494,1003.54126
1760553704515,1003.72656
1760553704535,1003.91876
1760553704555,1003.9313
1760553704575,1003.71204
1760553704594,1003.6267
1760553704615,1003.6147
1760553704634,1003.55817
1760553704654,1003.5236
1760553704674,1003.5074
1760553704694,1003.4455
1760553704715,1003.4366
1760553704735,1003.49146
1760553704755,1003.53766
1760553704774,1003.5596
1760553704794,1003.5686
1760553704814,1003.6111
1760553704834,1003.635
1760553704855,1003.65985
1760553704876,1003.6892
1760553704895,1003.65466
1760553704915,1003.6222
1760553704934,1003.65765
1760553704954,1003.7086
1760553704975,1003.7691
1760553704994,1003.7283
1760553705014,1003.7047
1760553705035,1003.6802
1760553705055,1003.8105
1760553705075,1003.86676
1760553705094,1003.8008
1760553705115,1003.6322
1760553705135,1003.529
1760553705154,1003.506
1760553705174,1003.58734
1760553705194,1003.60065
1760553705214,1003.59015
1760553705236,1003.5074
1760553705255,1003.4344
1760553705274,1003.435
1760553705294,1003.47925
1760553705314,1003.5167
1760553705334,1003.54065
1760553705354,1003.5672
1760553705374,1003.47955
1760553705395,1003.4999
1760553705414,1003.59503
1760553705434,1003.66547
1760553705454,1003.5749
1760553705474,1003.42145
1760553705494,1003.3927
1760553705515,1003.41473
1760553705535,1003.3714
1760553705555,1003.3333
1760553705575,1003.28015
1760553705594,1003.2564
1760553705614,1003.17206
1760553705634,1003.0749
1760553705654,1003.04535
1760553705675,1003.0554
1760553705694,1003.09314
1760553705715,1003.09503
1760553705735,1003.0744
1760553705754,1003.0744
1760553705774,1003.1874
1760553705795,1003.2341
1760553705814,1003.2983
1760553705834,1003.3831
1760553705855,1003.4905
1760553705875,1003.54315
1760553705895,1003.52765
1760553705914,1003.48395
1760553705934,1003.5239
1760553705954,1003.48145
1760553705974,1003.5544
1760553705994,1003.618
1760553706014,1003.67145
1760553706035,1003.6808
1760553706055,1003.6377
1760553706075,1003.5759
1760553706095,1003.53894
1760553706115,1003.4925
1760553706134,1003.3952
1760553706154,1003.34546
1760553706175,1003.2553
1760553706195,1003.23376
1760553706215,1003.23035
1760553706235,1003.21783
1760553706254,1003.23175
1760553706274,1003.3097
1760553706294,1003.3225
1760553706315,1003.3508
1760553706334,1003.42004
1760553706355,1003.4456
1760553706375,1003.46
1760553706395,1003.4733
1760553706414,1003.4808
1760553706434,1003.49176
1760553706454,1003.4534
1760553706474,1003.40906
1760553706494,1003.3928
1760553706514,1003.34784
1760553706535,1003.3169
1760553706555,1003.30396
1760553706574,1003.321
1760553706594,1003.3127
1760553706614,1003.34375
1760553706634,1003.3792
1760553706654,1003.3844
1760553706674,1003.3911
1760553706695,1003.316
1760553706715,1003.23737
1760553706734,1003.21515
1760553706754,1003.2425
1760553706809,1003.2727
1760553706809,1003.28485
1760553706815,1003.29846
1760553706844,1003.3383
1760553706854,1003.36206
1760553706874,1003.39703
1760553706894,1003.4977
1760553706913,1003.54926
1760553706933,1003.58484
1760553706954,1003.6087
1760553706974,1003.6422
1760553706993,1003.6197
1760553707014,1003.60876
1760553707034,1003.60925
1760553707054,1003.6238
1760553707074,1003.6452
1760553707093,1003.6378
1760553707113,1003.64923
1760553707133,1003.66003
1760553707153,1003.5544
1760553707174,1003.54486
1760553707194,1003.4983
1760553707217,1003.54626
1760553707233,1003.66534
1760553707253,1003.8791
1760553707274,1004.0216
1760553707294,1004.0085
1760553707313,1004.0058
1760553707334,1003.95734
1760553707354,1003.958
1760553707374,1003.9872
1760553707394,1004.0269
1760553707414,1004.02374
1760553707434,1004.04395
1760553707454,1004.03296
1760553707474,1004.0027
1760553707495,1003.96375
1760553707514,1003.91223
1760553707534,1003.85345
1760553707554,1003.72504
1760553707574,1003.6122
1760553707594,1003.6985
1760553707614,1003.73206
1760553707634,1003.84894
1760553707654,1003.80396
1760553707675,1003.80206
1760553707695,1003.7966
1760553707714,1003.72437
1760553707734,1003.52905
1760553707754,1003.41986
1760553707774,1003.4456
1760553707794,1003.66364
1760553707814,1003.71515
1760553707834,1003.61395
1760553707855,1003.5564
1760553707874,1003.5677
1760553707894,1003.59924
1760553707914,1003.59937
1760553707934,1003.59503
1760553707954,1003.6219
1760553707974,1003.64
1760553707994,1003.59454
1760553708015,1003.5853
1760553708035,1003.59894
1760553708054,1003.6175
1760553708074,1003.59015
1760553708094,1003.6271
1760553708115,1003.68317
1760553708134,1003.6899
1760553708155,1003.72003
1760553708175,1003.65594
1760553708198,1003.6133
1760553708214,1003.59283
1760553708234,1003.66486
1760553708254,1003.74146
1760553708274,1003.79034
1760553708294,1003.7727
1760553708314,1003.79456
1760553708334,1003.86316
1760553708354,1003.9263
1760553708375,1003.8322
1760553708394,1003.7063
1760553708414,1003.65753
1760553708434,1003.68066
1760553708454,1003.65405
1760553708474,1003.6927
1760553708494,1003.756
1760553708515,1003.7175
1760553708534,1003.6935
1760553708554,1003.71643
1760553708573,1003.73956
1760553708594,1003.73816
1760553708614,1003.72925
1760553708634,1003.7667
1760553708655,1003.7958
1760553708676,1003.80786
1760553708695,1003.79425
1760553708714,1003.73535
1760553708734,1003.691
1760553708754,1003.66284
1760553708774,1003.8191
1760553708793,1003.8788
1760553708814,1003.78235
1760553708835,1003.6358
1760553708854,1003.7388
1760553708874,1004.0086
1760553708894,1004.0358
1760553708914,1003.8928
1760553708934,1003.7769
1760553708954,1003.6872
1760553708974,1003.6395
1760553708994,1003.5947
1760553709014,1003.58484
1760553709035,1003.6222
1760553709054,1003.65625
1760553709074,1003.6891
1760553709094,1003.703
1760553709114,1003.6741
1760553709134,1003.6413
1760553709154,1003.7041
1760553709174,1003.7366
1760553709195,1003.73267
1760553709213,1003.7589
1760553709233,1003.78754
1760553709254,1003.78864
1760553709274,1003.8161
1760553709294,1003.8219
1760553709314,1003.84265
1760553709334,1003.8711
1760553709354,1003.84937
1760553709374,1003.79407
1760553709394,1003.78156
1760553709413,1003.97894
1760553709434,1004.0861
1760553709454,1004.0566
1760553709474,1003.9719
1760553709494,1003.91364
1760553709514,1003.9347
1760553709534,1003.97754
1760553709554,1004.0003
1760553709575,1004.0035
1760553709594,1003.98517
1760553709614,1003.98456
1760553709634,1003.9516
1760553709654,1003.9547
1760553709675,1003.91266
1760553709695,1003.9097
1760553709713,1003.9486
1760553709734,1003.98346
1760553709754,1003.9556
1760553709774,1003.97845
1760553709794,1003.9977
1760553709814,1004.0513
1760553709835,1004.0147
1760553709855,1004.0052
1760553709874,1003.9858
1760553709894,1003.97046
1760553709914,1004.0036
1760553709934,1003.9686
1760553709954,1003.8716
1760553709974,1003.7341
1760553709994,1003.9222
1760553710015,1004.15015
1760553710034,1004.115
1760553710054,1003.98816
1760553710074,1003.8892
1760553710094,1003.8966
1760553710114,1003.8719
1760553710134,1003.8533
1760553710155,1003.8436
1760553710175,1003.79254
1760553710194,1003.7675
1760553710214,1003.72516
1760553710234,1003.74036
1760553710253,1003.72845
1760553710274,1003.67316
1760553710294,1003.6583
1760553710314,1003.6728
1760553710335,1003.68427
1760553710354,1003.6981
1760553710374,1003.683
1760553710394,1003.6572
1760553710414,1003.66925
1760553710434,1003.66956
1760553710454,1003.6744
1760553710474,1003.6175
1760553710495,1003.6214
1760553710515,1003.66675
1760553710534,1003.84845
1760553710554,1003.95953
1760553710575,1004.338
1760553710594,1004.3436
1760553710614,1004.10254
