1760553778508,1002.1297
1760553778527,1002.16064
1760553778547,1002.1569
1760553778568,1002.17096
1760553778587,1002.1941
1760553778607,1002.1911
1760553778628,1002.2047
1760553778648,1002.27924
1760553778668,1002.365
1760553778688,1002.386
1760553778707,1002.41986
1760553778727,1002.4883
1760553778747,1002.5585
1760553778767,1002.6183
1760553778787,1002.7005
1760553778808,1002.7086
1760553778828,1002.54364
1760553778849,1002.392
1760553778867,1002.2786
1760553778887,1002.1827
1760553778907,1002.0652
1760553778928,1001.90533
1760553778948,1001.78754
1760553778969,1001.7139
1760553778988,1001.74744
1760553779008,1001.7758
1760553779027,1001.7175
1760553779047,1001.78894
1760553779067,1001.8472
1760553779088,1001.8241
1760553779107,1001.6536
1760553779128,1001.55347
1760553779148,1001.5347
1760553779168,1001.5586
1760553779187,1001.6813
1760553779208,1001.8088
1760553779227,1001.8436
1760553779247,1001.8166
1760553779267,1001.7475
1760553779288,1001.705
1760553779308,1001.6981
1760553779328,1001.7233
1760553779347,1001.7391
1760553779368,1001.7067
1760553779387,1001.7186
1760553779407,1001.7155
1760553779427,1001.79504
1760553779448,1001.91003
1760553779468,1001.9975
1760553779489,1001.99347
1760553779507,1001.97394
1760553779528,1001.9453
1760553779548,1001.8955
1760553779567,1001.8839
1760553779587,1002.0519
1760553779607,1002.21
1760553779628,1002.1249
1760553779648,1002.0019
1760553779668,1001.9489
1760553779688,1001.9719
1760553779707,1001.91754
1760553779727,1001.875
1760553779747,1001.8716
1760553779767,1001.85297
1760553779788,1001.8313
1760553779808,1001.8174
1760553779828,1001.8328
1760553779847,1001.8436
1760553779868,1001.8839
1760553779889,1001.833
1760553779908,1001.85065
1760553779928,1001.90204
1760553779948,1001.9327
1760553779969,1001.97064
1760553779990,1002.0408
1760553780008,1002.03235
1760553780027,1001.99316
1760553780047,1001.98035
1760553780067,1002.0061
1760553780087,1001.98236
1760553780108,1001.91156
1760553780128,1002.14233
1760553780148,1002.4639
1760553780169,1002.3997
1760553780188,1002.23114
1760553780208,1002.0561
1760553780228,1002.04517
1760553780248,1002.0628
1760553780268,1002.09045
1760553780288,1002.0847
1760553780308,1002.0003
1760553780329,1001.9495
1760553780348,1001.8864
1760553780368,1001.91956
1760553780388,1001.96094
1760553780408,1001.948
1760553780434,1001.91815
1760553780448,1001.98065
1760553780468,1001.98065
1760553780488,1002.03394
1760553780508,1002.1399
1760553780527,1002.17816
1760553780547,1002.1386
1760553780567,1002.10095
1760553780587,1002.05457
1760553780608,1002.0697
1760553780628,1002.14014
1760553780648,1002.2369
1760553780668,1002.2489
1760553780688,1002.2197
1760553780707,1002.4536
1760553780727,1002.53723
1760553780748,1002.36255
1760553780768,1002.11926
1760553780788,1002.08453
1760553780809,1002.1191
1760553780828,1002.10516
1760553780847,1002.10626
1760553780868,1002.10846
1760553780887,1002.0853
1760553780907,1002.09985
1760553780928,1002.03156
1760553780948,1001.99176
1760553780968,1002.0035
1760553780988,1002.0269
1760553781007,1002.03644
1760553781028,1002.06177
1760553781047,1002.0713
1760553781068,1002.0603
1760553781087,1002.0516
1760553781108,1002.0735
1760553781129,1002.09924
1760553781149,1002.1356
1760553781167,1002.2502
1760553781188,1002.363
1760553781208,1002.42377
1760553781227,1002.4669
1760553781248,1002.4908
1760553781268,1002.5208
1760553781288,1002.5041
1760553781308,1002.4311
1760553781327,1002.35956
1760553781347,1002.3185
1760553781368,1002.2519
1760553781388,1002.1477
1760553781408,1002.1342
1760553781428,1002.1489
1760553781448,1002.1583
1760553781468,1002.0858
1760553781489,1002.04486
1760553781507,1002.0194
1760553781527,1002.04706
1760553781548,1002.063
1760553781568,1002.0925
1760553781587,1002.10675
1760553781608,1002.1486
1760553781628,1002.17566
1760553781648,1002.2333
1760553781667,1002.2425
1760553781688,1002.2539
1760553781707,1002.29254
1760553781727,1002.3203
1760553781748,1002.34656
1760553781768,1002.40765
1760553781788,1002.4697
1760553781809,1002.4385
1760553781827,1002.40515
1760553781848,1002.395
1760553781868,1002.36536
1760553781888,1002.3264
1760553781908,1002.3105
1760553781928,1002.2797
1760553781948,1002.2233
1760553781969,1002.2513
1760553781988,1002.2436
1760553782008,1002.2703
1760553782027,1002.2386
1760553782047,1002.2081
1760553782067,1002.16125
1760553782088,1002.1314
1760553782108,1002.1438
1760553782128,1002.16003
1760553782147,1002.1966
1760553782167,1002.23505
1760553782188,1002.30206
1760553782207,1002.3186
1760553782227,1002.29626
1760553782248,1002.3425
1760553782268,1002.40625
1760553782288,1002.4841
1760553782309,1002.47296
1760553782328,1002.42175
1760553782347,1002.47626
1760553782368,1002.5472
1760553782388,1002.615
1760553782408,1002.5789
1760553782432,1002.4552
1760553782448,1002.3558
1760553782468,1002.2689
1760553782487,1002.22864
1760553782507,1002.21234
1760553782527,1002.1997
1760553782547,1002.1967
1760553782567,1002.16046
1760553782588,1002.1299
1760553782608,1002.15625
1760553782628,1002.2103
1760553782647,1002.2624
1760553782667,1002.2969
1760553782687,1002.3627
1760553782707,1002.41986
1760553782727,1002.4567
1760553782747,1002.4305
1760553782768,1002.41547
1760553782788,1002.3786
1760553782808,1002.4194
1760553782828,1002.47986
1760553782848,1002.4686
1760553782868,1002.4277
1760553782888,1002.4283
1760553782908,1002.47437
1760553782928,1002.4336
1760553782949,1002.41486
1760553782968,1002.41406
1760553782987,1002.41595
1760553783008,1002.34924
1760553783027,1002.2606
1760553783048,1002.22687
1760553783068,1002.1949
1760553783088,1002.2063
1760553783108,1002.23645
1760553783128,1002.2577
1760553783148,1002.21906
1760553783168,1002.2197
1760553783188,1002.15735
1760553783207,1002.1522
1760553783227,1002.16364
1760553783248,1002.2427
1760553783268,1002.3792
1760553783288,1002.518
1760553783308,1002.5675
1760553783328,1002.60236
1760553783348,1002.6466
1760553783368,1002.66254
1760553783388,1002.65283
1760553783408,1002.6194
1760553783428,1002.6328
1760553783449,1002.60266
1760553783468,1002.5894
1760553783488,1002.59766
1760553783508,1002.60046
1760553783527,1002.53125
1760553783547,1002.34454
1760553783568,1002.22754
1760553783588,1002.11176
1760553783609,1002.11176
1760553783629,1002.2622
1760553783663,1002.32544
1760553783681,1002.3929
1760553783687,1002.4513
1760553783708,1002.48596
1760553783728,1002.4589
1760553783748,1002.41406
1760553783768,1002.40393
1760553783788,1002.3769
1760553783808,1002.4025
1760553783827,1002.4208
1760553783847,1002.4475
1760553783868,1002.4694
1760553783888,1002.4883
1760553783909,1002.585
1760553783929,1002.6271
1760553783948,1002.66266
1760553783968,1002.7617
1760553783988,1002.823
1760553784009,1002.78204
1760553784028,1002.7041
1760553784047,1002.6489
1760553784068,1002.59534
1760553784088,1002.5308
1760553784108,1002.5264
1760553784128,1002.47437
1760553784148,1002.4108
1760553784168,1002.3074
1760553784188,1002.2141
1760553784207,1002.1572
1760553784228,1002.15375
1760553784248,1002.22675
1760553784268,1002.2634
1760553784289,1002.2496
1760553784308,1002.21533
1760553784327,1002.256
1760553784347,1002.2755
1760553784368,1002.3805
1760553784388,1002.40234
1760553784408,1002.4675
1760553784428,1002.5058
1760553784448,1002.4625
1760553784468,1002.4567
1760553784487,1002.4428
1760553784508,1002.54895
1760553784527,1002.7019
1760553784547,1002.73395
1760553784568,1002.52563
1760553784588,1002.3733
1760553784608,1002.23004
1760553784628,1002.23535
1760553784648,1002.3178
1760553784667,1002.3391
1760553784687,1002.34143
1760553784708,1002.3189
1760553784728,1002.23755
1760553784748,1002.1956
1760553784768,1002.2588
1760553784788,1002.3158
1760553784808,1002.33875
1760553784828,1002.3419
1760553784848,1002.2933
1760553784869,1002.3483
1760553784888,1002.39
1760553784908,1002.40173
1760553784929,1002.35925
1760553784948,1002.31
1760553784967,1002.338
1760553784987,1002.47894
1760553785007,1002.52563
1760553785027,1002.49347
1760553785048,1002.47095
1760553785068,1002.5
1760553785089,1002.5583
1760553785109,1002.5947
1760553785129,1002.5667
1760553785147,1002.41516
1760553785167,1002.29266
1760553785188,1002.23846
1760553785208,1002.3096
1760553785228,1002.34973
1760553785248,1002.3149
1760553785269,1002.3167
1760553785287,1002.30145
1760553785307,1002.2592
1760553785328,1002.2575
1760553785348,1002.2594
1760553785368,1002.29364
1760553785388,1002.3177
1760553785409,1002.3313
1760553785429,1002.35706
1760553785448,1002.40875
1760553785468,1002.4886
1760553785488,1002.5444
1760553785508,1002.5525
1760553785528,1002.517
1760553785548,1002.5116
1760553785568,1002.49817
1760553785588,1002.5083
1760553785608,1002.5689
1760553785627,1002.6221
1760553785647,1002.5586
1760553785668,1002.47784
1760553785688,1002.40894
1760553785708,1002.3792
1760553785728,1002.3752
1760553785748,1002.386
1760553785768,1002.40125
1760553785787,1002.3469
1760553785808,1002.29895
1760553785828,1002.325
1760553785848,1002.2919
1760553785867,1002.2694
1760553785888,1002.2758
1760553785908,1002.2642
1760553785929,1002.2425
1760553785948,1002.3141
1760553785968,1002.3955
1760553785988,1002.49927
1760553786008,1002.6208
1760553786028,1002.5283
1760553786048,1002.46063
1760553786068,1002.47876
1760553786088,1002.565
1760553786108,1002.5683
1760553786127,1002.4722
1760553786147,1002.3397
1760553786168,1002.33563
1760553786187,1002.4733
1760553786208,1002.6238
1760553786228,1002.67487
1760553786248,1002.5078
1760553786269,1002.3167
1760553786288,1002.23285
1760553786308,1002.248
1760553786327,1002.28424
1760553786348,1002.28064
1760553786368,1002.273
1760553786388,1002.2658
1760553786409,1002.2599
1760553786433,1002.2483
1760553786448,1002.24567
1760553786467,1002.23816
1760553786487,1002.2703
1760553786508,1002.24567
1760553786528,1002.2666
1760553786548,1002.3172
1760553786568,1002.3569
1760553786588,1002.46454
1760553786608,1002.46906
1760553786628,1002.4989
1760553786648,1002.47925
1760553786667,1002.42535
1760553786687,1002.3824
1760553786708,1002.41406
1760553786728,1002.5599
1760553786749,1002.71454
1760553786768,1002.73737
1760553786787,1002.61395
1760553786807,1002.5013
1760553786827,1002.3994
1760553786847,1002.34143
1760553786868,1002.33704
1760553786888,1002.35095
1760553786908,1002.35864
1760553786928,1002.3394
1760553786948,1002.3005
1760553786968,1002.2658
1760553786987,1002.2636
1760553787008,1002.24066
1760553787027,1002.2411
1760553787048,1002.2422
1760553787068,1002.2464
1760553787089,1002.2955
1760553787108,1002.34656
1760553787128,1002.4008
1760553787148,1002.3647
1760553787168,1002.3152
1760553787189,1002.3378
1760553787209,1002.30066
1760553787228,1002.30396
1760553787249,1002.3544
1760553787268,1002.4402
1760553787288,1002.4847
1760553787308,1002.4511
1760553787328,1002.4758
1760553787348,1002.6224
1760553787368,1002.67706
1760553787389,1002.6985
1760553787409,1002.6358
1760553787428,1002.5669
1760553787448,1002.4503
1760553787469,1002.36957
1760553787488,1002.29004
1760553787507,1002.23004
1760553787528,1002.22156
1760553787548,1002.20734
1760553787568,1002.2664
1760553787587,1002.2764
1760553787607,1002.30597
1760553787627,1002.34454
1760553787647,1002.3766
1760553787667,1002.4413
1760553787688,1002.4785
1760553787708,1002.53986
1760553787728,1002.5575
1760553787748,1002.53876
1760553787768,1002.5169
1760553787787,1002.46094
1760553787807,1002.3872
1760553787827,1002.40906
1760553787848,1002.60266
1760553787868,1002.71515
1760553787888,1002.7119
1760553787909,1002.5119
1760553787928,1002.3297
1760553787948,1002.2622
1760553787968,1002.2991
1760553787988,1002.3786
1760553788008,1002.4449
1760553788027,1002.428
1760553788048,1002.5008
1760553788069,1002.40015
1760553788087,1002.29987
1760553788107,1002.28705
1760553788128,1002.28876
1760553788147,1002.2527
1760553788167,1002.2532
1760553788188,1002.2571
1760553788208,1002.29254
1760553788228,1002.3721
1760553788248,1002.3753
1760553788267,1002.41797
1760553788287,1002.41675
1760553788307,1002.4011
1760553788327,1002.40625
1760553788348,1002.4305
1760553788368,1002.40015
1760553788389,1002.4366
1760553788409,1002.4308
1760553788428,1002.4522
1760553788448,1002.45483
1760553788468,1002.49286
1760553788487,1002.5227
1760553788507,1002.5038
1760553788528,1002.4597
1760553788548,1002.47144
1760553788568,1002.6489
1760553788587,1002.72534
1760553788607,1002.70593
1760553788627,1002.5886
1760553788647,1002.47595
1760553788667,1002.5002
1760553788688,1002.5294
1760553788708,1002.55145
1760553788728,1002.5125
1760553788747,1002.47955
1760553788768,1002.3725
1760553788788,1002.3714
1760553788808,1002.3069
1760553788828,1002.27734
1760553788848,1002.2744
1760553788868,1002.34265
1760553788889,1002.3369
1760553788908,1002.3652
1760553788928,1002.3757
1760553788948,1002.34454
1760553788968,1002.343
1760553788988,1002.3572
1760553789009,1002.3824
1760553789028,1002.35504
1760553789048,1002.3327
1760553789069,1002.2744
1760553789088,1002.2571
1760553789107,1002.2463
1760553789127,1002.2722
1760553789147,1002.3222
1760553789168,1002.3261
1760553789188,1002.3069
1760553789208,1002.3025
1760553789229,1002.3131
1760553789248,1002.3605
1760553789268,1002.387
1760553789288,1002.3916
1760553789308,1002.41504
1760553789328,1002.46234
1760553789348,1002.5064
1760553789368,1002.45703
1760553789389,1002.3764
1760553789408,1002.42957
1760553789428,1002.5813
1760553789448,1002.6239
1760553789468,1002.54016
1760553789487,1002.4542
1760553789513,1002.42816
1760553789528,1002.4591
1760553789548,1002.47284
1760553789567,1002.4447
1760553789587,1002.3913
1760553789607,1002.3397
1760553789627,1002.28894
1760553789647,1002.35376
1760553789668,1002.3686
1760553789688,1002.45703
1760553789708,1002.47144
1760553789728,1002.4283
1760553789747,1002.3942
1760553789768,1002.3544
1760553789787,1002.3881
1760553789808,1002.4302
1760553789828,1002.4633
1760553789848,1002.5133
1760553789868,1002.55237
1760553789889,1002.5558
1760553789908,1002.60626
1760553789928,1002.7958
1760553789948,1002.8752
1760553789968,1002.79016
1760553789988,1002.6436
1760553790009,1002.60986
1760553790028,1002.7408
1760553790048,1002.7413
1760553790067,1002.67267
1760553790087,1002.54266
1760553790107,1002.52234
1760553790128,1002.4844
1760553790147,1002.4592
1760553790168,1002.42737
1760553790188,1002.4108
1760553790209,1002.36786
1760553790227,1002.3142
1760553790248,1002.3185
1760553790268,1002.3105
1760553790288,1002.34753
1760553790308,1002.40485
1760553790328,1002.4208
1760553790348,1002.4427
1760553790368,1002.4522
1760553790389,1002.41724
1760553790407,1002.4555
1760553790428,1002.53
1760553790448,1002.59973
1760553790468,1002.6871
1760553790488,1002.7014
1760553790509,1002.66724
1760553790529,1002.6263
1760553790549,1002.60535
1760553790567,1002.7692
1760553790588,1002.91614
1760553790607,1002.8702
1760553790627,1002.6944
1760553790648,1002.5589
1760553790668,1002.5191
1760553790688,1002.5097
1760553790709,1002.5005
1760553790728,1002.49097
1760553790747,1002.46454
1760553790767,1002.4358
1760553790788,1002.3844
1760553790808,1002.34503
1760553790828,1002.29785
1760553790848,1002.28876
1760553790868,1002.3038
1760553790888,1002.3063
1760553790908,1002.34875
1760553790928,1002.3725
1760553790948,1002.4247
1760553790968,1002.41406
1760553790988,1002.4283
1760553791008,1002.4539
1760553791028,1002.48926
1760553791047,1002.523
1760553791067,1002.6166
1760553791087,1002.76843
1760553791107,1002.73346
1760553791128,1002.65985
1760553791148,1002.73285
1760553791168,1002.74
1760553791188,1002.59174
1760553791210,1002.48566
1760553791227,1002.511
1760553791248,1002.4594
1760553791268,1002.41046
1760553791287,1002.35455
1760553791308,1002.3652
1760553791328,1002.3189
1760553791348,1002.3228
1760553791369,1002.3469
1760553791388,1002.3583
1760553791408,1002.3839
1760553791428,1002.41425
1760553791448,1002.4602
1760553791468,1002.4591
1760553791488,1002.46454
1760553791508,1002.47345
1760553791530,1002.5036
1760553791548,1002.5447
1760553791567,1002.5788
1760553791588,1002.54364
1760553791607,1002.503
1760553791628,1002.53424
1760553791648,1002.5681
1760553791668,1002.51733
1760553791688,1002.4545
1760553791708,1002.4575
1760553791728,1002.7053
1760553791748,1002.85126
1760553791768,1002.5861
1760553791788,1002.3955
1760553791808,1002.34973
1760553791828,1002.4169
1760553791849,1002.43286
1760553791869,1002.47894
1760553791888,1002.46313
1760553791907,1002.4325
1760553791928,1002.42377
1760553791948,1002.40814
1760553791968,1002.398
1760553791988,1002.3652
1760553792009,1002.3383
1760553792030,1002.35535
1760553792047,1002.3508
1760553792067,1002.392
1760553792087,1002.4511
1760553792107,1002.5047
1760553792127,1002.59125
1760553792148,1002.5724
1760553792168,1002.53503
1760553792188,1002.5574
1760553792207,1002.6211
1760553792227,1002.72894
1760553792247,1002.73364
1760553792268,1002.8856
1760553792287,1002.9497
1760553792308,1002.78766
1760553792328,1002.5311
1760553792348,1002.453
1760553792367,1002.4511
1760553792388,1002.4506
1760553792408,1002.41504
1760553792428,1002.41534
1760553792448,1002.3797
1760553792469,1002.35474
1760553792488,1002.3052
1760553792509,1002.26495
1760553792530,1002.28906
1760553792547,1002.3105
1760553792568,1002.30396
1760553792588,1002.36334
1760553792607,1002.40424
1760553792627,1002.4416
1760553792648,1002.5127
1760553792668,1002.6839
1760553792689,1002.7558
1760553792707,1002.78424
1760553792727,1002.79407
1760553792747,1002.8152
1760553792767,1002.85565
1760553792788,1002.7633
1760553792809,1002.7161
1760553792828,1002.9719
1760553792848,1003.0483
1760553792868,1002.8774
1760553792888,1002.59503
1760553792907,1002.4891
1760553792927,1002.47394
1760553792947,1002.4844
1760553792968,1002.4996
1760553792988,1002.47174
1760553793009,1002.4433
1760553793028,1002.40125
1760553793047,1002.3583
1760553793067,1002.35406
1760553793087,1002.3327
1760553793107,1002.3677
1760553793128,1002.4003
1760553793148,1002.41376
1760553793169,1002.4338
1760553793188,1002.4697
1760553793208,1002.5005
1760553793227,1002.5124
1760553793247,1002.5586
1760553793268,1002.54987
1760553793287,1002.5152
1760553793308,1002.60864
1760553793328,1002.7041
1760553793348,1002.6836
1760553793367,1002.53796
1760553793388,1002.512
1760553793408,1002.61145
1760553793428,1002.6786
1760553793447,1002.59125
1760553793468,1002.48145
1760553793488,1002.41766
1760553793509,1002.3969
1760553793528,1002.36145
1760553793548,1002.3727
1760553793567,1002.3591
1760553793587,1002.39453
1760553793607,1002.3792
1760553793628,1002.3905
1760553793648,1002.40906
1760553793669,1002.40515
1760553793688,1002.4391
1760553793708,1002.4391
1760553793727,1002.42267
1760553793748,1002.47845
1760553793767,1002.53455
1760553793788,1002.55597
1760553793808,1002.60626
1760553793828,1002.6853
1760553793849,1002.7464
1760553793868,1002.7386
1760553793888,1002.73035
1760553793908,1002.66656
1760553793928,1002.8425
1760553793948,1003.03204
1760553793968,1003.0577
1760553793988,1002.7519
1760553794010,1002.58203
1760553794028,1002.5756
1760553794048,1002.5589
1760553794067,1002.5853
1760553794087,1002.61206
1760553794108,1002.5665
1760553794129,1002.54346
1760553794148,1002.52484
1760553794168,1002.4977
1760553794188,1002.5042
1760553794208,1002.4886
1760553794228,1002.4855
1760553794247,1002.5233
1760553794268,1002.555
1760553794288,1002.5752
1760553794308,1002.6478
1760553794329,1002.7602
1760553794348,1002.78687
1760553794367,1002.7425
1760553794402,1002.7509
1760553794412,1002.8585
1760553794431,1002.95233
1760553794452,1002.8707
1760553794469,1002.85315
1760553794489,1002.95
1760553794509,1003.02954
1760553794528,1002.91864
1760553794547,1002.79596
1760553794567,1002.72455
1760553794588,1002.62885
1760553794607,1002.5728
1760553794628,1002.505
1760553794648,1002.5131
1760553794669,1002.5005
1760553794687,1002.49347
1760553794707,1002.465
1760553794727,1002.4902
1760553794747,1002.48175
1760553794767,1002.4555
1760553794788,1002.508
1760553794808,1002.52765
1760553794829,1002.55334
1760553794848,1002.6308
1760553794867,1002.6544
1760553794887,1002.7208
1760553794908,1002.7092
1760553794928,1002.67505
1760553794948,1002.66565
1760553794968,1002.73364
1760553794989,1002.8875
1760553795008,1003.04065
1760553795028,1003.0261
1760553795047,1002.7549
1760553795068,1002.60126
1760553795087,1002.59
1760553795108,1002.6427
1760553795128,1002.66876
1760553795148,1002.60864
1760553795169,1002.52704
1760553795188,1002.5136
1760553795208,1002.47156
1760553795227,1002.46594
1760553795248,1002.4994
1760553795268,1002.48737
1760553795288,1002.49677
1760553795309,1002.52124
1760553795329,1002.5657
1760553795348,1002.60455
1760553795368,1002.6331
1760553795387,1002.6489
1760553795408,1002.67377
1760553795428,1002.65704
1760553795448,1002.61395
1760553795468,1002.67395
1760553795488,1002.84125
1760553795508,1003.02344
1760553795528,1003.09845
1760553795548,1003.0189
1760553795567,1002.8839
1760553795587,1002.7597
1760553795608,1002.6734
1760553795628,1002.6406
1760553795649,1002.66956
1760553795667,1002.6111
1760553795688,1002.5886
1760553795707,1002.55536
1760553795727,1002.5041
1760553795748,1002.47174
1760553795768,1002.47784
1760553795788,1002.5216
1760553795809,1002.5134
1760553795828,1002.5228
1760553795848,1002.55566
1760553795867,1002.5739
1760553795888,1002.5677
1760553795908,1002.53937
1760553795928,1002.5525
1760553795948,1002.5646
1760553795968,1002.5657
1760553795989,1002.6044
1760553796008,1002.6544
1760553796028,1002.6822
1760553796047,1002.72406
1760553796067,1002.8295
1760553796087,1002.9005
1760553796108,1002.8458
1760553796128,1002.7083
1760553796148,1002.77094
1760553796167,1002.98206
1760553796188,1003.22473
1760553796207,1003.0622
1760553796227,1002.7542
1760553796247,1002.60297
1760553796268,1002.5139
1760553796288,1002.5097
1760553796308,1002.54517
1760553796327,1002.5839
1760553796347,1002.6083
1760553796367,1002.5596
1760553796387,1002.5813
1760553796408,1002.60016
1760553796428,1002.61597
1760553796449,1002.6347
1760553796468,1002.6321
1760553796488,1002.6344
1760553796508,1002.6888
1760553796528,1002.78516
1760553796549,1002.80927
1760553796568,1002.7438
1760553796588,1002.7692
1760553796608,1002.8878
1760553796628,1002.9316
1760553796649,1002.79095
1760553796667,1002.7527
1760553796688,1002.78705
1760553796708,1002.85864
1760553796727,1002.9324
1760553796748,1002.89954
1760553796768,1002.73627
1760553796788,1002.6072
1760553796809,1002.5831
1760553796827,1002.5814
1760553796848,1002.553
1760553796867,1002.54956
1760553796888,1002.54016
1760553796908,1002.5727
1760553796928,1002.60364
1760553796949,1002.66266
1760553796969,1002.77515
1760553796988,1002.8291
1760553797008,1002.8083
1760553797028,1002.7564
1760553797048,1002.73926
1760553797067,1002.79517
1760553797088,1002.8722
1760553797108,1002.84485
1760553797128,1002.7595
1760553797147,1002.7717
1760553797168,1002.7819
1760553797187,1002.7064
1760553797208,1002.6461
1760553797228,1002.62067
1760553797248,1002.6069
1760553797268,1002.6269
1760553797289,1002.638
1760553797309,1002.66815
1760553797327,1002.7019
1760553797347,1002.6942
1760553797368,1002.66284
1760553797388,1002.65814
1760553797408,1002.6769
1760553797429,1002.69
1760553797448,1002.6994
1760553797468,1002.7058
1760553797488,1002.78674
1760553797508,1002.8255
1760553797528,1002.8094
1760553797547,1002.79156
1760553797567,1002.80286
1760553797588,1002.8183
1760553797608,1002.90173
1760553797630,1003.0649
1760553797649,1003.136
1760553797667,1003.04315
1760553797687,1002.8672
1760553797708,1002.7691
1760553797728,1002.80566
1760553797748,1002.8977
1760553797768,1002.8077
1760553797788,1002.5755
1760553797808,1002.49817
1760553797828,1002.5125
1760553797847,1002.6345
1760553797868,1002.7528
1760553797887,1002.8461
1760553797908,1002.8391
1760553797928,1002.79114
1760553797949,1002.71765
1760553797969,1002.72516
1760553797988,1002.6883
1760553798008,1002.65735
1760553798028,1002.66003
1760553798048,1002.6935
1760553798067,1002.72955
1760553798088,1002.7444
1760553798109,1002.79376
1760553798128,1002.83984
1760553798147,1002.8872
1760553798168,1002.90015
1760553798188,1002.92285
1760553798207,1002.8814
1760553798228,1002.77704
1760553798248,1002.8174
1760553798268,1002.91785
1760553798289,1002.9722
1760553798307,1002.92126
1760553798328,1002.8005
1760553798347,1002.73157
1760553798368,1002.80707
1760553798387,1002.8736
1760553798408,1002.83
1760553798428,1002.7628
1760553798449,1002.6846
1760553798468,1002.6299
1760553798488,1002.5681
1760553798508,1002.5538
1760553798528,1002.5831
1760553798548,1002.6044
1760553798567,1002.6291
1760553798588,1002.6447
1760553798608,1002.64
1760553798629,1002.6386
1760553798647,1002.66205
1760553798668,1002.6455
1760553798687,1002.65906
1760553798707,1002.66425
1760553798727,1002.6244
1760553798749,1002.62177
1760553798768,1002.6257
1760553798788,1002.6872
1760553798808,1002.7516
1760553798827,1002.79285
1760553798848,1002.8411
1760553798868,1002.79706
1760553798888,1002.7544
1760553798908,1002.8369
1760553798929,1002.9286
1760553798949,1002.9389
1760553798968,1002.79816
1760553798988,1002.86145
1760553799008,1002.983
1760553799028,1002.9338
1760553799048,1002.73175
1760553799068,1002.58344
1760553799088,1002.55206
1760553799109,1002.5024
1760553799127,1002.54346
1760553799147,1002.5533
1760553799168,1002.58984
1760553799188,1002.5702
1760553799208,1002.5511
1760553799228,1002.5533
1760553799249,1002.631
1760553799269,1002.6875
1760553799290,1002.7094
1760553799308,1002.6257
1760553799328,1002.64
1760553799347,1002.6952
1760553799368,1002.79144
1760553799388,1002.85754
1760553799408,1002.8989
1760553799429,1002.91046
1760553799449,1002.936
1760553799468,1002.90924
1760553799488,1002.83923
1760553799508,1002.79236
1760553799528,1002.9431
1760553799548,1003.1452
1760553799568,1003.115
1760553799588,1002.9283
1760553799608,1002.67426
1760553799628,1002.5605
1760553799648,1002.5681
1760553799667,1002.67145
1760553799687,1002.7081
1760553799708,1002.72375
1760553799728,1002.6939
1760553799748,1002.66455
1760553799769,1002.628
1760553799787,1002.61786
1760553799808,1002.6266
1760553799827,1002.71674
1760553799847,1002.8339
1760553799867,1002.8061
1760553799888,1002.80286
1760553799908,1002.8266
1760553799929,1002.8757
1760553799948,1002.91376
1760553799968,1002.9286
1760553799988,1002.90674
1760553800008,1002.9269
1760553800028,1002.9349
1760553800048,1002.93286
1760553800068,1002.96063
1760553800088,1002.9866
1760553800108,1003.0219
1760553800128,1002.9905
1760553800148,1002.90814
1760553800168,1002.8203
1760553800187,1002.76733
1760553800208,1002.7258
1760553800228,1002.7397
1760553800248,1002.698
1760553800268,1002.6752
1760553800287,1002.67346
1760553800307,1002.5894
1760553800327,1002.5897
1760553800347,1002.6072
1760553800368,1002.62177
1760553800387,1002.6788
1760553800408,1002.72424
1760553800428,1002.72375
1760553800448,1002.6874
1760553800468,1002.7208
1760553800488,1002.7555
1760553800508,1002.8259
1760553800528,1002.90753
1760553800549,1002.963
1760553800568,1002.90625
1760553800588,1002.9263
1760553800608,1002.968
1760553800627,1003.0089
1760553800647,1002.97394
1760553800667,1002.953
1760553800688,1002.9416
1760553800708,1002.8869
1760553800728,1002.8242
1760553800748,1002.8138
1760553800769,1002.7847
1760553800788,1002.77203
1760553800807,1002.702
1760553800827,1002.6428
1760553800848,1002.61176
1760553800868,1002.65344
1760553800888,1002.67206
1760553800908,1002.6436
1760553800929,1002.6136
1760553800948,1002.65515
1760553800968,1002.748
1760553800988,1002.8103
1760553801008,1002.8627
1760553801028,1002.8725
1760553801048,1002.84937
1760553801069,1002.79346
1760553801088,1002.8074
1760553801107,1002.8183
1760553801128,1002.79095
1760553801147,1002.78
1760553801167,1002.84454
1760553801187,1003.0211
1760553801208,1003.1967
1760553801228,1003.1427
1760553801248,1002.96954
1760553801267,1002.86316
1760553801287,1002.73126
1760553801307,1002.67786
1760553801328,1002.72736
1760553801347,1002.79236
1760553801368,1002.7844
1760553801388,1002.7764
1760553801408,1002.7208
1760553801429,1002.7419
1760553801448,1002.7158
1760553801468,1002.7091
1760553801488,1002.71735
1760553801508,1002.68066
1760553801528,1002.7038
1760553801548,1002.7233
1760553801570,1002.76843
1760553801588,1002.8694
1760553801607,1002.8889
1760553801627,1002.8094
1760553801648,1002.827
1760553801668,1002.91846
1760553801687,1002.8964
1760553801708,1002.86395
1760553801728,1002.91724
1760553801749,1003.1266
1760553801768,1003.2464
1760553801787,1003.09845
1760553801807,1002.91223
1760553801828,1002.7561
1760553801848,1002.6931
1760553801868,1002.67126
1760553801888,1002.6805
1760553801909,1002.7549
1760553801928,1002.7972
1760553801948,1002.8047
1760553801968,1002.8125
1760553801988,1002.7758
1760553802008,1002.72406
1760553802029,1002.72455
1760553802048,1002.7222
1760553802070,1002.7725
1760553802088,1002.8721
1760553802107,1002.895
1760553802127,1002.9286
1760553802147,1002.8856
1760553802167,1002.8306
1760553802188,1002.8171
1760553802208,1002.9669
1760553802229,1003.0105
1760553802249,1002.9577
1760553802268,1002.8761
1760553802287,1002.85406
1760553802307,1002.91864
1760553802328,1002.9597
1760553802347,1002.9397
1760553802368,1002.8769
1760553802388,1002.8127
1760553802409,1002.7488
1760553802428,1002.72125
1760553802448,1002.7111
1760553802468,1002.73114
1760553802488,1002.72595
1760553802507,1002.7064
1760553802528,1002.6849
1760553802548,1002.71484
1760553802571,1002.68097
1760553802587,1002.73737
1760553802608,1002.7764
1760553802627,1002.72876
1760553802648,1002.72614
1760553802668,1002.78595
1760553802688,1002.84656
1760553802708,1002.9197
1760553802728,1002.95166
1760553802749,1003.0147
1760553802768,1002.9477
1760553802787,1002.8899
1760553802808,1003.0111
1760553802828,1003.16144
1760553802848,1003.1267
1760553802868,1002.9375
1760553802888,1002.7644
1760553802908,1002.68036
1760553802928,1002.7125
1760553802948,1002.7361
1760553802968,1002.745
1760553802987,1002.73114
1760553803008,1002.64703
1760553803028,1002.5458
1760553803049,1002.54755
1760553803068,1002.5613
1760553803087,1002.5683
1760553803108,1002.561
1760553803127,1002.6314
1760553803148,1002.61566
1760553803167,1002.65283
1760553803188,1002.7631
1760553803208,1002.83246
1760553803228,1002.898
1760553803248,1002.8944
1760553803268,1002.8753
1760553803288,1002.86597
1760553803308,1002.98267
1760553803328,1003.03284
1760553803348,1002.9697
1760553803368,1002.85156
1760553803388,1002.99176
1760553803409,1003.2102
1760553803428,1003.23785
1760553803448,1003.0795
1760553803469,1002.9335
1760553803488,1002.84064
1760553803508,1002.79926
1760553803528,1002.79987
1760553803549,1002.79395
1760553803569,1002.751
1760553803588,1002.72125
1760553803607,1002.65485
1760553803628,1002.55786
1760553803647,1002.5094
1760553803667,1002.47095
1760553803688,1002.4886
1760553803708,1002.52875
1760553803728,1002.5167
1760553803748,1002.54016
1760553803767,1002.61176
1760553803787,1002.636
1760553803808,1002.61176
1760553803827,1002.6839
1760553803848,1002.8796
1760553803868,1002.97723
1760553803889,1002.9396
1760553803907,1002.79114
1760553803928,1002.71814
1760553803948,1002.6486
1760553803968,1002.64343
1760553803988,1002.718
1760553804009,1002.7808
1760553804028,1002.78955
1760553804049,1002.7027
1760553804069,1002.60065
1760553804088,1002.59534
1760553804108,1002.5878
1760553804127,1002.6344
1760553804147,1002.66425
1760553804168,1002.67395
1760553804188,1002.6522
1760553804208,1002.6491
1760553804228,1002.6321
1760553804248,1002.71173
1760553804267,1002.8199
1760553804290,1002.8447
1760553804308,1002.8925
1760553804328,1002.99817
1760553804348,1003.0586
1760553804369,1002.9578
1760553804389,1002.8881
1760553804407,1002.8739
1760553804428,1002.91187
1760553804448,1003.0111
1760553804468,1003.0308
1760553804488,1002.9541
1760553804508,1002.8796
1760553804529,1002.90533
1760553804549,1002.90906
1760553804568,1002.8627
1760553804587,1002.7714
1760553804608,1002.73035
1760553804627,1002.71124
1760553804647,1002.7172
1760553804668,1002.7366
1760553804688,1002.755
1760553804708,1002.7552
1760553804729,1002.7527
1760553804748,1002.708
1760553804767,1002.7186
1760553804788,1002.7686
1760553804809,1002.8658
1760553804828,1002.91656
1760553804848,1002.98456
1760553804870,1002.9891
1760553804889,1002.99536
1760553804908,1003.0141
1760553804928,1003.03754
1760553804948,1003.0602
1760553804968,1003.2061
1760553804988,1003.3933
1760553805008,1003.388
1760553805029,1003.17316
1760553805049,1002.9737
1760553805069,1002.85126
1760553805087,1002.77515
1760553805107,1002.6925
1760553805127,1002.6221
1760553805147,1002.6257
1760553805168,1002.5875
1760553805188,1002.5692
1760553805208,1002.61395
1760553805228,1002.61536
1760553805248,1002.66724
1760553805267,1002.6827
1760553805287,1002.745
1760553805308,1002.7775
1760553805328,1002.8258
1760553805348,1002.90015
1760553805368,1002.98376
1760553805388,1003.02954
1760553805408,1003.1083
1760553805428,1003.1349
1760553805448,1003.195
1760553805468,1003.26843
1760553805488,1003.17377
1760553805508,1003.0678
1760553805529,1002.99567
1760553805548,1002.9922
1760553805568,1003.1361
1760553805588,1003.4008
1760553805607,1003.3333
1760553805627,1003.0596
1760553805648,1002.85754
1760553805668,1002.7701
1760553805688,1002.7805
1760553805709,1002.7697
1760553805728,1002.79895
1760553805748,1002.83734
1760553805767,1002.84283
1760553805788,1002.8161
1760553805808,1002.8158
1760553805828,1002.78143
1760553805849,1002.7783
1760553805868,1002.8074
1760553805888,1002.9322
1760553805908,1002.9697
1760553805929,1002.9825
1760553805948,1003.0599
1760553805968,1003.155
1760553805989,1003.18445
1760553806009,1003.29614
1760553806029,1003.3779
1760553806049,1003.3619
1760553806068,1003.30316
1760553806088,1003.2028
1760553806107,1003.2658
1760553806127,1003.27594
1760553806148,1003.30316
1760553806168,1003.23425
1760553806189,1003.0697
1760553806208,1002.9018
1760553806228,1002.8259
1760553806247,1002.77203
1760553806267,1002.7416
1760553806288,1002.71893
1760553806307,1002.7511
1760553806328,1002.78253
1760553806349,1002.8169
1760553806368,1002.8217
1760553806388,1002.8303
1760553806407,1002.881
1760553806428,1002.9025
1760553806448,1002.9389
1760553806468,1003.0128
1760553806488,1003.10657
1760553806508,1003.1863
1760553806529,1003.3019
1760553806548,1003.2947
1760553806568,1003.2464
1760553806588,1003.2555
1760553806607,1003.3284
1760553806627,1003.35504
1760553806648,1003.3097
1760553806669,1003.15125
1760553806688,1003.03674
1760553806709,1002.9947
1760553806727,1003.02673
1760553806747,1003.0755
1760553806768,1003.07
1760553806787,1003.05035
1760553806807,1002.96875
1760553806828,1002.9033
1760553806848,1002.91223
1760553806869,1002.91223
1760553806888,1002.91296
1760553806907,1002.91296
1760553806928,1002.9222
1760553806948,1002.8958
1760553806968,1002.90924
1760553806988,1002.8944
1760553807009,1002.8917
1760553807028,1002.8855
1760553807048,1002.91644
1760553807068,1002.96674
1760553807088,1002.9625
1760553807108,1002.9808
1760553807127,1002.98737
1760553807148,1003.0147
1760553807168,1003.0086
1760553807188,1002.996
1760553807208,1003.0046
1760553807227,1003.0674
1760553807247,1003.025
1760553807267,1003.0839
1760553807288,1003.1428
1760553807308,1003.27844
1760553807328,1003.2628
1760553807348,1003.22675
1760553807369,1003.1514
1760553807388,1003.0744
1760553807407,1003.0021
1760553807427,1002.9311
1760553807448,1002.9419
1760553807468,1002.97174
1760553807488,1002.9894
1760553807509,1003.0774
1760553807529,1003.17706
1760553807549,1003.17786
1760553807568,1003.10785
1760553807588,1003.0041
1760553807607,1002.9481
1760553807627,1002.9402
1760553807648,1002.9005
1760553807669,1002.90283
1760553807689,1002.90704
1760553807707,1002.93
1760553807727,1002.9972
1760553807747,1003.0069
1760553807767,1003.0336
1760553807787,1003.04785
1760553807808,1003.015
1760553807828,1002.98596
1760553807848,1002.9989
1760553807869,1003.0013
1760553807887,1002.9938
1760553807908,1002.9905
1760553807928,1002.9933
1760553807948,1003.0033
1760553807968,1003.04987
1760553807988,1003.0745
1760553808009,1003.09515
1760553808028,1003.0861
1760553808048,1003.10596
1760553808068,1003.0688
1760553808090,1003.1208
1760553808107,1003.1658
1760553808127,1003.17487
1760553808148,1003.04614
1760553808168,1002.91736
1760553808189,1003.0702
1760553808207,1003.2736
1760553808228,1003.29266
1760553808248,1003.16534
1760553808267,1003.0632
1760553808287,1003.0038
1760553808308,1002.9304
1760553808328,1002.8782
1760553808349,1002.8891
1760553808367,1002.9533
1760553808387,1002.9261
1760553808408,1002.8905
1760553808428,1002.8753
1760553808448,1002.8744
1760553808468,1002.8749
1760553808488,1002.91675
1760553808508,1002.90894
1760553808529,1002.95703
1760553808548,1003.03235
1760553808567,1003.11237
1760553808588,1003.1285
1760553808607,1003.1314
1760553808627,1003.10474
1760553808648,1003.0641
1760553808668,1003.1228
1760553808688,1003.1258
1760553808707,1003.16437
1760553808728,1003.17487
1760553808748,1003.16656
1760553808767,1003.2016
1760553808788,1003.22864
1760553808808,1003.1811
1760553808828,1003.11597
1760553808849,1003.03687
1760553808868,1003.0124
1760553808888,1002.9572
1760553808908,1002.8627
1760553808928,1002.79016
1760553808948,1002.7394
1760553808968,1002.7425
1760553808989,1002.7064
1760553809009,1002.73706
1760553809028,1002.78064
1760553809048,1002.85144
1760553809068,1002.9044
1760553809089,1002.9997
1760553809107,1002.97955
1760553809128,1002.8938
1760553809148,1002.8652
1760553809168,1002.8889
1760553809187,1003.0007
1760553809207,1003.0588
1760553809228,1003.10114
1760553809248,1003.1375
1760553809267,1003.1392
1760553809288,1003.16986
1760553809308,1003.2199
1760553809328,1003.10315
1760553809348,1003.04376
1760553809367,1003.22314
1760553809389,1003.2425
1760553809408,1003.1741
1760553809427,1003.0585
1760553809448,1002.9505
1760553809468,1002.8925
1760553809488,1002.85645
1760553809509,1002.8852
1760553809529,1002.8721
1760553809548,1002.84155
1760553809568,1002.8164
1760553809588,1002.7969
1760553809607,1002.8322
1760553809628,1002.8235
1760553809649,1002.8314
1760553809668,1002.84454
1760553809688,1002.90204
1760553809707,1002.97235
1760553809727,1003.0061
1760553809747,1002.9366
1760553809767,1002.9989
1760553809789,1003.0186
1760553809808,1003.1475
1760553809828,1003.1841
1760553809847,1003.1808
1760553809867,1003.10394
1760553809887,1003.0922
1760553809907,1003.0733
1760553809928,1003.23236
1760553809948,1003.34534
1760553809968,1003.3572
1760553809989,1003.2472
1760553810008,1003.0791
1760553810028,1002.8936
1760553810048,1002.78906
1760553810068,1002.7805
1760553810088,1002.8077
1760553810108,1002.84705
1760553810128,1002.8675
1760553810148,1002.8352
1760553810169,1002.8263
1760553810189,1002.8433
1760553810207,1002.8713
1760553810228,1002.8889
1760553810247,1003.0134
1760553810268,1003.15906
1760553810288,1003.2458
1760553810308,1003.28815
1760553810328,1003.28235
1760553810347,1003.2516
1760553810368,1003.2161
1760553810387,1003.1908
1760553810407,1003.1072
1760553810428,1002.96674
1760553810448,1002.91656
1760553810468,1002.9841
1760553810488,1003.15955
1760553810508,1003.2471
1760553810528,1003.1544
1760553810547,1002.9419
1760553810567,1002.883
1760553810587,1002.8808
1760553810608,1002.8875
1760553810628,1002.886
1760553810648,1002.8802
1760553810667,1002.8333
1760553810688,1002.8727
1760553810707,1002.8303
1760553810728,1002.83344
1760553810747,1002.8899
1760553810768,1002.905
1760553810788,1002.9305
1760553810808,1002.91907
1760553810829,1002.91785
1760553810848,1002.9452
1760553810867,1003.03125
1760553810887,1003.0097
1760553810907,1002.8856
1760553810928,1002.79877
1760553810948,1002.7667
1760553810968,1002.7716
1760553810989,1002.85614
1760553811008,1003.0671
1760553811028,1003.4614
1760553811048,1003.4517
1760553811068,1003.3258
1760553811088,1003.1269
1760553811108,1002.948
1760553811128,1003.02563
1760553811148,1003.1683
1760553811167,1003.1841
1760553811187,1003.15314
1760553811208,1003.0122
1760553811227,1002.92285
1760553811247,1002.9294
1760553811268,1002.99036
1760553811288,1003.0056
1760553811308,1003.0158
1760553811328,1002.9639
1760553811348,1002.98395
1760553811368,1002.9567
1760553811388,1002.9694
1760553811408,1003.05927
1760553811428,1003.16876
1760553811448,1003.23627
1760553811468,1003.28723
1760553811489,1003.16156
1760553811508,1003.1882
1760553811529,1003.3224
1760553811548,1003.28265
1760553811567,1003.0797
1760553811588,1002.97754
1760553811608,1003.1802
1760553811629,1003.25
1760553811648,1003.21875
1760553811667,1003.1427
1760553811688,1003.1402
1760553811707,1003.1119
1760553811727,1003.03705
1760553811747,1002.97894
1760553811769,1002.9162
1760553811789,1002.86487
1760553811808,1002.8255
1760553811828,1002.8652
1760553811847,1002.89484
1760553811868,1002.9255
1760553811888,1002.9283
1760553811908,1002.9527
1760553811928,1003.02484
1760553811948,1003.10284
1760553811969,1003.1353
1760553811988,1003.1572
1760553812008,1003.1974
1760553812028,1003.1938
1760553812048,1003.2794
1760553812068,1003.21893
1760553812088,1003.14923
1760553812108,1003.11145
1760553812128,1003.125
1760553812148,1003.2547
1760553812167,1003.33984
1760553812187,1003.32
1760553812207,1003.1786
1760553812227,1003.03986
1760553812248,1002.97235
1760553812270,1002.9572
1760553812288,1002.9461
1760553812308,1003.04614
1760553812328,1003.1375
1760553812347,1003.1008
1760553812368,1003.0005
1760553812388,1002.9534
1760553812408,1002.9594
1760553812428,1002.98236
1760553812448,1003.0206
1760553812469,1003.0764
1760553812488,1003.1247
1760553812508,1003.1852
1760553812528,1003.1977
1760553812548,1003.1967
1760553812568,1003.15564
1760553812588,1003.22687
1760553812608,1003.2441
1760553812628,1003.1864
1760553812647,1003.04364
1760553812667,1003.0074
1760553812687,1003.21704
1760553812707,1003.2716
1760553812727,1003.2433
1760553812748,1003.2044
1760553812768,1003.17145
1760553812788,1003.123
1760553812807,1003.09015
1760553812828,1003.0817
1760553812847,1003.0552
1760553812868,1002.95483
1760553812888,1002.9416
1760553812908,1002.9492
1760553812928,1002.96094
1760553812949,1002.97144
1760553812969,1002.98267
1760553812988,1002.9996
1760553813008,1003.02374
1760553813029,1003.0839
1760553813047,1003.1233
1760553813068,1003.07
1760553813088,1003.04254
1760553813108,1003.1403
1760553813128,1003.195
1760553813147,1003.2681
1760553813167,1003.24457
1760553813187,1003.16565
1760553813207,1003.2366
1760553813227,1003.2642
1760553813248,1003.22736
1760553813268,1003.1311
1760553813288,1003.0655
1760553813308,1003.03564
1760553813328,1003.0131
1760553813347,1002.98505
1760553813368,1002.9467
1760553813388,1002.9467
1760553813408,1002.9711
1760553813428,1002.9481
1760553813449,1002.90985
1760553813468,1002.90375
1760553813488,1002.9396
1760553813508,1002.98254
1760553813528,1003.03375
1760553813547,1003.10645
1760553813568,1003.1882
1760553813588,1003.2571
1760553813608,1003.2706
1760553813628,1003.21124
1760553813647,1003.2033
1760553813667,1003.1522
1760553813687,1003.0972
1760553813707,1003.03864
1760553813728,1003.23285
1760553813748,1003.3842
1760553813768,1003.3091
1760553813788,1003.11847
1760553813807,1003.0147
1760553813827,1002.97034
1760553813847,1002.9247
1760553813868,1002.9616
1760553813887,1002.965
1760553813907,1002.963
1760553813928,1002.9524
1760553813948,1002.91504
1760553813967,1002.9346
1760553813988,1002.9564
1760553814007,1002.97906
1760553814028,1002.97406
1760553814048,1003.0072
1760553814068,1003.08453
1760553814089,1003.1199
1760553814109,1003.0739
1760553814127,1003.1317
1760553814147,1003.1836
1760553814167,1003.2485
1760553814187,1003.248
1760553814208,1003.2844
1760553814228,1003.375
1760553814249,1003.40234
1760553814268,1003.313
1760553814288,1003.088
1760553814308,1002.96375
1760553814328,1003.0042
1760553814348,1003.0561
1760553814368,1003.10236
1760553814388,1003.1228
1760553814408,1003.03894
1760553814428,1002.97815
1760553814449,1002.89484
1760553814468,1002.91113
1760553814488,1002.9494
1760553814508,1002.9844
1760553814528,1003.0319
1760553814547,1003.0047
1760553814568,1003.0319
1760553814588,1003.10864
1760553814609,1003.22504
1760553814627,1003.3135
1760553814647,1003.3274
1760553814668,1003.27704
1760553814688,1003.29236
1760553814707,1003.35455
1760553814728,1003.3364
1760553814748,1003.2627
1760553814768,1003.34546
1760553814787,1003.4711
1760553814807,1003.52954
1760553814828,1003.35095
1760553814847,1003.16766
1760553814868,1003.04767
1760553814888,1002.9911
1760553814908,1002.97046
1760553814928,1003.0145
1760553814949,1003.09784
1760553814968,1003.0297
1760553814988,1002.9481
1760553815008,1002.9481
1760553815028,1002.92255
1760553815048,1002.9575
1760553815068,1002.98114
1760553815089,1003.0702
1760553815111,1003.1188
1760553815127,1003.15906
1760553815147,1003.145
1760553815167,1003.1816
1760553815188,1003.22253
1760553815208,1003.2739
1760553815228,1003.334
1760553815249,1003.3722
1760553815269,1003.3788
1760553815287,1003.3146
1760553815307,1003.3245
1760553815327,1003.3786
1760553815347,1003.41864
1760553815368,1003.3722
1760553815388,1003.35785
1760553815409,1003.28265
1760553815428,1003.1928
1760553815447,1003.09625
1760553815468,1003.012
1760553815488,1002.97595
1760553815507,1002.97974
1760553815528,1002.96985
1760553815548,1002.9644
1760553815568,1003.0075
1760553815589,1003.0095
1760553815609,1003.05597
1760553815627,1003.0219
1760553815647,1003.09064
1760553815667,1003.16376
1760553815688,1003.28
1760553815708,1003.3805
1760553815728,1003.35266
1760553815748,1003.28314
1760553815769,1003.2544
1760553815788,1003.3342
1760553815808,1003.405
1760553815828,1003.3966
1760553815848,1003.36255
1760553815868,1003.41925
1760553815888,1003.3958
1760553815908,1003.3342
1760553815928,1003.29395
1760553815947,1003.2569
1760553815967,1003.21844
1760553815988,1003.1094
1760553816008,1003.0486
1760553816027,1002.96783
1760553816048,1002.9305
1760553816068,1002.9375
1760553816089,1002.92566
1760553816108,1002.8895
1760553816128,1002.9335
1760553816147,1003.0019
1760553816167,1003.0714
1760553816188,1003.136
1760553816208,1003.18317
1760553816228,1003.2594
1760553816248,1003.3741
1760553816268,1003.443
1760553816288,1003.41626
1760553816307,1003.40753
1760553816327,1003.4269
1760553816347,1003.5163
1760553816368,1003.5219
1760553816388,1003.40204
1760553816408,1003.24524
1760553816429,1003.11456
1760553816448,1003.143
1760553816468,1003.2578
1760553816488,1003.2705
1760553816508,1003.27673
1760553816528,1003.29004
1760553816548,1003.26526
1760553816569,1003.2539
1760553816589,1003.186
1760553816608,1003.16394
1760553816627,1003.1402
1760553816648,1003.1269
1760553816667,1003.197
1760553816688,1003.22296
1760553816708,1003.20874
1760553816729,1003.2222
1760553816749,1003.2358
1760553816769,1003.30035
1760553816787,1003.3155
1760553816807,1003.35675
1760553816828,1003.36395
1760553816847,1003.35815
1760553816868,1003.3669
1760553816889,1003.3483
1760553816908,1003.32983
1760553816929,1003.35565
1760553816948,1003.322
1760553816967,1003.2691
1760553816987,1003.33875
1760553817007,1003.40796
1760553817027,1003.3789
1760553817048,1003.29456
1760553817068,1003.2783
1760553817088,1003.22375
1760553817107,1003.068
1760553817127,1002.97723
1760553817148,1003.0192
1760553817167,1003.1331
1760553817187,1003.1783
1760553817208,1003.1892
1760553817228,1003.2014
1760553817248,1003.1846
1760553817268,1003.1127
1760553817287,1003.0858
1760553817307,1003.093
1760553817327,1003.09424
1760553817348,1003.10065
1760553817367,1003.1241
1760553817388,1003.1544
1760553817408,1003.1477
1760553817427,1003.17535
1760553817447,1003.20734
1760553817468,1003.1864
1760553817487,1003.20953
1760553817512,1003.22626
1760553817527,1003.2366
1760553817555,1003.22644
1760553817568,1003.22736
1760553817587,1003.29034
1760553817607,1003.3217
1760553817627,1003.267
1760553817647,1003.28143
1760553817667,1003.3594
1760553817709,1003.3275
1760553817709,1003.3686
1760553817730,1003.4083
1760553817746,1003.35095
1760553817766,1003.2251
1760553817786,1003.15784
1760553817806,1003.27344
1760553817826,1003.3336
1760553817846,1003.35266
1760553817866,1003.3214
1760553817887,1003.29846
1760553817907,1003.27094
1760553817926,1003.195
1760553817946,1003.1072
1760553817966,1003.05817
1760553817986,1003.04486
1760553818006,1003.06067
1760553818026,1003.1403
1760553818047,1003.1905
1760553818067,1003.2508
1760553818086,1003.2499
1760553818106,1003.2503
1760553818126,1003.22876
1760553818147,1003.1999
1760553818167,1003.1902
1760553818187,1003.22253
1760553818207,1003.24677
1760553818229,1003.2661
1760553818246,1003.2461
1760553818266,1003.1916
1760553818286,1003.1977
1760553818306,1003.2463
1760553818326,1003.28174
1760553818346,1003.3333
1760553818368,1003.3291
1760553818387,1003.3433
1760553818406,1003.29175
1760553818427,1003.3103
1760553818446,1003.35406
1760553818466,1003.35956
1760553818486,1003.29785
1760553818507,1003.11127
1760553818526,1003.1853
1760553818547,1003.5161
1760553818567,1003.5805
1760553818586,1003.42957
1760553818606,1003.3041
1760553818626,1003.22797
1760553818646,1003.1253
1760553818666,1003.04047
1760553818687,1003.0041
1760553818707,1003.04895
1760553818727,1003.0647
1760553818746,1002.9996
1760553818767,1002.933
1760553818786,1002.9389
1760553818806,1002.97656
1760553818826,1003.0083
1760553818847,1003.04706
1760553818867,1003.11847
1760553818887,1003.21954
1760553818906,1003.3142
1760553818926,1003.3306
1760553818947,1003.29095
1760553818966,1003.34656
1760553818986,1003.47144
1760553819006,1003.5091
1760553819027,1003.5122
1760553819047,1003.6291
1760553819066,1003.645
1760553819086,1003.48627
1760553819106,1003.29224
1760553819127,1003.24567
1760553819146,1003.28125
1760553819167,1003.3075
1760553819187,1003.30176
1760553819207,1003.2661
1760553819226,1003.2219
1760553819246,1003.16956
1760553819266,1003.093
1760553819286,1003.03314
1760553819307,1003.04114
1760553819327,1002.99176
1760553819347,1003.0205
1760553819367,1003.0694
1760553819387,1003.13
1760553819407,1003.2474
1760553819427,1003.3533
1760553819446,1003.35516
1760553819466,1003.27875
1760553819486,1003.24316
1760553819507,1003.22565
1760553819527,1003.3114
1760553819547,1003.35565
1760553819567,1003.47906
1760553819586,1003.54175
1760553819607,1003.3727
1760553819626,1003.1989
1760553819646,1003.1246
1760553819666,1003.0767
1760553819687,1003.05035
1760553819707,1003.1253
1760553819727,1003.17346
1760553819747,1003.1761
1760553819767,1003.14703
1760553819786,1003.14453
1760553819806,1003.1221
1760553819827,1003.1296
1760553819847,1003.143
1760553819867,1003.11456
1760553819887,1003.1475
1760553819906,1003.14923
1760553819926,1003.22626
1760553819946,1003.3267
1760553819967,1003.3953
1760553819987,1003.35016
1760553820007,1003.3242
1760553820027,1003.3303
1760553820048,1003.328
1760553820066,1003.3972
1760553820086,1003.55566
1760553820106,1003.59955
1760553820127,1003.3828
1760553820146,1003.1935
1760553820167,1003.1236
1760553820187,1003.2122
1760553820207,1003.2805
1760553820227,1003.24426
1760553820246,1003.1586
1760553820267,1003.0839
1760553820286,1003.075
1760553820306,1003.0642
1760553820327,1003.10126
1760553820347,1003.17896
1760553820367,1003.2513
1760553820386,1003.28284
1760553820407,1003.2697
1760553820426,1003.2544
1760553820446,1003.2516
1760553820466,1003.3094
1760553820486,1003.4316
1760553820507,1003.4466
1760553820527,1003.4388
1760553820546,1003.40234
1760553820566,1003.4534
1760553820586,1003.4372
1760553820607,1003.3644
1760553820626,1003.2639
1760553820647,1003.48566
1760553820667,1003.59534
1760553820689,1003.45953
1760553820707,1003.3339
1760553820726,1003.2622
1760553820746,1003.1969
1760553820767,1003.18317
1760553820786,1003.1355
1760553820807,1003.21674
1760553820828,1003.261
1760553820847,1003.23035
1760553820867,1003.1505
1760553820887,1003.10455
1760553820906,1003.0944
1760553820928,1003.1425
1760553820946,1003.23004
1760553820966,1003.2717
1760553820987,1003.297
1760553821007,1003.28503
1760553821027,1003.2438
1760553821047,1003.23596
1760553821067,1003.2997
1760553821087,1003.3666
1760553821106,1003.435
1760553821127,1003.4919
1760553821147,1003.5131
1760553821167,1003.4247
1760553821187,1003.33844
1760553821206,1003.2572
1760553821226,1003.3292
1760553821247,1003.41895
1760553821266,1003.41144
1760553821286,1003.42926
1760553821307,1003.3855
1760553821327,1003.35895
1760553821347,1003.27814
1760553821367,1003.2024
1760553821386,1003.1408
1760553821407,1003.0788
1760553821427,1003.03894
1760553821446,1003.0344
1760553821467,1003.063
1760553821488,1003.077
1760553821507,1003.1091
1760553821528,1003.14233
1760553821547,1003.1658
1760553821566,1003.2045
1760553821587,1003.2438
1760553821606,1003.3128
1760553821626,1003.35223
1760553821647,1003.41144
1760553821667,1003.41766
1760553821687,1003.3375
1760553821707,1003.35175
1760553821726,1003.41205
1760553821747,1003.35645
1760553821766,1003.16876
1760553821786,1003.09985
1760553821807,1003.3811
1760553821827,1003.46375
1760553821847,1003.2606
1760553821867,1003.11035
1760553821886,1003.0878
1760553821906,1003.11566
1760553821926,1003.11646
1760553821946,1003.1317
1760553821967,1003.16016
1760553821987,1003.15
1760553822008,1003.04065
1760553822028,1003.011
1760553822047,1003.025
1760553822067,1003.0214
1760553822086,1003.0784
1760553822106,1003.09625
1760553822127,1003.15234
1760553822146,1003.1896
1760553822167,1003.21765
1760553822187,1003.2741
1760553822206,1003.3694
1760553822227,1003.35095
1760553822246,1003.298
1760553822267,1003.3408
1760553822287,1003.34973
1760553822307,1003.3013
1760553822327,1003.3175
1760553822347,1003.5217
1760553822367,1003.70984
1760553822387,1003.6399
1760553822407,1003.40753
1760553822426,1003.2617
1760553822446,1003.2642
1760553822467,1003.386
1760553822487,1003.47595
1760553822508,1003.503
1760553822527,1003.35236
1760553822546,1003.24677
1760553822566,1003.2366
1760553822586,1003.2524
1760553822607,1003.29456
1760553822626,1003.30927
1760553822647,1003.2566
1760553822667,1003.23126
1760553822688,1003.2658
1760553822707,1003.34937
1760553822726,1003.47797
1760553822746,1003.5141
1760553822766,1003.48566
1760553822787,1003.5092
1760553822807,1003.5599
1760553822827,1003.6072
1760553822847,1003.54987
1760553822867,1003.46655
1760553822887,1003.548
1760553822907,1003.58203
1760553822926,1003.5022
1760553822947,1003.3777
1760553822967,1003.29047
1760553822987,1003.2583
1760553823008,1003.2619
1760553823027,1003.2527
1760553823047,1003.3242
1760553823067,1003.3116
1760553823086,1003.30035
1760553823106,1003.28064
1760553823127,1003.2606
1760553823147,1003.2013
1760553823168,1003.2014
1760553823187,1003.2258
1760553823206,1003.30676
1760553823226,1003.3975
1760553823246,1003.47797
1760553823267,1003.4808
1760553823287,1003.4497
1760553823307,1003.3341
1760553823327,1003.27905
1760553823347,1003.36395
1760553823366,1003.53424
1760553823386,1003.59204
1760553823406,1003.5664
1760553823426,1003.67456
1760553823447,1003.66003
1760553823467,1003.60956
1760553823487,1003.52124
1760553823507,1003.49567
1760553823526,1003.55206
1760553823546,1003.54736
1760553823566,1003.45984
1760553823586,1003.3792
1760553823607,1003.2564
1760553823627,1003.2006
1760553823647,1003.1547
1760553823668,1003.1694
1760553823686,1003.22064
1760553823707,1003.27704
1760553823727,1003.27484
1760553823746,1003.2692
1760553823766,1003.36127
1760553823787,1003.4539
1760553823807,1003.53204
1760553823827,1003.5649
1760553823846,1003.48535
1760553823866,1003.3938
1760553823886,1003.43097
1760553823906,1003.5767
1760553823926,1003.5116
1760553823947,1003.4413
1760553823967,1003.39606
1760553823987,1003.54236
1760553824007,1003.5206
1760553824027,1003.5266
1760553824046,1003.48676
1760553824066,1003.3905
1760553824086,1003.3366
1760553824107,1003.2958
1760553824126,1003.2372
1760553824147,1003.2594
1760553824168,1003.2322
1760553824187,1003.21954
1760553824207,1003.2366
1760553824226,1003.24677
1760553824246,1003.22485
1760553824267,1003.3185
1760553824287,1003.36395
1760553824307,1003.41437
1760553824328,1003.39703
1760553824347,1003.3327
1760553824366,1003.393
1760553824387,1003.4335
1760553824407,1003.4808
1760553824427,1003.5538
1760553824447,1003.583
1760553824467,1003.61926
1760553824487,1003.55396
1760553824506,1003.46124
1760553824527,1003.303
1760553824546,1003.47864
1760553824566,1003.67706
1760553824587,1003.7603
1760553824607,1003.67505
1760553824627,1003.5095
1760553824647,1003.40845
1760553824666,1003.2694
1760553824686,1003.22095
1760553824706,1003.23645
1760553824726,1003.33453
1760553824747,1003.3166
1760553824767,1003.28625
1760553824787,1003.22516
1760553824807,1003.2122
1760553824827,1003.23035
1760553824846,1003.3127
1760553824866,1003.3791
1760553824886,1003.49146
1760553824907,1003.4855
1760553824926,1003.4305
1760553824946,1003.3249
1760553824967,1003.28796
1760553824987,1003.45844
1760553825006,1003.6377
1760553825026,1003.6291
1760553825047,1003.643
1760553825067,1003.66956
1760553825087,1003.61096
1760553825106,1003.49097
1760553825127,1003.41345
1760553825147,1003.40015
1760553825166,1003.48126
1760553825187,1003.46765
1760553825207,1003.41437
1760553825226,1003.3469
1760553825246,1003.2766
1760553825266,1003.29895
1760553825287,1003.3425
1760553825307,1003.3219
1760553825326,1003.2711
1760553825347,1003.22156
1760553825366,1003.22626
1760553825386,1003.29987
1760553825407,1003.40234
1760553825427,1003.5067
1760553825447,1003.60626
1760553825467,1003.60345
1760553825488,1003.53735
1760553825507,1003.5147
1760553825527,1003.53784
1760553825546,1003.5189
1760553825566,1003.4552
1760553825587,1003.4311
1760553825607,1003.6356
1760553825627,1003.7524
1760553825648,1003.6983
1760553825666,1003.4564
1760553825687,1003.36127
1760553825706,1003.39233
1760553825727,1003.52924
1760553825747,1003.53503
1760553825767,1003.46533
1760553825787,1003.363
1760553825807,1003.2425
1760553825827,1003.1708
1760553825846,1003.16534
1760553825867,1003.2669
1760553825886,1003.3055
1760553825906,1003.3778
1760553825927,1003.4394
1760553825947,1003.48065
1760553825967,1003.53766
1760553825987,1003.5947
1760553826006,1003.6216
1760553826026,1003.5858
1760553826046,1003.56177
1760553826067,1003.506
1760553826087,1003.4
1760553826107,1003.47894
1760553826127,1003.7034
1760553826148,1003.8105
1760553826166,1003.7644
1760553826187,1003.6388
1760553826206,1003.6436
1760553826226,1003.66095
1760553826247,1003.6494
1760553826267,1003.62317
1760553826287,1003.5513
1760553826307,1003.4991
1760553826327,1003.4602
1760553826346,1003.4553
1760553826367,1003.4336
1760553826387,1003.4383
1760553826406,1003.36206
1760553826427,1003.3274
1760553826447,1003.3047
1760553826467,1003.32
1760553826487,1003.3878
1760553826507,1003.40894
1760553826527,1003.41144
1760553826547,1003.4534
1760553826567,1003.5205
1760553826587,1003.548
1760553826607,1003.60376
1760553826627,1003.60425
1760553826647,1003.5769
1760553826666,1003.55206
1760553826688,1003.6489
1760553826707,1003.7094
1760553826727,1003.66895
1760553826747,1003.5244
1760553826767,1003.43207
1760553826787,1003.4372
1760553826807,1003.4933
1760553826827,1003.4989
1760553826846,1003.48267
1760553826866,1003.4611
1760553826886,1003.5311
1760553826907,1003.49286
1760553826927,1003.47864
1760553826947,1003.4456
1760553826967,1003.4346
1760553826987,1003.4324
1760553827007,1003.4463
1760553827026,1003.458
1760553827046,1003.49
1760553827066,1003.5005
1760553827086,1003.5055
1760553827107,1003.5066
1760553827127,1003.496
1760553827146,1003.52673
1760553827167,1003.5205
1760553827186,1003.5297
1760553827206,1003.5217
1760553827226,1003.5538
1760553827247,1003.525
1760553827267,1003.5819
1760553827287,1003.6119
1760553827307,1003.5577
1760553827327,1003.5333
1760553827346,1003.62317
1760553827366,1003.58374
1760553827386,1003.54297
1760553827407,1003.5599
1760553827427,1003.5619
1760553827447,1003.48376
1760553827466,1003.3967
1760553827486,1003.3853
1760553827506,1003.4413
1760553827526,1003.46
1760553827546,1003.4902
1760553827567,1003.4655
1760553827586,1003.4697
1760553827607,1003.4311
1760553827627,1003.4266
1760553827647,1003.4083
1760553827666,1003.43567
1760553827686,1003.4241
1760553827707,1003.41345
1760553827727,1003.4358
1760553827747,1003.41156
1760553827767,1003.3959
1760553827788,1003.4025
1760553827806,1003.42126
1760553827827,1003.40063
1760553827847,1003.34875
1760553827867,1003.3224
1760553827887,1003.34424
1760553827907,1003.3817
1760553827927,1003.40796
1760553827947,1003.4291
1760553827966,1003.3847
1760553827986,1003.3233
1760553828006,1003.3816
1760553828027,1003.42566
1760553828047,1003.40784
1760553828067,1003.3739
1760553828087,1003.4541
1760553828107,1003.5108
1760553828127,1003.5141
1760553828147,1003.4869
1760553828167,1003.6116
1760553828186,1003.71564
1760553828207,1003.6697
1760553828227,1003.53546
1760553828247,1003.46954
1760553828267,1003.4349
1760553828287,1003.4683
1760553828306,1003.46
1760553828327,1003.41113
1760553828346,1003.33484
1760553828366,1003.30426
1760553828387,1003.3063
1760553828407,1003.365
1760553828427,1003.41455
1760553828447,1003.4263
1760553828466,1003.4474
1760553828486,1003.4413
1760553828507,1003.41504
1760553828526,1003.3813
1760553828546,1003.3869
1760553828567,1003.34204
1760553828587,1003.3716
1760553828607,1003.47437
1760553828626,1003.47473
1760553828647,1003.56
1760553828666,1003.5228
1760553828686,1003.4386
1760553828707,1003.5469
1760553828727,1003.6902
1760553828747,1003.67255
1760553828767,1003.41864
1760553828787,1003.3077
1760553828806,1003.59595
1760553828827,1003.67017
1760553828847,1003.5145
1760553828867,1003.40674
1760553828887,1003.35645
1760553828907,1003.2658
1760553828927,1003.2447
1760553828947,1003.3245
1760553828966,1003.4302
1760553828987,1003.4388
1760553829007,1003.39215
1760553829027,1003.36566
1760553829047,1003.4441
1760553829067,1003.47003
1760553829087,1003.47003
1760553829108,1003.49677
1760553829127,1003.48285
1760553829147,1003.495
1760553829167,1003.5228
1760553829187,1003.523
1760553829207,1003.5599
1760553829227,1003.53925
1760553829247,1003.508
1760553829267,1003.5152
1760553829287,1003.4996
1760553829307,1003.66254
1760553829326,1003.8075
1760553829347,1003.78394
1760553829367,1003.6456
1760553829387,1003.55316
1760553829407,1003.5247
1760553829428,1003.5714
1760553829447,1003.5769
1760553829466,1003.5905
1760553829487,1003.5575
1760553829506,1003.5081
1760553829526,1003.46515
1760553829547,1003.46893
1760553829567,1003.455
1760553829587,1003.41876
1760553829608,1003.36127
1760553829626,1003.35205
1760553829647,1003.3942
1760553829666,1003.5083
1760553829688,1003.60156
1760553829707,1003.6886
1760553829727,1003.64734
1760553829747,1003.5883
1760553829768,1003.64734
1760553829786,1003.7606
1760553829807,1003.66846
1760553829826,1003.6235
1760553829846,1003.7439
1760553829866,1003.72784
1760553829887,1003.56067
1760553829907,1003.47394
1760553829927,1003.41284
1760553829946,1003.41705
1760553829966,1003.47864
1760553829986,1003.52563
1760553830007,1003.4872
1760553830027,1003.46313
1760553830047,1003.41797
1760553830067,1003.39484
1760553830088,1003.34143
1760553830106,1003.35364
1760553830127,1003.3844
1760553830146,1003.41516
1760553830166,1003.40265
1760553830186,1003.46924
1760553830207,1003.5667
1760553830227,1003.54565
1760553830247,1003.54926
1760553830267,1003.59863
1760553830287,1003.64484
1760553830307,1003.65924
1760553830326,1003.6413
1760553830346,1003.6253
1760553830367,1003.6964
1760553830387,1003.7102
1760553830407,1003.6411
1760553830428,1003.55927
1760553830446,1003.54846
1760553830467,1003.59094
1760553830486,1003.5589
1760553830507,1003.54926
1760553830526,1003.4647
1760553830547,1003.40985
1760553830567,1003.2844
1760553830587,1003.2294
1760553830606,1003.2602
1760553830626,1003.33844
1760553830647,1003.35815
1760553830666,1003.3364
1760553830686,1003.35535
1760553830707,1003.3836
1760553830727,1003.5103
1760553830747,1003.5527
1760553830766,1003.6202
1760553830786,1003.6274
1760553830806,1003.61017
1760553830826,1003.66766
1760553830847,1003.73175
1760553830868,1003.7102
1760553830887,1003.6127
1760553830907,1003.59644
1760553830928,1003.72174
1760553830946,1003.805
1760553830966,1003.816
1760553830986,1003.705
1760553831007,1003.5696
1760553831026,1003.47516
1760553831047,1003.4402
1760553831067,1003.49146
1760553831087,1003.53864
1760553831107,1003.5197
1760553831126,1003.42596
1760553831146,1003.27673
1760553831166,1003.15424
1760553831186,1003.1097
1760553831207,1003.17676
1760553831227,1003.1892
1760553831247,1003.1417
1760553831266,1003.0817
1760553831286,1003.121
1760553831306,1003.14575
1760553831326,1003.2064
1760553831346,1003.2706
1760553831367,1003.4399
1760553831387,1003.67004
1760553831407,1003.93207
1760553831426,1004.0189
1760553831446,1003.8286
1760553831466,1003.66797
1760553831487,1003.755
1760553831507,1003.91956
1760553831527,1003.8372
1760553831547,1003.79224
1760553831567,1003.65894
1760553831587,1003.60345
1760553831607,1003.5092
1760553831626,1003.365
1760553831646,1003.2717
1760553831666,1003.1338
1760553831686,1003.1275
1760553831707,1003.0538
1760553831727,1003.09875
1760553831747,1003.10046
1760553831767,1003.1033
1760553831786,1003.1175
1760553831806,1003.11017
1760553831826,1003.0738
1760553831846,1003.0619
1760553831867,1003.0689
1760553831887,1003.1283
1760553831907,1003.0933
1760553831926,1003.0691
1760553831947,1003.03625
1760553831967,1003.09875
1760553831986,1003.123
1760553832006,1003.10815
1760553832027,1003.11786
1760553832047,1003.1572
1760553832068,1003.15753
1760553832087,1003.1544
1760553832107,1003.15814
1760553832126,1003.16956
1760553832146,1003.1841
1760553832166,1003.1846
1760553832187,1003.1972
1760553832207,1003.1985
1760553832227,1003.21564
1760553832247,1003.2147
1760553832267,1003.2077
1760553832287,1003.2025
1760553832306,1003.21484
1760553832326,1003.1871
1760553832346,1003.1583
1760553832367,1003.1166
1760553832388,1003.1275
1760553832407,1003.1166
1760553832430,1003.11786
1760553832448,1003.1336
1760553832472,1003.1847
1760553832486,1003.23517
1760553832506,1003.28485
1760553832526,1003.3303
1760553832546,1003.3796
1760553832566,1003.4608
1760553832586,1003.47906
1760553832606,1003.47595
1760553832626,1003.5095
1760553832646,1003.4986
1760553832666,1003.5508
1760553832686,1003.5741
1760553832706,1003.52344
1760553832726,1003.553
1760553832746,1003.5089
1760553832766,1003.5756
1760553832786,1003.59265
1760553832806,1003.66785
1760553832826,1003.7681
1760553832846,1003.83093
1760553832866,1003.9806
1760553832888,1004.10565
1760553832906,1004.0767
1760553832926,1004.0191
1760553832946,1004.04675
1760553832966,1004.08984
1760553832986,1004.11017
1760553833006,1004.0703
1760553833026,1004.0099
1760553833046,1004.0448
1760553833067,1004.10376
1760553833086,1004.0752
1760553833106,1004.0797
1760553833126,1004.05316
1760553833146,1003.9975
1760553833166,1003.97473
1760553833186,1003.9866
1760553833207,1004.006
1760553833227,1003.9866
1760553833246,1003.9988
1760553833267,1003.96893
1760553833286,1003.98035
1760553833306,1003.97473
1760553833326,1003.96704
1760553833346,1003.9589
1760553833366,1003.97064
1760553833386,1003.9441
1760553833406,1003.95703
1760553833426,1003.9686
1760553833446,1003.9485
1760553833466,1003.91675
1760553833486,1003.89484
1760553833506,1003.8856
1760553833526,1003.8892
1760553833547,1003.8746
1760553833566,1003.8358
1760553833586,1003.7692
1760553833606,1003.8347
1760553833626,1003.8891
1760553833646,1003.8886
1760553833666,1003.84924
1760553833686,1003.7602
1760553833707,1003.6849
1760553833727,1003.6386
1760553833746,1003.59174
1760553833766,1003.5649
1760553833786,1003.60504
1760553833806,1003.6219
1760553833827,1003.61035
1760553833846,1003.5861
1760553833866,1003.59344
1760553833887,1003.6168
1760553833906,1003.66003
1760553833926,1003.7147
1760553833946,1003.7344
1760553833966,1003.6736
1760553833986,1003.73627
1760553834006,1003.8086
1760553834027,1003.8468
1760553834047,1003.78235
1760553834066,1003.7009
1760553834086,1003.7595
1760553834106,1003.8085
1760553834126,1003.8258
1760553834146,1003.84674
1760553834166,1003.8327
1760553834186,1003.8149
1760553834207,1003.7614
1760553834226,1003.7625
1760553834246,1003.7716
1760553834266,1003.8208
1760553834287,1003.8316
1760553834306,1003.84674
1760553834327,1003.84454
1760553834347,1003.8366
1760553834367,1003.8183
1760553834387,1003.8194
1760553834407,1003.84906
1760553834426,1003.91376
1760553834446,1003.9844
1760553834466,1004.0011
1760553834486,1003.97345
1760553834506,1003.97656
1760553834526,1004.0236
1760553834547,1004.0255
1760553834566,1004.0655
1760553834586,1004.0703
1760553834606,1003.99146
1760553834626,1003.90344
1760553834646,1003.8705
1760553834666,1004.0133
1760553834688,1004.10535
1760553834707,1004.0664
1760553834726,1003.958
1760553834746,1003.881
1760553834766,1003.84753
1760553834786,1003.8419
1760553834807,1003.84314
1760553834827,1003.84503
1760553834847,1003.8533
1760553834867,1003.85547
1760553834886,1003.84985
1760553834906,1003.808
1760553834926,1003.813
1760553834946,1003.84094
1760553834966,1003.85767
1760553834986,1003.85406
1760553835006,1003.84454
1760553835027,1003.8845
1760553835047,1003.9183
1760553835066,1003.97925
1760553835086,1004.0111
1760553835106,1004.04504
1760553835126,1004.03564
1760553835146,1004.0841
1760553835166,1004.11206
1760553835187,1004.0077
1760553835207,1003.8928
1760553835226,1004.1044
1760553835246,1004.4538
1760553835266,1004.4269
1760553835286,1004.1903
1760553835307,1003.97723
1760553835327,1003.8264
1760553835348,1003.805
1760553835367,1003.8942
1760553835386,1003.90924
1760553835406,1003.9266
1760553835426,1003.8177
1760553835446,1003.73047
1760553835466,1003.65955
1760553835486,1003.6558
1760553835506,1003.686
1760553835527,1003.8002
1760553835546,1003.90485
1760553835566,1004.2519
1760553835586,1004.5021
1760553835606,1004.233
