1761514180420,1002.38763
1761514180460,1002.3421
1761514180500,1002.3412
1761514180540,1002.2936
1761514180580,1002.3103
1761514180620,1002.2561
1761514180661,1002.2926
1761514180701,1002.3491
1761514180741,1002.3086
1761514180781,1002.2795
1761514180820,1002.2875
1761514180860,1002.30493
1761514180900,1002.3157
1761514180940,1002.29553
1761514180980,1002.2912
1761514181022,1002.29584
1761514181062,1002.301
1761514181102,1002.3335
1761514181143,1002.3568
1761514181184,1002.32947
1761514181230,1002.2886
1761514181269,1002.3019
1761514181302,1002.2618
1761514181341,1002.19116
1761514181384,1002.26935
1761514181421,1002.3396
1761514181462,1002.3501
1761514181501,1002.21674
1761514181547,1002.15704
1761514181582,1002.1744
1761514181623,1002.2148
1761514181661,1002.22217
1761514181700,1002.23224
1761514181744,1002.23755
1761514181786,1002.25995
1761514181825,1002.2478
1761514181862,1002.16187
1761514181905,1002.0747
1761514181941,1002.14026
1761514181980,1002.2277
1761514182021,1002.2603
1761514182064,1002.2802
1761514182102,1002.2954
1761514182146,1002.286
1761514182182,1002.2982
1761514182226,1002.2957
1761514182262,1002.3362
1761514182301,1002.3989
1761514182343,1002.4737
1761514182380,1002.5544
1761514182420,1002.4666
1761514182460,1002.8928
1761514182501,1002.38916
1761514182541,1001.9631
1761514182583,1001.7721
1761514182621,1001.9205
1761514182661,1002.0984
1761514182701,1002.18616
1761514182740,1002.22424
1761514182780,1002.2468
1761514182821,1002.2545
1761514182861,1002.27435
1761514182902,1002.27185
1761514182941,1002.2922
1761514182981,1002.3002
1761514183021,1002.2776
1761514183061,1002.2801
1761514183101,1002.2976
1761514183143,1002.2701
1761514183189,1002.2649
1761514183225,1002.2776
1761514183262,1002.30304
1761514183302,1002.2901
1761514183341,1002.28046
1761514183383,1002.29083
1761514183424,1002.27765
1761514183460,1002.293
1761514183500,1002.29596
1761514183541,1002.2927
1761514183582,1002.2938
1761514183622,1002.2937
1761514183667,1002.27014
1761514183710,1002.3064
1761514183744,1002.29846
1761514183783,1002.3064
1761514183824,1002.33185
1761514183863,1002.33435
1761514183904,1002.3244
1761514183940,1002.31415
1761514183980,1002.3117
1761514184020,1002.29913
1761514184060,1002.31177
1761514184104,1002.2942
1761514184142,1002.3147
1761514184181,1002.3192
1761514184222,1002.33685
1761514184264,1002.29724
1761514184301,1002.31506
1761514184340,1002.32025
1761514184394,1002.3122
1761514184419,1002.2871
1761514184460,1002.3201
1761514184500,1002.3198
1761514184541,1002.3282
1761514184581,1002.3107
1761514184620,1002.285
1761514184661,1002.283
1761514184700,1002.3083
1761514184740,1002.3183
1761514184780,1002.29565
1761514184820,1002.2911
1761514184860,1002.3063
1761514184900,1002.2606
1761514184940,1002.28845
1761514184980,1002.29407
1761514185020,1002.3095
1761514185060,1002.269
1761514185099,1002.2991
1761514185139,1002.29614
1761514185179,1002.3446
1761514185220,1002.3346
1761514185260,1002.3046
1761514185300,1002.3602
1761514185340,1002.3347
1761514185380,1002.3095
1761514185419,1002.3246
1761514185460,1002.3276
1761514185499,1002.3226
1761514185539,1002.33765
1761514185579,1002.336
1761514185621,1002.26263
1761514185661,1002.2927
1761514185700,1002.3134
1761514185741,1002.3134
1761514185781,1002.3329
1761514185823,1002.3386
1761514185861,1002.2932
1761514185902,1002.30347
1761514185939,1002.3134
1761514185979,1002.32886
1761514186020,1002.3286
1761514186061,1002.32166
1761514186101,1002.33673
1761514186140,1002.3351
1761514186182,1002.30914
1761514186220,1002.3321
1761514186259,1002.3025
1761514186299,1002.3377
1761514186340,1002.36774
1761514186379,1002.3853
1761514186420,1002.2982
1761514186461,1002.41156
1761514186500,1002.36896
1761514186540,1002.2488
1761514186580,1002.3142
1761514186619,1002.2916
1761514186659,1003.07935
1761514186699,1002.2647
1761514186741,1002.3046
1761514186781,1002.07697
1761514186821,1002.0648
1761514186860,1002.4914
1761514186900,1002.5093
1761514186940,1002.29913
1761514186980,1002.25903
1761514187020,1002.60596
1761514187059,1002.60596
1761514187099,1002.43604
1761514187140,1002.4713
1761514187181,1002.9003
1761514187220,1002.9208
1761514187260,1001.77234
1761514187300,1001.5344
1761514187339,1001.70776
1761514187379,1002.00696
1761514187419,1002.3557
1761514187461,1002.6672
1761514187500,1002.30096
1761514187541,1002.2844
1761514187580,1002.1687
1761514187620,1002.24
1761514187660,1002.5341
1761514187700,1002.479
1761514187740,1002.3567
1761514187780,1002.5453
1761514187820,1002.45013
1761514187860,1001.8011
1761514187900,1002.0795
1761514187941,1002.6647
1761514187980,1002.2823
1761514188020,1002.1894
1761514188060,1002.5886
1761514188100,1002.63666
1761514188140,1002.4818
1761514188180,1002.4819
1761514188220,1002.60046
1761514188262,1002.887
1761514188301,1002.7646
1761514188340,1002.31805
1761514188381,1001.3432
1761514188420,1002.3042
1761514188460,1001.85065
1761514188500,1001.68353
1761514188540,1002.31323
1761514188580,1003.15967
1761514188621,1002.2291
1761514188660,1002.1321
1761514188701,1001.98157
1761514188740,1002.1354
1761514188780,1002.4094
1761514188820,1002.342
1761514188859,1002.42523
1761514188900,1002.6794
1761514188940,1002.4187
1761514188981,1001.6668
1761514189021,1002.48065
1761514189061,1002.75726
1761514189100,1002.25336
1761514189140,1002.2891
1761514189180,1002.7436
1761514189220,1002.6085
1761514189260,1002.3206
1761514189300,1002.2712
1761514189340,1002.706
1761514189380,1002.9752
1761514189421,1002.2977
1761514189461,1001.8364
1761514189500,1001.9698
1761514189540,1001.6716
1761514189580,1001.7801
1761514189620,1002.2098
1761514189660,1002.5539
1761514189700,1002.21533
1761514189741,1002.09314
1761514189781,1002.18665
1761514189821,1002.267
1761514189860,1002.7449
1761514189900,1002.5998
1761514189940,1002.1579
1761514189980,1002.45984
1761514190020,1001.81726
1761514190060,1002.03424
1761514190100,1002.3032
1761514190141,1002.4819
1761514190181,1002.5399
1761514190221,1002.4049
1761514190260,1002.3753
1761514190300,1002.52167
1761514190340,1002.519
1761514190380,1002.5672
1761514190420,1002.81616
1761514190459,1002.6385
1761514190500,1002.12164
1761514190540,1001.9416
1761514190580,1001.7606
1761514190620,1001.9221
1761514190660,1002.1714
1761514190700,1002.24915
1761514190740,1003.372
1761514190780,1001.8957
1761514190820,1002.05225
1761514190860,1002.2209
1761514190899,1002.55756
1761514190940,1002.99994
1761514190980,1002.10126
1761514191020,1002.41046
1761514191060,1002.47375
1761514191100,1001.7908
1761514191140,1002.03235
1761514191180,1002.3469
1761514191219,1002.6061
1761514191260,1002.5969
1761514191299,1002.43384
1761514191340,1002.6196
1761514191380,1002.5703
1761514191420,1002.4525
1761514191461,1002.4297
1761514191500,1002.79224
1761514191540,1002.7097
1761514191579,1001.9738
1761514191619,1001.51227
1761514191660,1001.7615
1761514191700,1001.9071
1761514191740,1002.16656
1761514191780,1002.7344
1761514191821,1002.6217
1761514191861,1001.84375
1761514191900,1002.0999
1761514191940,1002.26373
1761514191980,1002.6184
1761514192021,1002.9027
1761514192061,1002.06665
1761514192102,1002.49164
1761514192141,1002.4419
1761514192180,1001.7511
1761514192220,1002.10034
1761514192260,1002.3522
1761514192300,1002.4877
1761514192340,1002.6065
1761514192379,1002.55646
1761514192421,1002.4815
1761514192461,1002.5198
1761514192502,1002.49725
1761514192542,1002.616
1761514192581,1002.86694
1761514192621,1002.2974
1761514192660,1001.9336
1761514192700,1001.56445
1761514192741,1001.65784
1761514192781,1001.9343
1761514192820,1002.16595
1761514192860,1002.8345
1761514192901,1002.6088
1761514192942,1001.82227
1761514192981,1002.1248
1761514193021,1002.4515
1761514193061,1002.70544
1761514193100,1002.5145
1761514193140,1002.223
1761514193181,1002.80945
1761514193220,1002.1489
1761514193260,1001.5838
1761514193301,1002.02045
1761514193341,1002.4012
1761514193381,1002.56226
1761514193421,1002.4872
1761514193461,1002.48755
1761514193500,1002.5237
1761514193541,1002.53906
1761514193581,1002.6194
1761514193621,1002.7355
1761514193660,1002.68787
1761514193701,1002.10767
1761514193742,1001.93146
1761514193781,1001.6179
1761514193821,1001.8042
1761514193861,1002.0508
1761514193900,1002.36743
1761514193940,1003.09937
1761514193980,1001.76526
1761514194022,1002.0171
1761514194061,1002.2408
1761514194102,1002.7012
1761514194140,1002.68085
1761514194180,1002.28955
1761514194221,1002.5054
1761514194261,1002.6719
1761514194300,1001.8072
1761514194341,1001.795
1761514194381,1002.29315
1761514194422,1002.4865
1761514194461,1002.4593
1761514194501,1002.5623
1761514194540,1002.6104
1761514194580,1002.5098
1761514194621,1002.51306
1761514194660,1002.5408
1761514194700,1002.82983
1761514194742,1002.6722
1761514194782,1001.97125
1761514194821,1001.3379
1761514194861,1001.8306
1761514194901,1001.93884
1761514194941,1002.1478
1761514194980,1002.817
1761514195021,1002.5808
1761514195061,1001.8589
1761514195102,1002.15857
1761514195141,1002.4429
1761514195181,1002.7395
1761514195221,1002.60126
1761514195261,1002.20953
1761514195301,1002.6146
1761514195340,1002.3836
1761514195380,1001.68225
1761514195421,1002.0266
1761514195461,1002.31104
1761514195505,1002.5324
1761514195542,1002.5652
1761514195581,1002.5426
1761514195622,1002.59827
1761514195660,1002.5885
1761514195700,1002.5079
1761514195741,1002.66943
1761514195781,1002.9511
1761514195821,1002.37787
1761514195862,1001.9454
1761514195902,1001.52875
1761514195942,1001.72485
1761514195982,1002.04913
1761514196021,1002.2278
1761514196061,1003.3141
1761514196101,1002.33374
1761514196141,1001.81854
1761514196180,1002.13513
1761514196220,1002.4801
1761514196262,1003.06537
1761514196302,1002.3293
1761514196342,1002.45013
1761514196381,1002.6309
1761514196421,1001.81415
1761514196461,1001.8745
1761514196501,1002.30225
1761514196540,1002.5059
1761514196580,1002.4532
1761514196622,1002.65204
1761514196661,1002.5541
1761514196701,1002.58167
1761514196742,1002.5238
1761514196781,1002.58685
1761514196824,1002.9842
1761514196861,1002.63257
1761514196901,1001.8557
1761514196940,1001.57654
1761514196982,1002.28577
1761514197022,1001.78284
1761514197062,1002.0822
1761514197102,1002.37134
1761514197142,1003.0977
1761514197180,1001.96173
1761514197220,1002.05493
1761514197261,1002.32623
1761514197300,1002.83167
1761514197340,1002.7034
1761514197380,1002.1731
1761514197421,1002.6633
1761514197461,1002.3692
1761514197501,1001.7486
1761514197541,1002.09265
1761514197581,1002.4224
1761514197621,1002.62604
1761514197660,1002.6312
1761514197700,1002.5276
1761514197740,1002.61115
1761514197780,1002.56085
1761514197822,1002.5135
1761514197861,1002.6841
1761514197901,1002.9787
1761514197941,1002.3777
1761514197981,1001.9352
1761514198021,1001.4973
1761514198061,1002.02295
1761514198100,1001.9302
1761514198140,1002.17944
1761514198180,1003.02405
1761514198220,1002.5593
1761514198261,1001.9228
1761514198302,1002.16943
1761514198341,1002.5489
1761514198381,1002.7977
1761514198421,1002.4883
1761514198460,1002.28046
1761514198500,1002.75006
1761514198541,1002.1013
1761514198581,1001.82025
1761514198621,1002.20935
1761514198660,1002.4609
1761514198700,1002.5242
1761514198741,1002.5366
1761514198780,1002.62024
1761514198820,1002.5266
1761514198860,1002.54175
1761514198900,1002.57697
1761514198941,1002.9115
1761514198982,1002.806
1761514199022,1002.0239
1761514199062,1001.5614
1761514199101,1001.8329
1761514199142,1001.9011
1761514199180,1002.13196
1761514199220,1002.87646
1761514199260,1002.7033
1761514199300,1001.8229
1761514199341,1002.09467
1761514199380,1002.3764
1761514199422,1002.8014
1761514199462,1002.497
1761514199501,1002.1282
1761514199541,1002.67096
1761514199580,1002.6534
1761514199621,1001.8711
1761514199660,1001.89417
1761514199700,1002.32935
1761514199741,1002.38666
1761514199781,1002.40955
1761514199822,1002.73413
1761514199862,1002.6914
1761514199901,1002.53534
1761514199941,1002.5783
1761514199981,1002.7992
1761514200020,1003.3
1761514200060,1002.4628
1761514200101,1001.834
1761514200142,1001.185
1761514200180,1001.6404
1761514200220,1001.95953
1761514200260,1002.52075
1761514200300,1002.76697
1761514200340,1001.8773
1761514200380,1002.4277
1761514200420,1002.36475
1761514200461,1002.3848
1761514200501,1002.2466
1761514200542,1002.2492
1761514200580,1002.4931
1761514200621,1002.5488
1761514200660,1001.77423
1761514200700,1001.9855
1761514200740,1002.4132
1761514200781,1002.5415
1761514200822,1002.4007
1761514200862,1002.4535
1761514200902,1002.4735
1761514200941,1002.587
1761514200981,1002.5842
1761514201020,1002.6697
1761514201060,1002.9539
1761514201100,1002.4363
1761514201140,1002.4137
1761514201180,1000.95526
1761514201221,1001.536
1761514201261,1001.9356
1761514201301,1002.175
1761514201341,1002.9897
1761514201380,1001.9306
1761514201420,1002.26544
1761514201460,1002.228
1761514201501,1002.5826
1761514201541,1002.46185
1761514201582,1002.17017
1761514201627,1002.6155
1761514201661,1002.34906
1761514201700,1001.665
1761514201741,1001.98456
1761514201782,1002.3616
1761514201832,1002.5277
1761514201862,1002.44226
1761514201902,1002.4929
1761514201944,1002.49054
1761514201986,1002.493
1761514202024,1002.50806
1761514202063,1002.933
1761514202104,1003.021
1761514202144,1002.06287
1761514202180,1001.75903
1761514202220,1001.3819
1761514202261,1001.7994
1761514202300,1002.0228
1761514202340,1002.97345
1761514202382,1002.45026
1761514202423,1002.0207
1761514202462,1002.0307
1761514202502,1002.11597
1761514202542,1002.41547
1761514202581,1003.0237
1761514202621,1002.0782
1761514202660,1002.50104
1761514202700,1002.3325
1761514202740,1001.5982
1761514202782,1001.97797
1761514202822,1002.3095
1761514202862,1002.4453
1761514202901,1002.4255
1761514202942,1002.5412
1761514202981,1002.4758
1761514203021,1002.3702
1761514203060,1002.51904
1761514203101,1003.12714
1761514203141,1002.82556
1761514203181,1001.89514
1761514203221,1001.7391
1761514203261,1001.56036
1761514203302,1001.7968
1761514203347,1002.0458
1761514203383,1003.0215
1761514203425,1002.3025
1761514203460,1002.0227
1761514203503,1002.5364
1761514203542,1002.0762
1761514203582,1002.2671
1761514203623,1002.68713
1761514203666,1002.1661
1761514203700,1002.72974
1761514203740,1002.3523
1761514203781,1001.62085
1761514203824,1002.0081
1761514203862,1002.3798
1761514203905,1002.6136
1761514203944,1002.4905
1761514203984,1002.3899
1761514204022,1002.4854
1761514204061,1002.5538
1761514204102,1002.4506
1761514204142,1002.6967
1761514204180,1003.2349
1761514204220,1002.3671
1761514204263,1001.6328
1761514204304,1001.3011
1761514204344,1001.7377
1761514204381,1002.0346
1761514204422,1002.78674
1761514204461,1002.15283
1761514204503,1002.3697
1761514204544,1002.2162
1761514204584,1002.1326
1761514204632,1002.5979
1761514204661,1002.6985
1761514204701,1002.14026
1761514204741,1002.63586
1761514204782,1002.1272
1761514204823,1001.7475
1761514204863,1002.1705
1761514204905,1002.31635
1761514204942,1002.351
1761514204986,1002.522
1761514205023,1002.73267
1761514205071,1002.54913
1761514205102,1002.3429
1761514205142,1002.50385
1761514205180,1003.3184
1761514205220,1002.43085
1761514205262,1001.81726
1761514205302,1001.75195
1761514205344,1001.4701
1761514205382,1001.9098
1761514205424,1002.2621
1761514205463,1002.74664
1761514205507,1002.1262
1761514205544,1002.3848
1761514205585,1002.2667
1761514205623,1002.0354
1761514205665,1002.724
1761514205700,1002.6535
1761514205741,1002.15814
1761514205781,1002.6965
1761514205822,1001.72485
1761514205862,1001.841
1761514205903,1002.2302
1761514205944,1002.3537
1761514205982,1002.3337
1761514206025,1002.47687
1761514206063,1002.6275
1761514206103,1002.4765
1761514206143,1002.50146
1761514206181,1002.8259
1761514206221,1003.185
1761514206261,1002.3482
1761514206302,1001.8851
1761514206342,1001.4151
1761514206381,1001.6054
1761514206422,1001.9704
1761514206460,1002.5037
1761514206500,1002.508
1761514206541,1002.12585
1761514206580,1002.3974
1761514206621,1002.2418
1761514206661,1002.0625
1761514206700,1002.72626
1761514206740,1002.6079
1761514206781,1002.10266
1761514206822,1002.6408
1761514206861,1002.0694
1761514206903,1001.8557
1761514206944,1002.2429
1761514206982,1002.361
1761514207025,1002.4289
1761514207061,1002.4289
1761514207104,1002.5693
1761514207148,1002.62195
1761514207180,1002.58167
1761514207220,1002.58417
1761514207260,1003.10706
1761514207303,1002.78284
1761514207342,1002.03326
1761514207385,1001.1806
1761514207422,1001.6386
1761514207467,1001.8196
1761514207503,1002.0682
1761514207542,1002.98596
1761514207582,1002.21906
1761514207623,1002.3497
1761514207664,1002.49005
1761514207700,1001.9772
1761514207741,1002.4318
1761514207782,1002.4719
1761514207824,1002.2007
1761514207864,1002.8214
1761514207904,1002.3589
1761514207943,1001.65204
1761514207992,1001.9814
1761514208023,1002.3635
1761514208063,1002.5463
1761514208101,1002.7151
1761514208148,1002.58405
1761514208183,1002.3925
1761514208221,1002.45337
1761514208261,1002.6339
1761514208301,1003.18475
1761514208347,1002.90283
1761514208382,1001.8769
1761514208422,1001.78845
1761514208461,1001.2736
1761514208502,1001.77625
1761514208542,1002.0828
1761514208581,1003.00006
1761514208625,1002.0572
1761514208662,1002.3816
1761514208700,1002.2634
1761514208741,1002.0623
1761514208780,1002.7131
1761514208820,1002.59955
1761514208862,1002.26276
1761514208902,1002.6373
1761514208942,1001.7826
1761514208981,1001.86505
1761514209023,1002.3602
1761514209063,1002.4933
1761514209103,1002.4386
1761514209142,1002.46844
1761514209182,1002.56134
1761514209221,1002.543
1761514209261,1002.5281
1761514209303,1002.7494
1761514209344,1003.2318
1761514209386,1002.31946
1761514209422,1001.8193
1761514209461,1001.55475
1761514209504,1001.64526
1761514209540,1001.9972
1761514209581,1002.86664
1761514209621,1002.36365
1761514209661,1002.0971
1761514209701,1002.3786
1761514209741,1002.28796
1761514209782,1002.2805
1761514209821,1002.69495
1761514209862,1002.1847
1761514209902,1002.5617
1761514209940,1002.69666
1761514209981,1001.6287
1761514210022,1001.9149
1761514210065,1002.34515
1761514210106,1002.53076
1761514210143,1002.4451
1761514210183,1002.49786
1761514210220,1002.63116
1761514210260,1002.54016
1761514210302,1002.53015
1761514210348,1002.71313
1761514210383,1003.0977
1761514210422,1002.38885
1761514210465,1001.88635
1761514210504,1001.57196
1761514210543,1001.5413
1761514210586,1001.8937
1761514210621,1002.38635
1761514210664,1002.61975
1761514210701,1002.07654
1761514210741,1002.2498
1761514210781,1002.3359
1761514210823,1002.3907
1761514210864,1002.77264
1761514210904,1002.2622
1761514210943,1002.4684
1761514210981,1002.5584
1761514211033,1001.6436
1761514211064,1002.0354
1761514211102,1002.35443
1761514211144,1002.45233
1761514211183,1002.3996
1761514211221,1002.3996
1761514211260,1002.6153
1761514211302,1002.5354
1761514211341,1002.4773
1761514211381,1002.8767
1761514211420,1003.07764
1761514211461,1001.9771
1761514211500,1002.0469
1761514211542,1001.2854
1761514211584,1001.7779
1761514211622,1002.1046
1761514211667,1003.0316
1761514211700,1002.25256
1761514211740,1002.08624
1761514211781,1002.34485
1761514211821,1002.2394
1761514211861,1002.4077
1761514211901,1002.8072
1761514211942,1002.11053
1761514211982,1002.56335
1761514212023,1002.3094
1761514212062,1001.7059
1761514212101,1002.0979
1761514212143,1002.37946
1761514212181,1002.4724
1761514212220,1002.4724
1761514212261,1002.55475
1761514212302,1002.5372
1761514212342,1002.4844
1761514212384,1002.5171
1761514212421,1002.8685
1761514212461,1003.1328
1761514212501,1002.115
1761514212541,1001.85333
1761514212580,1001.23724
1761514212620,1001.7829
1761514212660,1002.0787
1761514212701,1002.7244
1761514212741,1002.3205
1761514212782,1002.38727
1761514212821,1002.257
1761514212861,1002.05664
1761514212901,1002.5126
1761514212940,1002.82666
1761514212980,1002.1415
1761514213020,1002.61597
1761514213061,1001.9824
1761514213102,1001.83167
1761514213142,1002.24115
1761514213181,1002.3462
1761514213220,1002.3939
1761514213260,1002.6075
1761514213301,1002.718
1761514213341,1002.512
1761514213380,1002.3961
1761514213421,1002.57666
1761514213461,1003.2576
1761514213502,1002.4709
1761514213542,1002.00867
1761514213582,1001.29224
1761514213622,1001.5313
1761514213661,1001.8903
1761514213700,1002.1891
1761514213740,1002.76483
1761514213780,1002.15393
1761514213821,1002.3047
1761514213862,1002.18884
1761514213902,1002.146
1761514213942,1002.7668
1761514213981,1002.6238
1761514214021,1002.2086
1761514214061,1002.5003
1761514214101,1001.7969
1761514214141,1001.983
1761514214180,1002.3044
1761514214220,1002.37445
1761514214261,1002.39484
1761514214302,1002.5606
1761514214342,1002.6336
1761514214381,1002.5453
1761514214421,1002.50757
1761514214461,1002.8895
1761514214503,1003.05975
1761514214541,1002.1627
1761514214580,1002.0974
1761514214622,1001.2029
1761514214662,1001.71844
1761514214701,1002.0425
1761514214741,1002.6728
1761514214781,1002.4015
1761514214822,1002.115
1761514214860,1002.306
1761514214900,1002.3158
1761514214940,1002.33844
1761514214982,1002.7279
1761514215022,1002.17755
1761514215062,1002.7304
1761514215101,1002.1827
1761514215142,1001.68243
1761514215183,1002.1472
1761514215220,1002.33295
1761514215260,1002.3332
1761514215302,1002.45905
1761514215345,1002.7553
1761514215383,1002.54407
1761514215422,1002.426
1761514215462,1002.6019
1761514215503,1003.2975
1761514215541,1002.5945
1761514215585,1001.71
1761514215621,1001.7598
1761514215660,1001.4336
1761514215701,1001.89825
1761514215741,1002.13666
1761514215781,1002.8374
1761514215821,1002.36304
1761514215864,1002.2877
1761514215903,1002.28265
1761514215943,1002.0962
1761514215985,1002.7924
1761514216023,1002.7351
1761514216063,1002.36255
1761514216101,1002.33514
1761514216142,1001.6088
1761514216185,1002.0236
1761514216221,1002.33014
1761514216260,1002.483
1761514216301,1002.5081
1761514216341,1002.41016
1761514216383,1002.5081
1761514216420,1002.54846
1761514216465,1002.6385
1761514216504,1002.99274
1761514216543,1002.90436
1761514216581,1002.2896
1761514216621,1001.8022
1761514216662,1001.15356
1761514216701,1001.76953
1761514216740,1002.0832
1761514216780,1002.8169
1761514216821,1002.4526
1761514216862,1002.2311
1761514216906,1002.1682
1761514216943,1002.2466
1761514216985,1002.6607
1761514217024,1002.47205
1761514217063,1002.271
1761514217104,1002.6509
1761514217142,1001.67596
1761514217180,1001.96185
1761514217221,1002.2935
1761514217261,1002.39954
1761514217301,1002.4317
1761514217342,1002.608
1761514217382,1002.5594
1761514217422,1002.49963
1761514217464,1002.4945
1761514217505,1002.9468
1761514217541,1003.1171
1761514217582,1002.16034
1761514217626,1001.7986
1761514217665,1001.1951
1761514217703,1001.7935
1761514217741,1002.0976
1761514217781,1002.7954
1761514217822,1002.32794
1761514217864,1002.2525
1761514217901,1002.3279
1761514217942,1002.0971
1761514217982,1002.524
1761514218022,1002.9506
1761514218063,1002.2221
1761514218103,1002.6035
1761514218142,1001.68445
1761514218182,1001.8195
1761514218220,1002.19696
1761514218260,1002.3828
1761514218301,1002.4428
1761514218340,1002.6512
1761514218382,1002.5285
1761514218425,1002.4507
1761514218463,1002.5482
1761514218510,1003.0556
1761514218543,1002.8745
1761514218581,1002.23663
1761514218621,1002.0808
1761514218665,1001.1211
1761514218699,1001.6736
1761514218740,1001.95276
1761514218780,1002.1711
1761514218822,1002.93964
1761514218862,1002.2159
1761514218902,1002.1507
1761514218942,1002.07526
1761514218981,1002.339
1761514219021,1003.0771
1761514219061,1002.1907
1761514219101,1002.4822
1761514219141,1001.87415
1761514219181,1001.7937
1761514219221,1002.1506
1761514219261,1002.3762
1761514219301,1002.5167
1761514219341,1002.5374
1761514219381,1002.5465
1761514219421,1002.5519
1761514219460,1002.51666
1761514219501,1002.8956
1761514219541,1002.99146
1761514219581,1002.20984
1761514219622,1002.0119
1761514219662,1001.11945
1761514219701,1001.6625
1761514219740,1001.98364
1761514219780,1002.20514
1761514219821,1003.08716
1761514219860,1002.20984
1761514219900,1002.0863
1761514219941,1002.18256
1761514219982,1002.57404
1761514220022,1002.775
1761514220061,1002.2173
1761514220101,1002.59357
1761514220141,1001.82025
1761514220181,1001.8228
1761514220220,1002.2697
1761514220260,1002.3727
1761514220301,1002.37
1761514220342,1002.5664
1761514220382,1002.52594
1761514220425,1002.5736
1761514220462,1002.57135
1761514220501,1002.81726
1761514220541,1003.04614
1761514220580,1002.2799
1761514220621,1001.96594
1761514220661,1001.2246
1761514220701,1001.7198
1761514220741,1001.94
1761514220781,1002.22437
1761514220821,1002.8172
1761514220861,1002.17444
1761514220901,1002.3601
1761514220941,1002.1415
1761514220980,1002.3677
1761514221020,1002.7596
1761514221061,1002.1309
1761514221101,1002.5882
1761514221142,1002.3727
1761514221182,1001.63403
1761514221221,1002.03546
1761514221260,1002.3477
1761514221301,1002.40533
1761514221340,1002.39056
1761514221379,1002.5006
1761514221420,1002.65405
1761514221460,1002.60376
1761514221501,1002.6088
1761514221540,1002.9252
1761514221580,1003.174
1761514221621,1001.93304
1761514221660,1001.5185
1761514221700,1001.3024
1761514221740,1001.83276
1761514221780,1002.07117
1761514221820,1002.66907
1761514221862,1002.5387
1761514221904,1002.25446
1761514221940,1002.11896
1761514221981,1002.12897
1761514222021,1002.70703
1761514222061,1002.7297
1761514222100,1002.1594
1761514222139,1002.69946
1761514222180,1001.707
1761514222248,1001.81244
1761514222288,1002.42487
1761514222327,1002.5397
1761514222367,1002.3036
1761514222407,1002.5853
1761514222447,1002.59796
1761514222487,1002.42487
1761514222527,1002.59076
1761514222566,1003.2137
1761514222607,1002.4883
1761514222647,1001.9355
1761514222687,1001.5862
1761514222727,1001.41046
1761514222768,1001.9152
1761514222807,1002.35767
1761514222850,1002.54584
1761514222888,1002.15656
1761514222927,1002.3719
1761514222967,1002.1464
1761514223009,1002.0757
1761514223048,1002.8318
1761514223087,1002.51526
1761514223129,1002.3901
1761514223168,1002.5634
1761514223210,1001.59625
1761514223249,1001.94037
1761514223288,1002.2791
1761514223327,1002.3922
1761514223367,1002.392
1761514223407,1002.5659
1761514223447,1002.5982
1761514223489,1002.61053
1761514223529,1002.5383
1761514223567,1002.7514
1761514223607,1002.9574
1761514223655,1002.34
1761514223688,1001.8219
1761514223738,1001.19617
1761514223767,1001.7442
1761514223807,1001.97534
1761514223847,1002.56305
1761514223888,1002.6331
1761514223927,1001.90704
1761514223968,1002.3168
1761514224009,1002.3669
1761514224054,1002.3315
1761514224092,1002.6658
1761514224127,1002.1433
1761514224167,1002.61304
1761514224208,1002.0309
1761514224247,1001.7417
1761514224295,1002.1332
1761514224328,1002.3446
1761514224369,1002.5477
1761514224413,1002.53265
1761514224447,1002.54297
1761514224487,1002.58325
1761514224527,1002.5425
1761514224567,1002.6456
1761514224610,1002.96954
1761514224652,1002.6831
1761514224691,1002.00507
1761514224727,1001.5906
1761514224768,1001.269
1761514224809,1001.83167
1761514224846,1002.0701
1761514224892,1002.6758
1761514224926,1002.3942
1761514224967,1002.37164
1761514225007,1002.0249
1761514225049,1002.09796
1761514225087,1002.7277
1761514225131,1002.89404
1761514225168,1002.1181
1761514225207,1002.718
1761514225248,1001.56256
1761514225288,1001.8415
1761514225327,1002.25336
1761514225367,1002.35596
1761514225407,1002.3811
1761514225456,1002.70764
1761514225489,1002.5441
1761514225527,1002.4889
1761514225571,1002.5012
1761514225610,1002.90076
1761514225647,1003.0918
1761514225687,1002.1223
1761514225727,1001.58453
1761514225770,1001.5312
1761514225812,1001.6623
1761514225847,1001.98083
1761514225888,1002.1672
1761514225928,1002.99365
1761514225967,1002.2421
1761514226009,1002.0436
1761514226047,1002.104
1761514226089,1002.41547
1761514226127,1002.8601
1761514226167,1002.3496
1761514226212,1002.4174
1761514226247,1002.38776
1761514226290,1001.5682
1761514226327,1002.0352
1761514226366,1002.41205
1761514226408,1002.34924
1761514226447,1002.3868
1761514226487,1002.62286
1761514226534,1002.467
1761514226568,1002.5178
1761514226609,1002.7564
1761514226651,1003.0425
1761514226687,1002.59296
1761514226727,1001.97485
1761514226767,1001.0521
1761514226812,1001.6478
1761514226849,1001.97943
1761514226890,1002.2607
1761514226927,1003.12695
1761514226970,1002.00165
1761514227007,1001.91876
1761514227048,1002.12427
1761514227087,1002.6145
1761514227127,1002.8125
1761514227172,1002.16943
1761514227208,1002.35034
1761514227247,1002.3501
1761514227299,1001.7145
1761514227332,1002.07117
1761514227369,1002.4729
1761514227410,1002.41565
1761514227448,1002.36993
1761514227492,1002.671
1761514227528,1002.5299
1761514227567,1002.55774
1761514227607,1002.5703
1761514227647,1002.7062
1761514227688,1002.8515
1761514227728,1002.2482
1761514227767,1001.82666
1761514227807,1001.21857
1761514227848,1001.8217
1761514227888,1001.9872
1761514227927,1002.1855
1761514227967,1003.08154
1761514228012,1002.21234
1761514228055,1002.0416
1761514228089,1002.1372
1761514228128,1002.31287
1761514228169,1002.8576
1761514228215,1002.3653
1761514228250,1002.4734
1761514228287,1002.48596
1761514228327,1001.7173
1761514228374,1001.8928
1761514228407,1002.4304
1761514228449,1002.37994
1761514228491,1002.27167
1761514228537,1002.6484
1761514228568,1002.62585
1761514228607,1002.55255
1761514228654,1002.5701
1761514228687,1002.7682
1761514228728,1003.06256
1761514228767,1002.3738
1761514228812,1001.81384
1761514228848,1001.56506
1761514228890,1001.6079
1761514228932,1001.7556
1761514228974,1002.03955
1761514229012,1003.33044
1761514229047,1001.94635
1761514229087,1002.0774
1761514229127,1002.2326
1761514229174,1002.4988
1761514229208,1002.7704
1761514229248,1002.38055
1761514229288,1002.4888
1761514229327,1002.30725
1761514229369,1001.6093
1761514229408,1002.0664
1761514229447,1002.4429
1761514229488,1002.31476
1761514229529,1002.30646
1761514229568,1002.7611
1761514229611,1002.6182
1761514229648,1002.5279
1761514229688,1002.7342
1761514229730,1003.015
1761514229767,1002.6501
1761514229808,1002.0925
1761514229847,1001.59766
1761514229888,1001.33405
1761514229934,1001.6808
1761514229969,1001.90125
1761514230017,1002.94604
1761514230049,1002.2327
1761514230090,1002.0176
1761514230129,1002.3053
1761514230181,1002.41327
1761514230207,1002.4635
1761514230247,1002.5165
1761514230295,1002.38275
1761514230334,1002.4964
1761514230376,1001.609
1761514230413,1001.95825
1761514230448,1002.4377
1761514230490,1002.47284
1761514230528,1002.2568
1761514230567,1002.71606
1761514230607,1002.6233
1761514230647,1002.4398
1761514230687,1002.332
1761514230727,1002.8742
1761514230767,1003.05505
1761514230807,1002.1782
1761514230848,1001.6281
1761514230890,1001.58795
1761514230931,1001.9598
1761514230969,1002.14526
1761514231008,1002.4267
1761514231054,1002.25085
1761514231095,1002.23346
1761514231128,1002.25555
1761514231170,1002.32086
1761514231209,1002.5744
1761514231250,1002.5668
1761514231287,1002.11694
1761514231329,1002.5361
1761514231367,1002.1267
1761514231409,1001.75745
1761514231450,1002.17944
1761514231487,1002.37976
1761514231532,1002.31445
1761514231569,1002.4802
1761514231608,1002.8694
1761514231649,1002.64343
1761514231687,1002.3543
1761514231727,1002.5002
1761514231773,1003.0876
1761514231810,1002.4472
1761514231848,1001.892
1761514231890,1001.63586
1761514231927,1001.4222
1761514231967,1001.84106
1761514232008,1002.5346
1761514232048,1002.45953
1761514232087,1002.1323
1761514232134,1002.2379
1761514232168,1002.28314
1761514232212,1002.2924
1761514232247,1002.3574
1761514232288,1002.6138
1761514232331,1002.2743
1761514232368,1002.65594
1761514232410,1001.96594
1761514232448,1001.71454
1761514232489,1002.1437
1761514232527,1002.40204
1761514232569,1002.3323
1761514232614,1002.50525
1761514232649,1002.7033
1761514232690,1002.5299
1761514232729,1002.4342
1761514232768,1002.47943
1761514232809,1003.1573
1761514232847,1002.65204
1761514232887,1001.99194
1761514232933,1001.67554
1761514232974,1001.45435
1761514233009,1001.78094
1761514233048,1002.2953
1761514233097,1002.48615
1761514233136,1002.1973
1761514233175,1002.2875
1761514233208,1002.24274
1761514233249,1002.12463
1761514233287,1002.36774
1761514233332,1002.8142
1761514233370,1002.10876
1761514233407,1002.55804
1761514233449,1002.3674
1761514233489,1001.7296
1761514233528,1002.11365
1761514233570,1002.2869
1761514233607,1002.3446
1761514233651,1002.3363
1761514233687,1002.7433
1761514233727,1002.5848
1761514233771,1002.4918
1761514233809,1002.4113
1761514233852,1003.0266
1761514233888,1003.0039
1761514233927,1002.0874
1761514233967,1001.2866
1761514234008,1001.63055
1761514234047,1001.79346
1761514234094,1002.2777
1761514234135,1002.54614
1761514234167,1002.31274
1761514234208,1002.15906
1761514234249,1002.139
1761514234288,1002.1687
1761514234336,1002.4604
1761514234376,1002.7139
1761514234408,1002.0383
1761514234447,1002.6381
1761514234490,1002.1185
1761514234528,1001.7519
1761514234568,1002.1689
1761514234609,1002.37146
1761514234649,1002.39154
1761514234692,1002.3967
1761514234729,1002.67017
1761514234775,1002.5518
1761514234807,1002.4387
1761514234847,1002.4467
1761514234888,1003.02875
1761514234929,1002.7354
1761514234968,1002.03937
1761514235009,1001.6653
1761514235048,1001.37366
1761514235089,1001.84814
1761514235129,1002.49054
1761514235171,1002.4532
1761514235208,1002.14185
1761514235248,1002.37494
1761514235289,1002.1741
1761514235331,1002.1239
1761514235374,1002.5056
1761514235408,1002.81665
1761514235457,1002.14655
1761514235490,1002.6005
1761514235527,1001.86194
1761514235567,1001.8321
1761514235607,1002.236
1761514235652,1002.4344
1761514235689,1002.3189
1761514235729,1002.45447
1761514235770,1002.6527
1761514235819,1002.5795
1761514235847,1002.45654
1761514235888,1002.4462
1761514235931,1003.0839
1761514235967,1002.63947
1761514236007,1001.98914
1761514236048,1001.77045
1761514236087,1001.4115
1761514236129,1001.8307
1761514236169,1002.1822
1761514236207,1002.78186
1761514236247,1002.197
1761514236287,1002.1819
1761514236328,1002.1791
1761514236370,1002.4125
1761514236411,1002.558
1761514236451,1002.5631
1761514236489,1002.44507
1761514236528,1002.3942
1761514236568,1001.6013
1761514236609,1002.0307
1761514236651,1002.27124
1761514236687,1002.35956
1761514236727,1002.2916
1761514236767,1002.5198
1761514236807,1002.5568
1761514236847,1002.5246
1761514236887,1002.4894
1761514236928,1002.7975
1761514236968,1003.20667
1761514237007,1002.24554
1761514237053,1001.62787
1761514237088,1001.2912
1761514237136,1001.82837
1761514237167,1002.0797
1761514237213,1003.06555
1761514237252,1002.2224
1761514237290,1002.0916
1761514237329,1002.169
1761514237368,1002.3879
1761514237407,1002.77185
1761514237455,1002.4855
1761514237487,1002.4657
1761514237528,1002.5181
1761514237570,1001.54443
1761514237616,1001.90784
1761514237648,1002.3839
1761514237695,1002.45984
1761514237730,1002.3136
1761514237767,1002.4512
1761514237811,1002.5803
1761514237852,1002.603
1761514237887,1002.4994
1761514237931,1002.71716
1761514237970,1003.0466
1761514238009,1002.28546
1761514238059,1001.9894
1761514238090,1001.2263
1761514238128,1001.7157
1761514238168,1001.98206
1761514238207,1002.41595
1761514238247,1002.7371
1761514238288,1002.1193
1761514238327,1002.14124
1761514238369,1002.1619
1761514238409,1002.5229
1761514238447,1002.7619
1761514238490,1002.2219
1761514238527,1002.4479
1761514238567,1002.2745
1761514238609,1001.7275
1761514238647,1002.1485
1761514238687,1002.3621
1761514238729,1002.32874
1761514238770,1002.2815
1761514238808,1002.55774
1761514238851,1002.53705
1761514238892,1002.6103
1761514238928,1002.7322
1761514238969,1003.082
1761514239014,1002.57
1761514239049,1002.08716
1761514239088,1001.17114
1761514239131,1001.5619
1761514239170,1001.9115
1761514239209,1002.16
1761514239249,1003.0937
1761514239288,1002.30725
1761514239328,1002.04095
1761514239368,1002.1171
1761514239412,1002.53015
1761514239453,1002.9398
1761514239494,1002.18884
1761514239528,1002.53326
1761514239568,1001.74524
1761514239612,1001.79486
1761514239648,1002.22424
1761514239688,1002.4221
1761514239727,1002.27124
1761514239767,1002.38196
1761514239808,1002.4146
1761514239848,1002.26117
1761514239889,1002.59033
1761514239928,1003.03125
1761514239968,1003.1346
1761514240010,1002.0274
1761514240047,1001.8219
1761514240094,1001.39526
1761514240127,1001.8443
1761514240171,1002.0374
1761514240212,1002.61163
1761514240259,1002.4418
1761514240288,1002.2104
1761514240332,1002.3831
1761514240369,1002.11194
1761514240408,1002.49603
1761514240447,1002.7544
1761514240487,1002.34
1761514240527,1002.57623
1761514240567,1001.56744
1761514240607,1001.8427
1761514240647,1002.20483
1761514240688,1002.48334
1761514240727,1002.312
1761514240768,1002.415
1761514240807,1002.63806
1761514240847,1002.5078
1761514240887,1002.3693
1761514240927,1003.02985
1761514240967,1002.90656
1761514241007,1001.99536
1761514241047,1002.2688
1761514241087,1001.13666
1761514241128,1001.6992
1761514241168,1001.98773
1761514241207,1002.2611
1761514241247,1002.8962
1761514241287,1002.37885
1761514241327,1001.9522
1761514241367,1002.07544
1761514241407,1002.5266
1761514241448,1002.8976
1761514241487,1002.13763
1761514241531,1002.59937
1761514241567,1002.06195
1761514241610,1001.66583
1761514241647,1002.1101
1761514241687,1002.4158
1761514241727,1002.3811
1761514241767,1002.32794
1761514241807,1002.5863
1761514241847,1002.48596
1761514241887,1002.3229
1761514241928,1002.609
1761514241967,1003.3418
1761514242007,1002.34283
1761514242048,1002.0341
1761514242087,1001.4596
1761514242127,1001.55963
1761514242167,1001.9281
1761514242208,1002.25745
1761514242248,1002.70166
1761514242288,1002.2497
1761514242327,1002.2692
1761514242368,1002.0909
1761514242407,1002.1359
1761514242447,1002.8639
1761514242488,1002.5454
1761514242527,1002.26385
1761514242567,1002.4194
1761514242607,1001.6214
1761514242647,1001.9982
1761514242687,1002.3119
1761514242727,1002.43744
1761514242768,1002.28156
1761514242807,1002.44995
1761514242847,1002.49225
1761514242887,1002.45917
1761514242927,1002.36914
1761514242967,1002.7779
1761514243007,1003.11444
1761514243047,1002.0732
1761514243087,1001.9472
1761514243128,1001.3454
1761514243167,1001.76196
1761514243207,1002.03314
1761514243247,1002.6552
1761514243287,1002.4391
1761514243327,1002.1535
1761514243367,1002.38635
1761514243407,1002.2338
1761514243447,1002.14795
1761514243491,1002.57416
1761514243527,1002.35126
1761514243567,1002.6674
1761514243607,1002.4847
1761514243647,1001.50104
1761514243687,1001.887
1761514243727,1002.2993
1761514243768,1002.35913
1761514243807,1002.258
1761514243847,1002.527
1761514243887,1002.5419
1761514243927,1002.4817
1761514243967,1002.45154
1761514244007,1003.08435
1761514244047,1002.8334
1761514244087,1002.0731
1761514244128,1001.94977
1761514244167,1001.1647
1761514244207,1001.77405
1761514244247,1002.04297
1761514244288,1002.65735
1761514244327,1002.2308
1761514244367,1002.3086
1761514244407,1002.26843
1761514244447,1001.9929
1761514244489,1002.33405
1761514244533,1003.0644
1761514244568,1002.253
1761514244607,1002.34155
1761514244655,1001.90204
1761514244692,1001.734
1761514244733,1002.1761
1761514244773,1002.26636
1761514244810,1002.3265
1761514244857,1002.40643
1761514244889,1002.52435
1761514244928,1002.4867
1761514244968,1002.4666
1761514245007,1002.565
1761514245047,1003.1752
1761514245087,1002.56244
1761514245127,1001.9051
1761514245167,1001.46594
1761514245207,1001.6038
1761514245248,1001.82477
1761514245294,1002.0304
1761514245328,1002.7557
1761514245368,1002.3767
1761514245408,1002.2463
1761514245447,1002.1907
1761514245487,1002.1233
1761514245536,1002.324
1761514245567,1002.7979
1761514245608,1002.1183
1761514245648,1002.45703
1761514245690,1002.3842
1761514245728,1001.64197
1761514245767,1001.9752
1761514245807,1002.3119
1761514245852,1002.40216
1761514245889,1002.3387
1761514245927,1002.46967
1761514245969,1002.4867
1761514246008,1002.44617
1761514246048,1002.4897
1761514246089,1002.9489
1761514246128,1002.8636
1761514246169,1002.2062
1761514246207,1001.98694
1761514246247,1001.1543
1761514246288,1001.7745
1761514246327,1002.0259
1761514246376,1002.6524
1761514246408,1002.286
1761514246447,1002.2212
1761514246491,1002.3566
1761514246530,1002.03546
1761514246569,1002.18604
1761514246607,1002.698
1761514246651,1002.2659
1761514246687,1002.3939
1761514246730,1002.65735
1761514246767,1001.6411
1761514246807,1001.9125
1761514246852,1002.2262
1761514246890,1002.3993
1761514246927,1002.3989
1761514246967,1002.4746
1761514247010,1002.46875
1761514247055,1002.4843
1761514247087,1002.45667
1761514247134,1002.7126
1761514247168,1003.15924
1761514247208,1002.575
1761514247250,1002.3437
1761514247289,1001.3049
1761514247327,1001.4853
1761514247370,1001.79126
1761514247413,1002.36383
1761514247450,1002.25507
1761514247489,1002.36084
1761514247529,1002.3006
1761514247572,1002.15234
1761514247608,1002.1476
1761514247649,1002.49854
1761514247687,1002.6038
1761514247728,1002.27264
1761514247767,1002.5437
1761514247807,1002.00726
1761514247847,1001.7408
1761514247889,1002.14984
1761514247929,1002.4786
1761514247967,1002.3782
1761514248011,1002.3283
1761514248051,1002.54865
1761514248087,1002.4883
1761514248127,1002.4232
1761514248167,1002.5563
1761514248208,1003.3869
1761514248248,1002.5135
1761514248288,1002.1521
1761514248329,1001.4545
1761514248375,1001.3814
1761514248407,1001.84283
1761514248455,1002.31006
1761514248490,1002.42303
1761514248532,1002.19727
1761514248567,1002.3279
1761514248612,1002.33484
1761514248649,1002.1467
1761514248688,1002.41974
1761514248731,1002.69086
1761514248768,1002.4776
1761514248808,1002.377
1761514248855,1001.851
1761514248888,1001.7651
1761514248927,1002.22925
1761514248967,1002.36224
1761514249010,1002.2368
1761514249047,1002.3044
1761514249090,1002.62286
1761514249127,1002.57275
1761514249167,1002.3897
1761514249206,1002.54
1761514249248,1003.13745
1761514249287,1002.58325
1761514249330,1002.2765
1761514249369,1001.4412
1761514249408,1001.4864
1761514249449,1001.85205
1761514249489,1002.4894
1761514249528,1002.2159
1761514249569,1002.35205
1761514249614,1002.2238
1761514249651,1002.3143
1761514249688,1002.2612
1761514249734,1002.3363
1761514249769,1002.61725
1761514249807,1002.3814
1761514249847,1002.7152
1761514249888,1002.0201
1761514249929,1001.6214
1761514249972,1002.0879
1761514250014,1002.3139
1761514250047,1002.32367
1761514250087,1002.33325
1761514250129,1002.54663
1761514250167,1002.43115
1761514250207,1002.4416
1761514250247,1002.4989
1761514250287,1003.27673
1761514250328,1002.64923
1761514250371,1001.78357
1761514250407,1001.7838
1761514250459,1001.41486
1761514250488,1001.8312
1761514250528,1002.34314
1761514250568,1002.4968
1761514250608,1002.27057
1761514250650,1002.27795
1761514250690,1002.1217
1761514250728,1002.2054
1761514250768,1002.6969
1761514250809,1002.54834
1761514250848,1002.45795
1761514250887,1002.5207
1761514250927,1001.7679
1761514250968,1001.771
1761514251008,1002.31995
1761514251049,1002.5081
1761514251088,1002.1794
1761514251130,1002.2843
1761514251169,1002.6061
1761514251210,1002.53314
1761514251251,1002.4453
1761514251290,1002.63354
1761514251329,1003.0772
1761514251368,1002.58344
1761514251413,1002.06366
1761514251448,1001.2558
1761514251488,1001.6648
1761514251532,1001.7354
1761514251567,1001.99335
1761514251612,1002.7006
1761514251649,1002.69556
1761514251694,1002.30194
1761514251732,1001.9034
1761514251774,1002.0432
1761514251812,1002.4601
1761514251851,1002.9494
1761514251890,1001.9805
1761514251927,1002.6052
1761514251967,1002.264
1761514252008,1001.6593
1761514252049,1002.0785
1761514252087,1002.3292
1761514252135,1002.40906
1761514252172,1002.4045
1761514252210,1002.52704
1761514252249,1002.5425
1761514252288,1002.5199
1761514252327,1002.42914
1761514252367,1002.88306
1761514252409,1002.97656
1761514252448,1002.123
1761514252487,1001.714
1761514252527,1001.4208
1761514252568,1001.6942
1761514252608,1001.98804
1761514252648,1002.27905
1761514252688,1002.7102
1761514252727,1002.44916
1761514252767,1002.0979
1761514252807,1002.0101
1761514252847,1002.2736
1761514252888,1002.8884
1761514252927,1002.25806
1761514252967,1002.5268
1761514253007,1002.3933
1761514253047,1001.5806
1761514253087,1001.9592
1761514253127,1002.2879
1761514253167,1002.34814
1761514253207,1002.2453
1761514253247,1002.4914
1761514253288,1002.5664
1761514253327,1002.5514
1761514253368,1002.4861
1761514253407,1002.589
1761514253447,1003.0954
1761514253488,1002.2932
1761514253527,1001.83325
1761514253567,1001.8514
1761514253607,1001.5051
1761514253648,1001.87085
1761514253687,1002.0899
1761514253727,1002.6893
1761514253767,1002.5083
1761514253807,1002.21515
1761514253847,1002.1373
1761514253887,1002.16205
1761514253927,1002.5407
1761514253967,1002.5083
1761514254007,1002.2999
1761514254047,1002.87463
1761514254087,1002.1527
1761514254127,1001.5874
1761514254167,1001.9436
1761514254207,1002.31757
1761514254247,1002.39264
1761514254287,1002.4178
1761514254327,1002.53827
1761514254368,1002.52124
1761514254408,1002.4603
1761514254447,1002.5959
1761514254488,1003.05756
1761514254527,1002.7615
1761514254567,1002.2076
1761514254607,1001.5198
1761514254649,1001.7782
1761514254688,1001.71533
1761514254727,1001.85596
1761514254767,1002.0616
1761514254808,1003.07025
1761514254848,1002.36017
1761514254891,1001.90405
1761514254928,1002.07166
1761514254967,1002.31506
1761514255007,1002.6788
1761514255047,1002.5433
1761514255087,1002.2227
1761514255127,1002.6486
1761514255167,1001.94116
1761514255208,1001.75604
1761514255248,1002.1599
1761514255287,1002.4384
1761514255327,1002.49615
1761514255367,1002.25525
1761514255410,1002.4359
1761514255447,1002.4981
1761514255487,1002.4964
1761514255527,1002.49365
1761514255568,1003.02576
1761514255608,1002.71686
1761514255653,1001.9814
1761514255689,1001.76904
1761514255730,1001.50006
1761514255768,1001.8064
1761514255807,1002.0824
1761514255847,1002.8356
1761514255892,1002.1707
1761514255928,1002.15045
1761514255968,1002.2081
1761514256007,1002.1956
1761514256050,1002.42865
1761514256087,1002.853
1761514256127,1002.1079
1761514256167,1002.44916
1761514256207,1002.31323
1761514256247,1001.67346
1761514256289,1002.0552
1761514256330,1002.2985
1761514256368,1002.3792
1761514256410,1002.27124
1761514256447,1002.48444
1761514256487,1002.5521
1761514256529,1002.54474
1761514256567,1002.51514
1761514256609,1002.8486
1761514256649,1002.8184
1761514256690,1002.17615
1761514256728,1001.9777
1761514256773,1001.30804
1761514256808,1001.7268
1761514256849,1001.9724
1761514256889,1002.58765
1761514256927,1002.21606
1761514256967,1002.4367
1761514257013,1002.2464
1761514257049,1001.95764
1761514257088,1002.2514
1761514257127,1002.959
1761514257167,1002.25354
1761514257217,1002.40704
1761514257250,1002.3694
1761514257292,1001.59375
1761514257327,1001.99805
1761514257367,1002.2464
1761514257414,1002.4649
1761514257450,1002.28406
1761514257488,1002.39197
1761514257528,1002.4894
1761514257569,1002.54
1761514257615,1002.427
1761514257647,1002.57764
1761514257687,1003.0845
1761514257728,1002.2916
1761514257769,1001.7371
1761514257808,1001.8299
1761514257847,1001.48834
1761514257889,1001.8578
1761514257927,1002.0658
1761514257969,1002.7282
1761514258009,1002.4522
1761514258047,1002.14575
1761514258088,1002.0128
1761514258130,1002.1381
1761514258174,1002.51013
1761514258207,1002.6052
1761514258251,1002.2088
1761514258288,1002.5898
1761514258329,1002.5023
1761514258367,1001.5535
1761514258407,1001.89764
1761514258454,1002.20123
1761514258492,1002.43463
1761514258532,1002.34644
1761514258567,1002.37445
1761514258614,1002.4568
1761514258653,1002.4896
1761514258687,1002.4496
1761514258730,1002.61975
1761514258768,1002.93353
1761514258807,1002.2964
1761514258852,1001.905
1761514258895,1001.35046
1761514258929,1001.86694
1761514258971,1001.87946
1761514259008,1002.41907
1761514259051,1002.57196
1761514259088,1002.22845
1761514259127,1001.9274
1761514259169,1002.10297
1761514259207,1002.21075
1761514259247,1002.5122
1761514259287,1003.17163
1761514259327,1002.048
1761514259369,1002.4515
1761514259408,1001.82935
1761514259450,1001.771
1761514259487,1002.1155
1761514259532,1002.306
1761514259567,1002.5143
1761514259607,1002.4035
1761514259650,1002.4588
1761514259688,1002.47925
1761514259729,1002.40857
1761514259767,1002.4359
1761514259810,1003.171
1761514259847,1002.45593
1761514259891,1001.819
1761514259927,1001.6858
1761514259979,1001.4776
1761514260008,1001.899
1761514260048,1002.4813
1761514260088,1002.4509
1761514260136,1002.04205
1761514260169,1002.33575
1761514260209,1002.33307
1761514260247,1002.0279
1761514260288,1002.3032
1761514260328,1002.9749
1761514260369,1002.1995
1761514260408,1002.5811
1761514260448,1002.4154
1761514260488,1001.5198
1761514260538,1001.9085
1761514260568,1002.2022
1761514260611,1002.40515
1761514260650,1002.42847
1761514260688,1002.3853
1761514260738,1002.56854
1761514260769,1002.5388
1761514260808,1002.4479
1761514260851,1002.466
1761514260896,1003.0575
1761514260929,1002.3851
1761514260968,1001.7227
1761514261012,1001.68005
1761514261047,1001.8554
1761514261087,1001.77045
1761514261127,1002.12915
1761514261171,1002.4454
1761514261210,1002.473
1761514261248,1002.2417
1761514261289,1002.09906
1761514261334,1002.11945
1761514261371,1002.3525
1761514261410,1003.01984
1761514261450,1002.1794
1761514261489,1002.2919
1761514261534,1002.4775
1761514261568,1001.68976
1761514261609,1002.038
1761514261648,1002.23413
1761514261688,1002.475
1761514261728,1002.41187
1761514261774,1002.3948
1761514261813,1002.59796
1761514261847,1002.62305
1761514261889,1002.44995
1761514261928,1002.4875
1761514261968,1002.9994
1761514262018,1002.2764
1761514262052,1001.7191
1761514262087,1001.77734
1761514262134,1001.8574
1761514262167,1001.84033
1761514262207,1002.44946
1761514262247,1002.3897
1761514262287,1002.4342
1761514262328,1002.15576
1761514262367,1002.1662
1761514262409,1002.2457
1761514262449,1002.5823
1761514262493,1002.655
1761514262527,1002.14294
1761514262568,1002.69556
1761514262607,1002.2031
1761514262650,1001.83026
1761514262687,1002.1805
1761514262727,1002.38873
1761514262768,1002.4515
1761514262808,1002.3286
1761514262848,1002.6372
1761514262890,1002.77795
1761514262927,1002.5643
1761514262967,1002.4565
1761514263007,1002.9481
1761514263047,1002.93304
1761514263087,1001.9096
1761514263128,1001.84375
1761514263170,1001.4252
1761514263215,1001.8267
1761514263248,1002.05194
1761514263291,1002.7444
1761514263329,1002.5014
1761514263367,1002.1853
1761514263407,1002.3434
1761514263451,1002.2498
1761514263491,1002.38794
1761514263528,1002.8276
1761514263569,1002.2224
1761514263610,1002.54156
1761514263653,1002.3328
1761514263687,1001.7658
1761514263727,1002.10205
1761514263767,1002.3253
1761514263807,1002.46063
1761514263847,1002.4576
1761514263895,1002.55585
1761514263929,1002.5453
1761514263968,1002.59344
1761514264011,1002.57086
1761514264052,1002.87476
1761514264088,1003.11237
1761514264133,1002.1394
1761514264167,1001.88794
1761514264208,1001.4546
1761514264247,1001.86346
1761514264290,1002.0918
1761514264328,1002.80164
1761514264369,1002.43976
1761514264407,1002.34467
1761514264450,1002.42554
1761514264491,1002.1465
1761514264527,1002.4048
1761514264567,1002.9244
1761514264608,1002.20154
1761514264649,1002.6407
1761514264688,1002.3169
1761514264729,1001.70514
1761514264775,1002.08624
1761514264810,1002.36975
1761514264848,1002.5129
1761514264888,1002.46484
1761514264927,1002.54736
1761514264967,1002.59784
1761514265010,1002.5327
1761514265049,1002.47
1761514265087,1002.7983
1761514265128,1003.1143
1761514265174,1002.3797
1761514265207,1001.8851
1761514265247,1001.55414
1761514265288,1001.8524
1761514265330,1001.8675
1761514265369,1002.1166
1761514265408,1002.8155
1761514265448,1002.4116
1761514265487,1002.1407
1761514265528,1002.3043
1761514265567,1002.3868
1761514265612,1002.6273
1761514265647,1002.42944
1761514265693,1002.39185
1761514265727,1002.479
1761514265767,1001.84467
1761514265807,1002.08057
1761514265848,1002.31885
1761514265888,1002.4568
1761514265928,1002.5044
1761514265967,1002.6944
1761514266014,1002.76245
1761514266052,1002.5569
1761514266092,1002.5468
1761514266132,1002.9911
1761514266169,1003.0661
1761514266208,1002.0274
1761514266248,1002.1127
1761514266290,1001.2849
1761514266328,1001.7389
1761514266370,1002.06287
1761514266411,1002.7596
1761514266452,1002.3284
1761514266491,1002.549
1761514266529,1002.0949
1761514266569,1002.0748
1761514266609,1002.3608
1761514266647,1003.23883
1761514266688,1002.3106
1761514266728,1002.35046
1761514266772,1002.18744
1761514266807,1001.834
1761514266847,1002.20026
1761514266889,1002.4712
1761514266928,1002.5963
1761514266968,1002.36273
1761514267014,1002.49835
1761514267048,1002.6418
1761514267088,1002.516
1761514267130,1002.44104
1761514267167,1002.8321
1761514267213,1003.0824
1761514267247,1001.944
1761514267287,1001.8562
1761514267327,1001.7532
1761514267368,1001.8485
1761514267408,1002.09686
1761514267448,1002.22485
1761514267488,1003.6118
1761514267528,1001.9235
1761514267567,1001.9432
1761514267607,1002.2626
1761514267648,1002.60126
1761514267687,1002.64124
1761514267727,1002.3647
1761514267767,1002.43774
1761514267808,1002.7012
1761514267848,1002.0313
1761514267887,1001.8507
1761514267927,1002.36725
1761514267967,1002.5002
1761514268007,1002.3421
1761514268047,1002.37476
1761514268087,1002.7537
1761514268127,1002.72095
1761514268168,1002.5854
1761514268208,1002.455
1761514268247,1002.86194
1761514268288,1003.00214
1761514268327,1001.9787
1761514268367,1001.5595
1761514268407,1002.29694
1761514268447,1001.6318
1761514268488,1002.00854
1761514268528,1002.1693
1761514268567,1003.2179
1761514268608,1002.2569
1761514268647,1001.89545
1761514268687,1002.1334
1761514268727,1002.49536
1761514268767,1002.96454
1761514268808,1002.1515
1761514268847,1002.6206
1761514268888,1002.5553
1761514268928,1001.6845
1761514268968,1001.9483
1761514269007,1002.1716
1761514269047,1002.29944
1761514269088,1002.6749
1761514269127,1002.6432
1761514269167,1002.4405
1761514269207,1002.4525
1761514269247,1002.29474
1761514269287,1002.4149
1761514269328,1003.06714
1761514269367,1002.22235
1761514269407,1001.64984
1761514269447,1001.9465
1761514269487,1002.1292
1761514269527,1002.09155
1761514269567,1002.21704
1761514269607,1002.30005
1761514269647,1002.4682
1761514269688,1002.54315
1761514269731,1002.1816
1761514269767,1002.2198
1761514269807,1002.35974
1761514269848,1002.5005
1761514269888,1002.61127
1761514269927,1002.5305
1761514269967,1002.29956
1761514270007,1002.33264
1761514270047,1002.5762
1761514270087,1002.94946
1761514270127,1002.96564
1761514270167,1002.7117
1761514270207,1002.67694
1761514270247,1001.65564
1761514270287,1001.8235
1761514270327,1002.37085
1761514270367,1003.0158
1761514270409,1003.11334
1761514270448,1002.5489
1761514270488,1002.3257
1761514270528,1002.00464
1761514270567,1001.78656
1761514270607,1002.0171
1761514270648,1001.98224
1761514270688,1002.2408
1761514270728,1002.288
1761514270767,1002.30804
1761514270808,1002.2607
1761514270850,1002.2205
1761514270892,1002.1202
1761514270927,1001.99243
1761514270969,1001.89435
1761514271008,1001.9551
1761514271047,1002.1733
1761514271088,1002.35077
1761514271129,1002.32904
1761514271171,1002.31635
1761514271208,1002.3514
1761514271249,1002.32635
1761514271288,1002.29877
1761514271328,1002.2661
1761514271368,1002.42163
1761514271409,1002.4445
1761514271448,1002.22125
1761514271488,1002.3038
1761514271529,1002.39404
1761514271569,1002.3971
1761514271609,1002.32654
1761514271655,1002.1783
1761514271688,1002.1786
1761514271727,1002.1582
1761514271767,1002.3019
1761514271809,1002.4148
1761514271847,1002.34485
1761514271890,1002.33185
1761514271927,1002.3298
1761514271969,1002.18665
1761514272010,1002.11334
1761514272047,1002.19916
1761514272090,1002.22687
1761514272127,1002.14417
1761514272168,1002.2219
1761514272212,1002.3195
1761514272249,1002.2492
1761514272288,1002.3097
1761514272329,1002.2675
1761514272369,1002.1241
1761514272408,1002.08374
1761514272449,1002.1394
1761514272493,1002.18915
1761514272527,1002.22925
1761514272567,1002.2347
1761514272607,1002.2498
1761514272650,1002.157
1761514272689,1002.07874
1761514272731,1002.15704
1761514272773,1002.23236
1761514272810,1002.2425
1761514272850,1002.21924
1761514272896,1002.1472
1761514272941,1002.1946
1761514272967,1002.3002
1761514273006,1002.31714
1761514273047,1002.25494
1761514273087,1002.25995
1761514273127,1002.29205
1761514273167,1002.30493
1761514273208,1002.1189
1761514273247,1002.154
1761514273287,1002.1346
1761514273327,1002.1172
1761514273367,1002.1326
1761514273407,1002.127
1761514273447,1002.1502
1761514273487,1002.1954
1761514273527,1002.2834
1761514273567,1002.30334
1761514273607,1002.2834
1761514273647,1002.32104
1761514273687,1002.3245
1761514273727,1002.3069
1761514273767,1002.2542
1761514273807,1002.11414
1761514273847,1002.24963
1761514273887,1002.24725
1761514273927,1002.21014
1761514273967,1002.1853
1761514274007,1002.2008
1761514274047,1002.22095
1761514274087,1002.2619
1761514274127,1002.2768
1761514274167,1002.312
1761514274207,1002.24713
1761514274247,1002.31757
1761514274287,1002.3406
1761514274326,1002.22797
1761514274367,1002.2609
1761514274407,1002.24335
1761514274447,1002.1788
1761514274487,1002.1997
1761514274527,1002.2101
1761514274567,1002.1799
1761514274607,1002.2408
1761514274647,1002.24585
1761514274687,1002.2162
1761514274726,1002.2467
1761514274767,1002.2594
1761514274807,1002.21423
1761514274847,1002.21735
1761514274887,1002.17474
1761514274932,1002.1702
1761514274968,1002.19336
1761514275007,1002.1919
1761514275047,1002.2014
1761514275086,1002.1843
1761514275126,1002.1775
1761514275166,1002.21063
1761514275206,1002.2357
1761514275246,1002.2435
1761514275287,1002.2346
1761514275326,1002.2525
1761514275367,1002.27094
1761514275408,1002.27844
1761514275448,1002.2664
1761514275487,1002.22955
1761514275527,1002.26276
1761514275567,1002.2654
1761514275607,1002.2082
1761514275647,1002.2416
1761514275687,1002.26483
1761514275727,1002.2297
1761514275768,1002.2603
1761514275808,1002.2511
1761514275848,1002.26166
1761514275888,1002.23914
1761514275927,1002.2472
1761514275967,1002.2603
1761514276006,1002.26337
1761514276047,1002.2586
1761514276087,1002.25665
1761514276127,1002.2444
1761514276167,1002.23016
