1760985777855,1004.54034
1760985777875,1004.4958
1760985777895,1004.5044
1760985777915,1004.5152
1760985777935,1004.49036
1760985777955,1004.376
1760985777976,1004.35986
1760985777996,1004.373
1760985778016,1004.3775
1760985778035,1004.3728
1760985778055,1004.41486
1760985778075,1004.4283
1760985778095,1004.48175
1760985778116,1004.48926
1760985778136,1004.4872
1760985778155,1004.4247
1760985778176,1004.3155
1760985778195,1004.22015
1760985778215,1004.1296
1760985778235,1004.09735
1760985778255,1004.0789
1760985778275,1004.09875
1760985778296,1004.1438
1760985778315,1004.14874
1760985778336,1004.1438
1760985778355,1004.1924
1760985778375,1004.22925
1760985778395,1004.4661
1760985778415,1004.5616
1760985778435,1004.53613
1760985778456,1004.483
1760985778476,1004.4411
1760985778496,1004.34204
1760985778516,1004.22595
1760985778536,1004.2499
1760985778555,1004.2413
1760985778575,1004.2161
1760985778596,1004.2019
1760985778617,1004.1894
1760985778636,1004.1955
1760985778656,1004.22955
1760985778676,1004.2067
1760985778695,1004.3663
1760985778715,1004.4394
1760985778735,1004.5577
1760985778755,1004.6188
1760985778776,1004.54315
1760985778796,1004.46484
1760985778816,1004.42535
1760985778835,1004.3789
1760985778855,1004.40875
1760985778875,1004.3785
1760985778896,1004.37036
1760985778915,1004.321
1760985778936,1004.3044
1760985778955,1004.3235
1760985778976,1004.3352
1760985778996,1004.3641
1760985779015,1004.4272
1760985779035,1004.511
1760985779055,1004.5869
1760985779075,1004.6494
1760985779095,1004.66504
1760985779117,1004.6806
1760985779136,1004.6497
1760985779156,1004.6328
1760985779175,1004.5702
1760985779195,1004.52094
1760985779215,1004.5142
1760985779235,1004.465
1760985779255,1004.393
1760985779276,1004.35284
1760985779296,1004.3025
1760985779316,1004.3013
1760985779336,1004.29034
1760985779355,1004.2538
1760985779375,1004.22815
1760985779395,1004.2141
1760985779415,1004.16364
1760985779435,1004.22534
1760985779456,1004.2525
1760985779477,1004.3238
1760985779495,1004.33875
1760985779516,1004.3777
1760985779536,1004.4109
1760985779555,1004.46423
1760985779575,1004.4655
1760985779596,1004.47864
1760985779616,1004.47015
1760985779636,1004.46704
1760985779656,1004.49347
1760985779675,1004.5008
1760985779695,1004.58093
1760985779715,1004.60895
1760985779735,1004.60315
1760985779757,1004.5778
1760985779775,1004.65656
1760985779796,1004.6989
1760985779816,1004.6554
1760985779835,1004.6191
1760985779855,1004.5311
1760985779875,1004.4603
1760985779895,1004.41724
1760985779915,1004.4578
1760985779936,1004.5114
1760985779957,1004.53424
1760985779976,1004.47455
1760985779995,1004.4
1760985780016,1004.3253
1760985780035,1004.343
1760985780055,1004.3358
1760985780076,1004.3735
1760985780095,1004.3961
1760985780116,1004.4436
1760985780136,1004.4378
1760985780157,1004.4341
1760985780176,1004.3652
1760985780195,1004.33093
1760985780215,1004.3408
1760985780235,1004.36487
1760985780256,1004.35706
1760985780276,1004.35986
1760985780296,1004.29456
1760985780315,1004.3008
1760985780335,1004.2769
1760985780355,1004.2703
1760985780375,1004.3058
1760985780396,1004.34375
1760985780416,1004.3806
1760985780436,1004.4086
1760985780456,1004.47125
1760985780475,1004.5092
1760985780496,1004.5433
1760985780516,1004.5869
1760985780535,1004.58875
1760985780556,1004.6271
1760985780577,1004.6392
1760985780597,1004.6894
1760985780616,1004.71484
1760985780635,1004.7144
1760985780655,1004.6935
1760985780675,1004.6356
1760985780695,1004.5092
1760985780715,1004.3724
1760985780735,1004.29626
1760985780755,1004.2458
1760985780776,1004.2161
1760985780796,1004.23285
1760985780815,1004.1978
1760985780835,1004.2141
1760985780855,1004.1961
1760985780875,1004.1913
1760985780896,1004.16473
1760985780916,1004.16254
1760985780937,1004.20526
1760985780956,1004.2028
1760985780975,1004.215
1760985780995,1004.28265
1760985781016,1004.29364
1760985781035,1004.2883
1760985781056,1004.2966
1760985781076,1004.2958
1760985781096,1004.2628
1760985781117,1004.29254
1760985781136,1004.3083
1760985781156,1004.3394
1760985781176,1004.3316
1760985781195,1004.3205
1760985781216,1004.3461
1760985781235,1004.3127
1760985781256,1004.35565
1760985781276,1004.3594
1760985781295,1004.40924
1760985781315,1004.4436
1760985781335,1004.4872
1760985781356,1004.4977
1760985781376,1004.47394
1760985781395,1004.4544
1760985781416,1004.4605
1760985781436,1004.54065
1760985781455,1004.61096
1760985781475,1004.6275
1760985781495,1004.6431
1760985781516,1004.6306
1760985781535,1004.5813
1760985781556,1004.5019
1760985781576,1004.4517
1760985781596,1004.3772
1760985781617,1004.381
1760985781635,1004.3724
1760985781655,1004.3905
1760985781675,1004.3136
1760985781695,1004.23114
1760985781715,1004.1827
1760985781735,1004.1383
1760985781761,1004.1297
1760985781776,1004.1389
1760985781795,1004.1141
1760985781815,1004.1378
1760985781835,1004.11316
1760985781855,1004.1327
1760985781875,1004.1174
1760985781895,1004.14813
1760985781916,1004.16187
1760985781936,1004.173
1760985781955,1004.21655
1760985781975,1004.21423
1760985781995,1004.2347
1760985782015,1004.28174
1760985782035,1004.28
1760985782055,1004.30426
1760985782076,1004.3005
1760985782096,1004.2677
1760985782115,1004.2472
1760985782135,1004.22675
1760985782155,1004.2547
1760985782175,1004.2794
1760985782196,1004.28625
1760985782216,1004.3358
1760985782236,1004.3746
1760985782256,1004.3994
1760985782276,1004.41797
1760985782295,1004.4478
1760985782315,1004.4578
1760985782335,1004.47797
1760985782355,1004.5217
1760985782375,1004.5683
1760985782396,1004.59644
1760985782416,1004.5778
1760985782437,1004.48126
1760985782455,1004.37067
1760985782475,1004.28766
1760985782496,1004.243
1760985782515,1004.24347
1760985782536,1004.24146
1760985782556,1004.2433
1760985782577,1004.20514
1760985782597,1004.17346
1760985782615,1004.1516
1760985782635,1004.115
1760985782655,1004.10187
1760985782675,1004.1402
1760985782695,1004.1458
1760985782715,1004.1722
1760985782736,1004.22656
1760985782756,1004.2532
1760985782776,1004.3083
1760985782795,1004.3188
1760985782815,1004.3328
1760985782835,1004.3141
1760985782856,1004.3213
1760985782876,1004.3128
1760985782897,1004.33344
1760985782916,1004.321
1760985782935,1004.3216
1760985782956,1004.35516
1760985782976,1004.3931
1760985782995,1004.33484
1760985783016,1004.34235
1760985783036,1004.33093
1760985783056,1004.37427
1760985783077,1004.3694
1760985783096,1004.41724
1760985783116,1004.47797
1760985783135,1004.5007
1760985783157,1004.5102
1760985783175,1004.52124
1760985783195,1004.54565
1760985783215,1004.59796
1760985783236,1004.66846
1760985783255,1004.65393
1760985783275,1004.59796
1760985783295,1004.47485
1760985783315,1004.3774
1760985783335,1004.30927
1760985783356,1004.2822
1760985783376,1004.29126
1760985783396,1004.3366
1760985783417,1004.3196
1760985783435,1004.3147
1760985783455,1004.28644
1760985783475,1004.2524
1760985783495,1004.27313
1760985783515,1004.29266
1760985783536,1004.2558
1760985783556,1004.2649
1760985783577,1004.23926
1760985783596,1004.2014
1760985783616,1004.20734
1760985783636,1004.23016
1760985783656,1004.2567
1760985783675,1004.28876
1760985783695,1004.3141
1760985783716,1004.30176
1760985783736,1004.3331
1760985783756,1004.3411
1760985783775,1004.3244
1760985783795,1004.3292
1760985783815,1004.3255
1760985783835,1004.29517
1760985783855,1004.3206
1760985783876,1004.335
1760985783896,1004.3344
1760985783915,1004.3263
1760985783935,1004.34314
1760985783955,1004.3872
1760985783975,1004.4439
1760985783995,1004.4819
1760985784015,1004.4858
1760985784036,1004.45
1760985784056,1004.40796
1760985784075,1004.3785
1760985784096,1004.3791
1760985784115,1004.41003
1760985784135,1004.4833
1760985784155,1004.4941
1760985784175,1004.45844
1760985784195,1004.35297
1760985784216,1004.27844
1760985784236,1004.23254
1760985784255,1004.23285
1760985784275,1004.21704
1760985784295,1004.2056
1760985784315,1004.16705
1760985784335,1004.1314
1760985784356,1004.1333
1760985784376,1004.1569
1760985784396,1004.16144
1760985784416,1004.17816
1760985784435,1004.1824
1760985784455,1004.22375
1760985784476,1004.22955
1760985784495,1004.2669
1760985784516,1004.2547
1760985784536,1004.2761
1760985784556,1004.28125
1760985784575,1004.2664
1760985784595,1004.23175
1760985784615,1004.23987
1760985784635,1004.23737
1760985784656,1004.2547
1760985784675,1004.27875
1760985784695,1004.2714
1760985784716,1004.2591
1760985784735,1004.2599
1760985784755,1004.2833
1760985784775,1004.3097
1760985784795,1004.34235
1760985784815,1004.3799
1760985784835,1004.3881
1760985784856,1004.40894
1760985784876,1004.4344
1760985784895,1004.48145
1760985784915,1004.5336
1760985784935,1004.5525
1760985784955,1004.54254
1760985784975,1004.5749
1760985784995,1004.5099
1760985785015,1004.4275
1760985785036,1004.325
1760985785055,1004.28723
1760985785075,1004.2075
1760985785096,1004.21375
1760985785116,1004.1872
1760985785136,1004.1891
1760985785156,1004.17267
1760985785176,1004.15
1760985785196,1004.1514
1760985785216,1004.16266
1760985785235,1004.16254
1760985785255,1004.173
1760985785275,1004.16516
1760985785296,1004.2066
1760985785316,1004.202
1760985785336,1004.1958
1760985785356,1004.22095
1760985785376,1004.27234
1760985785395,1004.2677
1760985785415,1004.3047
1760985785435,1004.3061
1760985785455,1004.2994
1760985785475,1004.33453
1760985785496,1004.3253
1760985785516,1004.33594
1760985785537,1004.31067
1760985785556,1004.28595
1760985785576,1004.2833
1760985785595,1004.27454
1760985785615,1004.28613
1760985785636,1004.2966
1760985785656,1004.29614
1760985785676,1004.3164
1760985785696,1004.3619
1760985785715,1004.3819
1760985785735,1004.4442
1760985785755,1004.47754
1760985785775,1004.49316
1760985785796,1004.5206
1760985785815,1004.5091
1760985785835,1004.47815
1760985785856,1004.448
1760985785875,1004.4503
1760985785895,1004.42206
1760985785915,1004.40283
1760985785935,1004.3911
1760985785955,1004.3183
1760985785975,1004.2717
1760985785996,1004.2614
1760985786016,1004.2513
1760985786036,1004.2182
1760985786055,1004.17847
1760985786075,1004.1825
1760985786095,1004.14844
1760985786115,1004.15405
1760985786135,1004.188
1760985786156,1004.2092
1760985786177,1004.2002
1760985786196,1004.22015
1760985786215,1004.2505
1760985786235,1004.2689
1760985786255,1004.28284
1760985786275,1004.2822
1760985786295,1004.2372
1760985786315,1004.22046
1760985786336,1004.1992
1760985786356,1004.21924
1760985786375,1004.2283
1760985786395,1004.22906
1760985786415,1004.2697
1760985786435,1004.2681
1760985786456,1004.2575
1760985786476,1004.2649
1760985786496,1004.2521
1760985786516,1004.2656
1760985786535,1004.27563
1760985786556,1004.28406
1760985786575,1004.28973
1760985786595,1004.3295
1760985786615,1004.35504
1760985786637,1004.4158
1760985786656,1004.47455
1760985786680,1004.4758
1760985786695,1004.4661
1760985786715,1004.48737
1760985786735,1004.4941
1760985786755,1004.5095
1760985786775,1004.47424
1760985786795,1004.42645
1760985786816,1004.36035
1760985786836,1004.30066
1760985786856,1004.20734
1760985786875,1004.1936
1760985786895,1004.2006
1760985786915,1004.2197
1760985786936,1004.22375
1760985786956,1004.1922
1760985786976,1004.135
1760985786996,1004.15405
1760985787016,1004.1138
1760985787035,1004.1491
1760985787055,1004.193
1760985787075,1004.15765
1760985787095,1004.18317
1760985787116,1004.21533
1760985787136,1004.1983
1760985787157,1004.1953
1760985787177,1004.1852
1760985787195,1004.2475
1760985787215,1004.2608
1760985787235,1004.30347
1760985787255,1004.3219
1760985787275,1004.3277
1760985787296,1004.3289
1760985787316,1004.2766
1760985787337,1004.28674
1760985787355,1004.29016
1760985787375,1004.28516
1760985787395,1004.3211
1760985787416,1004.34125
1760985787436,1004.34625
1760985787456,1004.35156
1760985787476,1004.34784
1760985787496,1004.35657
1760985787515,1004.35876
1760985787536,1004.3408
1760985787555,1004.35156
1760985787576,1004.36316
1760985787596,1004.4208
1760985787616,1004.4722
1760985787636,1004.4536
1760985787656,1004.3772
1760985787676,1004.2766
1760985787695,1004.2136
1760985787715,1004.18036
1760985787735,1004.1763
1760985787755,1004.1811
1760985787775,1004.191
1760985787795,1004.16846
1760985787816,1004.15765
1760985787836,1004.16565
1760985787855,1004.118
1760985787875,1004.1405
1760985787895,1004.16644
1760985787915,1004.15753
1760985787935,1004.1919
1760985787956,1004.15753
1760985787976,1004.1924
1760985787996,1004.1977
1760985788016,1004.2141
1760985788035,1004.2022
1760985788055,1004.1547
1760985788076,1004.16724
1760985788097,1004.16003
1760985788116,1004.1392
1760985788136,1004.1503
1760985788156,1004.2108
1760985788176,1004.22046
1760985788195,1004.2061
1760985788215,1004.2075
1760985788235,1004.22253
1760985788255,1004.2438
1760985788276,1004.2544
1760985788296,1004.2522
1760985788316,1004.28906
1760985788336,1004.2717
1760985788355,1004.29095
1760985788375,1004.2711
1760985788395,1004.30457
1760985788415,1004.31067
1760985788435,1004.35846
1760985788456,1004.41046
1760985788476,1004.46515
1760985788495,1004.4386
1760985788515,1004.4428
1760985788535,1004.3906
1760985788555,1004.30786
1760985788575,1004.2581
1760985788596,1004.2081
1760985788616,1004.19
1760985788636,1004.1791
1760985788655,1004.1694
1760985788676,1004.1335
1760985788696,1004.1147
1760985788715,1004.0983
1760985788735,1004.10767
1760985788755,1004.15906
1760985788776,1004.1328
1760985788796,1004.1255
1760985788816,1004.118
1760985788835,1004.10406
1760985788855,1004.1272
1760985788875,1004.14
1760985788895,1004.16425
1760985788916,1004.16876
1760985788936,1004.1938
1760985788956,1004.2122
1760985788976,1004.21906
1760985788995,1004.23114
1760985789015,1004.1911
1760985789036,1004.21924
1760985789056,1004.2002
1760985789076,1004.1953
1760985789096,1004.173
1760985789116,1004.16516
1760985789137,1004.16376
1760985789156,1004.16815
1760985789175,1004.17175
1760985789195,1004.1708
1760985789215,1004.16144
1760985789235,1004.2016
1760985789255,1004.23987
1760985789276,1004.28595
1760985789296,1004.29736
1760985789316,1004.28546
1760985789335,1004.29016
1760985789356,1004.28033
1760985789376,1004.3228
1760985789395,1004.3295
1760985789415,1004.33594
1760985789436,1004.33734
1760985789456,1004.34485
1760985789475,1004.28345
1760985789497,1004.2039
1760985789515,1004.1314
1760985789535,1004.11395
1760985789556,1004.0853
1760985789576,1004.1213
1760985789596,1004.1105
1760985789616,1004.1366
1760985789637,1004.136
1760985789655,1004.11017
1760985789676,1004.09155
1760985789695,1004.09393
1760985789715,1004.0844
1760985789735,1004.10065
1760985789756,1004.1133
1760985789776,1004.1186
1760985789796,1004.1299
1760985789815,1004.15625
1760985789835,1004.17426
1760985789855,1004.1497
1760985789875,1004.13
1760985789895,1004.15454
1760985789916,1004.1215
1760985789936,1004.1394
1760985789956,1004.1333
1760985789976,1004.1331
1760985789995,1004.14844
1760985790015,1004.1447
1760985790035,1004.1197
1760985790056,1004.1186
1760985790076,1004.1386
1760985790097,1004.1497
1760985790116,1004.1453
1760985790135,1004.135
1760985790156,1004.1338
1760985790175,1004.1208
1760985790195,1004.1453
1760985790215,1004.1925
1760985790235,1004.205
1760985790256,1004.1849
1760985790276,1004.1989
1760985790295,1004.21
1760985790315,1004.1953
1760985790335,1004.2525
1760985790355,1004.238
1760985790375,1004.2659
1760985790395,1004.29004
1760985790416,1004.33984
1760985790436,1004.3819
1760985790455,1004.4241
1760985790475,1004.3922
1760985790495,1004.36646
1760985790515,1004.29645
1760985790535,1004.22906
1760985790556,1004.22284
1760985790576,1004.1946
1760985790596,1004.1813
1760985790616,1004.16016
1760985790636,1004.15234
1760985790655,1004.1138
1760985790676,1004.0831
1760985790696,1004.068
1760985790715,1004.04785
1760985790736,1004.0667
1760985790756,1004.0716
1760985790776,1004.0603
1760985790795,1004.06067
1760985790816,1004.0577
1760985790835,1004.0561
1760985790855,1004.04895
1760985790875,1004.061
1760985790896,1004.0889
1760985790916,1004.14
1760985790936,1004.1899
1760985790955,1004.1958
1760985790975,1004.1872
1760985790995,1004.22705
1760985791015,1004.23254
1760985791035,1004.1919
1760985791056,1004.1511
1760985791076,1004.125
1760985791097,1004.1127
1760985791116,1004.1338
1760985791135,1004.1172
1760985791155,1004.0958
1760985791175,1004.09406
1760985791196,1004.131
1760985791215,1004.15625
1760985791236,1004.17267
1760985791256,1004.1946
1760985791275,1004.21173
1760985791295,1004.246
1760985791315,1004.2664
1760985791335,1004.243
1760985791355,1004.27484
1760985791376,1004.3108
1760985791396,1004.35767
1760985791417,1004.3295
1760985791436,1004.3247
1760985791455,1004.3127
1760985791476,1004.2744
1760985791495,1004.1902
1760985791516,1004.15643
1760985791536,1004.0983
1760985791556,1004.1116
1760985791576,1004.1269
1760985791597,1004.10864
1760985791616,1004.10175
1760985791635,1004.0599
1760985791656,1004.04816
1760985791676,1004.0011
1760985791699,1004.0008
1760985791716,1004.01843
1760985791736,1004.0127
1760985791756,1004.03723
1760985791775,1004.0585
1760985791795,1004.0724
1760985791815,1004.1183
1760985791835,1004.17346
1760985791856,1004.1852
1760985791876,1004.2044
1760985791896,1004.2063
1760985791916,1004.2063
1760985791935,1004.185
1760985791955,1004.14484
1760985791975,1004.1267
1760985791995,1004.11395
1760985792015,1004.0764
1760985792036,1004.0988
1760985792056,1004.0844
1760985792076,1004.1044
1760985792095,1004.11176
1760985792115,1004.133
1760985792135,1004.1344
1760985792155,1004.11536
1760985792175,1004.11957
1760985792195,1004.1269
1760985792215,1004.0933
1760985792236,1004.0708
1760985792255,1004.04956
1760985792275,1004.0794
1760985792296,1004.1058
1760985792315,1004.1292
1760985792335,1004.1508
1760985792356,1004.16595
1760985792376,1004.15594
1760985792396,1004.1458
1760985792416,1004.16864
1760985792435,1004.1808
1760985792455,1004.16034
1760985792475,1004.1375
1760985792495,1004.0883
1760985792515,1004.0731
1760985792536,1004.0523
1760985792556,1004.0628
1760985792576,1004.0658
1760985792596,1004.04047
1760985792616,1004.03424
1760985792636,1004.0555
1760985792655,1004.0508
1760985792677,1004.0588
1760985792696,1004.04254
1760985792716,1004.0664
1760985792736,1004.1216
1760985792756,1004.1583
1760985792775,1004.2025
1760985792795,1004.2499
1760985792815,1004.2347
1760985792835,1004.21875
1760985792856,1004.2161
1760985792876,1004.1775
1760985792896,1004.1266
1760985792915,1004.1183
1760985792935,1004.09515
1760985792955,1004.0786
1760985792976,1004.0664
1760985792996,1004.0642
1760985793016,1004.0569
1760985793036,1004.0673
1760985793056,1004.0671
1760985793075,1004.09796
1760985793096,1004.08563
1760985793115,1004.1338
1760985793135,1004.17267
1760985793156,1004.1936
1760985793176,1004.1917
1760985793197,1004.14984
1760985793216,1004.1211
1760985793236,1004.1427
1760985793256,1004.1216
1760985793275,1004.1296
1760985793295,1004.1288
1760985793315,1004.1141
1760985793335,1004.09985
1760985793356,1004.11926
1760985793376,1004.138
1760985793396,1004.1608
1760985793415,1004.15656
1760985793437,1004.17267
1760985793455,1004.1453
1760985793475,1004.1271
1760985793495,1004.10986
1760985793516,1004.125
1760985793536,1004.08374
1760985793557,1004.09924
1760985793577,1004.0819
1760985793596,1004.09766
1760985793615,1004.10815
1760985793635,1004.143
1760985793656,1004.1419
1760985793676,1004.1569
1760985793696,1004.1935
1760985793716,1004.1925
1760985793735,1004.22864
1760985793755,1004.2147
1760985793775,1004.16785
1760985793795,1004.1222
1760985793815,1004.1347
1760985793836,1004.1238
1760985793856,1004.16235
1760985793876,1004.2125
1760985793895,1004.1974
1760985793915,1004.1849
1760985793935,1004.2041
1760985793955,1004.21063
1760985793975,1004.22534
1760985793995,1004.2488
1760985794016,1004.2647
1760985794036,1004.23315
1760985794055,1004.20874
1760985794075,1004.1431
1760985794095,1004.1316
1760985794115,1004.1236
1760985794135,1004.108
1760985794156,1004.16565
1760985794176,1004.191
1760985794196,1004.21783
1760985794216,1004.22955
1760985794235,1004.2103
1760985794255,1004.1966
1760985794275,1004.17596
1760985794295,1004.1505
1760985794316,1004.1558
1760985794336,1004.1583
1760985794357,1004.16364
1760985794377,1004.14813
1760985794396,1004.16547
1760985794415,1004.17645
1760985794435,1004.1511
1760985794455,1004.16815
1760985794475,1004.1705
1760985794496,1004.1802
1760985794516,1004.1941
1760985794537,1004.2122
1760985794555,1004.1827
1760985794576,1004.1794
1760985794596,1004.1989
1760985794616,1004.1949
1760985794636,1004.2105
1760985794656,1004.2208
1760985794676,1004.2322
1760985794696,1004.278
1760985794716,1004.29645
1760985794735,1004.2706
1760985794755,1004.2511
1760985794775,1004.23785
1760985794795,1004.23926
1760985794815,1004.2477
1760985794836,1004.245
1760985794856,1004.22876
1760985794876,1004.1864
1760985794896,1004.1696
1760985794915,1004.1356
1760985794935,1004.14703
1760985794955,1004.1514
1760985794975,1004.1303
1760985794996,1004.12317
1760985795016,1004.073
1760985795035,1004.0769
1760985795056,1004.10187
1760985795075,1004.0802
1760985795095,1004.0683
1760985795115,1004.072
1760985795136,1004.10144
1760985795156,1004.08954
1760985795176,1004.1381
1760985795197,1004.1555
1760985795215,1004.1816
1760985795235,1004.10736
1760985795255,1004.0844
1760985795275,1004.0797
1760985795295,1004.0591
1760985795316,1004.05176
1760985795336,1004.0596
1760985795356,1004.0513
1760985795375,1004.0861
1760985795395,1004.10645
1760985795415,1004.145
1760985795435,1004.16235
1760985795456,1004.15875
1760985795476,1004.17957
1760985795496,1004.16455
1760985795516,1004.16986
1760985795535,1004.1852
1760985795555,1004.15643
1760985795576,1004.1544
1760985795595,1004.15405
1760985795615,1004.16205
1760985795636,1004.16437
1760985795656,1004.2208
1760985795677,1004.2507
1760985795696,1004.28143
1760985795715,1004.3796
1760985795735,1004.43567
1760985795755,1004.48956
1760985795775,1004.41437
1760985795795,1004.35016
1760985795816,1004.27454
1760985795837,1004.2125
1760985795856,1004.1536
1760985795876,1004.1411
1760985795895,1004.1205
1760985795915,1004.1375
1760985795935,1004.15375
1760985795955,1004.136
1760985795976,1004.1175
1760985795997,1004.11926
1760985796016,1004.0947
1760985796036,1004.0841
1760985796056,1004.0797
1760985796076,1004.09705
1760985796096,1004.09204
1760985796116,1004.10626
1760985796136,1004.0883
1760985796157,1004.10126
1760985796177,1004.0819
1760985796196,1004.11017
1760985796216,1004.1199
1760985796235,1004.1338
1760985796255,1004.1221
1760985796275,1004.11346
1760985796295,1004.1383
1760985796316,1004.1511
1760985796336,1004.142
1760985796355,1004.15594
1760985796375,1004.1427
1760985796395,1004.1335
1760985796416,1004.16144
1760985796435,1004.1439
1760985796456,1004.14233
1760985796476,1004.1328
1760985796496,1004.17645
1760985796515,1004.1808
1760985796535,1004.1953
1760985796555,1004.22986
1760985796575,1004.24286
1760985796596,1004.2628
1760985796616,1004.27124
1760985796636,1004.23846
1760985796656,1004.2566
1760985796676,1004.23364
1760985796695,1004.17596
1760985796717,1004.1283
1760985796735,1004.088
1760985796755,1004.04785
1760985796775,1004.0813
1760985796796,1004.10394
1760985796816,1004.08704
1760985796835,1004.0624
1760985796855,1004.09094
1760985796875,1004.0538
1760985796895,1004.04095
1760985796915,1004.03064
1760985796935,1004.0625
1760985796956,1004.0486
1760985796976,1004.0667
1760985796996,1004.0822
1760985797015,1004.08594
1760985797035,1004.09924
1760985797055,1004.11285
1760985797076,1004.1381
1760985797096,1004.11426
1760985797116,1004.1216
1760985797136,1004.09174
1760985797158,1004.09033
1760985797177,1004.0855
1760985797195,1004.08923
1760985797216,1004.0619
1760985797235,1004.0858
1760985797255,1004.0897
1760985797275,1004.08344
1760985797296,1004.0736
1760985797317,1004.10706
1760985797335,1004.09796
1760985797356,1004.1146
1760985797375,1004.1175
1760985797395,1004.118
1760985797415,1004.1317
1760985797436,1004.1547
1760985797456,1004.1822
1760985797476,1004.2019
1760985797495,1004.1561
1760985797515,1004.2183
1760985797535,1004.28937
1760985797556,1004.3249
1760985797576,1004.33704
1760985797596,1004.3291
1760985797616,1004.29425
1760985797636,1004.30426
1760985797655,1004.2664
1760985797677,1004.2424
1760985797695,1004.22235
1760985797718,1004.16724
1760985797736,1004.09406
1760985797755,1004.09674
1760985797775,1004.0836
1760985797796,1004.10114
1760985797816,1004.1163
1760985797835,1004.0789
1760985797855,1004.0624
1760985797875,1004.0216
1760985797895,1004.03424
1760985797916,1004.03015
1760985797936,1004.03796
1760985797956,1004.0564
1760985797976,1004.0494
1760985797995,1004.0258
1760985798015,1004.02454
1760985798035,1004.0689
1760985798055,1004.0667
1760985798076,1004.10675
1760985798096,1004.10504
1760985798116,1004.128
1760985798137,1004.1214
1760985798157,1004.1289
1760985798175,1004.1111
1760985798195,1004.10046
1760985798215,1004.0731
1760985798236,1004.0811
1760985798256,1004.0775
1760985798276,1004.0961
1760985798296,1004.09784
1760985798315,1004.0841
1760985798336,1004.10016
1760985798356,1004.1383
1760985798375,1004.1478
1760985798395,1004.17847
1760985798416,1004.18036
1760985798436,1004.2067
1760985798456,1004.1997
1760985798476,1004.23505
1760985798495,1004.2539
1760985798516,1004.2628
1760985798536,1004.2617
1760985798555,1004.28406
1760985798576,1004.2527
1760985798596,1004.1788
1760985798616,1004.1238
1760985798637,1004.0961
1760985798656,1004.0769
1760985798675,1004.0636
1760985798696,1004.05707
1760985798716,1004.03735
1760985798735,1004.02844
1760985798755,1004.05817
1760985798776,1004.04065
1760985798796,1004.0275
1760985798815,1004.0003
1760985798835,1003.9947
1760985798855,1004.0202
1760985798875,1004.02893
1760985798896,1004.04675
1760985798916,1004.05316
1760985798936,1004.0538
1760985798956,1004.04706
1760985798975,1004.03534
1760985798995,1004.0794
1760985799015,1004.09155
1760985799036,1004.0864
1760985799055,1004.08344
1760985799076,1004.0791
1760985799097,1004.0763
1760985799117,1004.08875
1760985799136,1004.05676
1760985799156,1004.0639
1760985799175,1004.0603
1760985799196,1004.0491
1760985799216,1004.0657
1760985799235,1004.0828
1760985799255,1004.08344
1760985799276,1004.10736
1760985799295,1004.1169
1760985799315,1004.1138
1760985799335,1004.1333
1760985799355,1004.1347
1760985799375,1004.10376
1760985799396,1004.1335
1760985799417,1004.1163
1760985799436,1004.10846
1760985799455,1004.1269
1760985799475,1004.1478
1760985799495,1004.1352
1760985799516,1004.1352
1760985799535,1004.1247
1760985799555,1004.1816
1760985799576,1004.2536
1760985799597,1004.35114
1760985799617,1004.4255
1760985799635,1004.4402
1760985799656,1004.43317
1760985799676,1004.3724
1760985799695,1004.27734
1760985799716,1004.193
1760985799735,1004.1317
1760985799756,1004.0983
1760985799776,1004.0716
1760985799795,1004.04364
1760985799816,1004.01855
1760985799835,1003.9925
1760985799855,1003.9872
1760985799875,1003.9641
1760985799896,1003.9416
1760985799916,1003.97046
1760985799937,1003.98737
1760985799956,1003.9969
1760985799975,1004.0138
1760985799995,1004.08954
1760985800015,1004.0736
1760985800035,1004.04767
1760985800056,1004.0333
1760985800076,1004.0585
1760985800096,1004.0749
1760985800115,1004.09314
1760985800136,1004.0944
1760985800156,1004.0847
1760985800175,1004.09796
1760985800196,1004.0792
1760985800216,1004.0589
1760985800235,1004.0588
1760985800256,1004.07
1760985800275,1004.05676
1760985800295,1004.0711
1760985800315,1004.0536
1760985800335,1004.0491
1760985800355,1004.05066
1760985800376,1004.03265
1760985800396,1004.05817
1760985800416,1004.0813
1760985800436,1004.06
1760985800455,1004.05206
1760985800475,1004.05457
1760985800495,1004.0319
1760985800516,1004.0697
1760985800535,1004.0594
1760985800556,1004.05597
1760985800576,1004.08954
1760985800596,1004.09985
1760985800616,1004.1044
1760985800635,1004.1417
1760985800656,1004.133
1760985800676,1004.16785
1760985800696,1004.16907
1760985800716,1004.1569
1760985800736,1004.16895
1760985800757,1004.1755
1760985800776,1004.16895
1760985800795,1004.1983
1760985800815,1004.1964
1760985800835,1004.21375
1760985800855,1004.2197
1760985800876,1004.1547
1760985800896,1004.10986
1760985800916,1004.0886
1760985800936,1004.09796
1760985800955,1004.04364
1760985800975,1004.04004
1760985800995,1004.0069
1760985801015,1003.98114
1760985801036,1003.9542
1760985801056,1003.9396
1760985801077,1003.9419
1760985801096,1003.9541
1760985801115,1003.97675
1760985801135,1003.98645
1760985801156,1004.02
1760985801175,1004.04236
1760985801196,1004.071
1760985801216,1004.09564
1760985801237,1004.10486
1760985801255,1004.0683
1760985801275,1004.03094
1760985801296,1004.0211
1760985801315,1004.0089
1760985801335,1004.0064
1760985801355,1004.005
1760985801376,1004.03754
1760985801396,1004.0508
1760985801416,1004.05035
1760985801435,1004.0674
1760985801455,1004.0561
1760985801475,1004.0613
1760985801495,1004.0683
1760985801516,1004.0661
1760985801536,1004.0496
1760985801556,1004.10223
1760985801577,1004.09375
1760985801595,1004.1186
1760985801616,1004.1269
1760985801635,1004.1339
1760985801656,1004.1414
1760985801676,1004.1758
1760985801696,1004.1994
1760985801716,1004.22626
1760985801739,1004.2489
1760985801755,1004.2463
1760985801776,1004.23535
1760985801795,1004.21515
1760985801815,1004.21423
1760985801836,1004.16504
1760985801855,1004.1341
1760985801876,1004.09735
1760985801896,1004.0983
1760985801915,1004.03735
1760985801935,1004.0089
1760985801955,1003.9872
1760985801975,1003.9311
1760985801995,1003.945
1760985802015,1003.92395
1760985802035,1003.9492
1760985802056,1003.947
1760985802076,1003.9452
1760985802095,1003.92017
1760985802115,1003.9094
1760985802136,1003.9236
1760985802155,1003.9686
1760985802175,1003.99097
1760985802196,1003.9955
1760985802216,1003.9969
1760985802237,1004.0239
1760985802255,1004.0203
1760985802275,1004.012
1760985802295,1004.05927
1760985802315,1004.03424
1760985802335,1004.02234
1760985802356,1004.0094
1760985802376,1003.9974
1760985802396,1004.0105
1760985802415,1004.01733
1760985802435,1003.9933
1760985802455,1004.0039
1760985802475,1004.008
1760985802495,1003.99146
1760985802516,1004.0408
1760985802536,1004.08844
1760985802557,1004.11926
1760985802575,1004.12067
1760985802595,1004.11145
1760985802616,1004.11176
1760985802635,1004.10345
1760985802655,1004.125
1760985802676,1004.11096
1760985802696,1004.10114
1760985802716,1004.09924
1760985802737,1004.10095
1760985802756,1004.08234
1760985802775,1004.0491
1760985802795,1003.98987
1760985802815,1003.9567
1760985802836,1003.9332
1760985802856,1003.941
1760985802876,1003.97046
1760985802895,1003.98157
1760985802915,1003.9452
1760985802935,1003.9436
1760985802955,1003.91034
1760985802976,1003.89734
1760985802995,1003.90125
1760985803016,1003.91785
1760985803036,1003.9252
1760985803056,1003.92255
1760985803076,1003.9488
1760985803095,1003.9522
1760985803115,1003.98236
1760985803136,1003.99146
1760985803156,1003.99207
1760985803176,1003.9783
1760985803197,1003.9686
1760985803217,1003.9575
1760985803236,1003.9572
1760985803255,1003.9347
1760985803275,1003.9697
1760985803295,1003.9402
1760985803315,1003.97626
1760985803336,1003.9672
1760985803356,1003.9589
1760985803376,1003.9422
1760985803395,1003.9427
1760985803415,1003.948
1760985803435,1003.9833
1760985803455,1003.98114
1760985803475,1003.9628
1760985803496,1004.0002
1760985803516,1004.0133
1760985803536,1004.0691
1760985803555,1004.1008
1760985803575,1004.1199
1760985803597,1004.0847
1760985803616,1004.08234
1760985803635,1004.0738
1760985803656,1004.1321
1760985803676,1004.1438
1760985803696,1004.135
1760985803715,1004.1933
1760985803735,1004.17114
1760985803756,1004.15643
1760985803775,1004.1091
1760985803795,1004.0625
1760985803815,1004.006
1760985803836,1004.03
1760985803856,1004.0116
1760985803875,1003.98926
1760985803896,1003.9719
1760985803915,1003.9413
1760985803935,1003.9441
1760985803955,1003.936
1760985803975,1003.9491
1760985803996,1003.96094
1760985804016,1003.9456
1760985804036,1003.948
1760985804055,1003.9519
1760985804075,1003.92017
1760985804095,1003.8978
1760985804116,1003.9561
1760985804136,1003.95984
1760985804156,1003.9333
1760985804177,1003.9647
1760985804197,1003.98785
1760985804215,1004.02765
1760985804236,1004.0078
1760985804255,1004.0191
1760985804275,1004.0081
1760985804295,1003.97046
1760985804315,1003.97314
1760985804336,1003.9641
1760985804356,1003.91315
1760985804375,1003.91766
1760985804395,1003.92676
1760985804415,1003.9446
1760985804435,1003.90063
1760985804455,1003.9019
1760985804476,1003.92346
1760985804496,1003.9547
1760985804516,1003.98376
1760985804535,1003.998
1760985804555,1004.0011
1760985804575,1003.9911
1760985804595,1004.0063
1760985804615,1003.9933
1760985804636,1003.9999
1760985804656,1003.9711
1760985804676,1003.9603
1760985804695,1003.95703
1760985804716,1004.0053
1760985804735,1004.0071
1760985804756,1004.0228
1760985804775,1004.0266
1760985804795,1004.0089
1760985804816,1004.03613
1760985804836,1004.04297
1760985804856,1004.1168
1760985804875,1004.1228
1760985804895,1004.1288
1760985804915,1004.0722
1760985804935,1003.98395
1760985804955,1003.9377
1760985804976,1003.91364
1760985804996,1003.92377
1760985805016,1003.8895
1760985805035,1003.84094
1760985805055,1003.8305
1760985805075,1003.84485
1760985805096,1003.8358
1760985805116,1003.84784
1760985805136,1003.86676
1760985805156,1003.86127
1760985805177,1003.86127
1760985805195,1003.86176
1760985805215,1003.87177
1760985805235,1003.88
1760985805255,1003.91614
1760985805275,1003.96063
1760985805295,1003.97406
1760985805316,1003.9855
1760985805336,1003.9474
1760985805355,1003.91736
1760985805375,1003.8958
1760985805395,1003.9061
1760985805415,1003.8842
1760985805436,1003.89624
1760985805455,1003.9222
1760985805476,1003.91284
1760985805496,1003.9292
1760985805516,1003.90753
1760985805536,1003.8967
1760985805556,1003.9158
1760985805575,1003.9208
1760985805596,1003.92896
1760985805616,1003.9481
1760985805636,1003.9563
1760985805656,1003.96313
1760985805676,1003.9783
1760985805695,1003.97797
1760985805715,1003.9711
1760985805735,1004.012
1760985805756,1004.03723
1760985805775,1004.0319
1760985805796,1004.04755
1760985805816,1004.0752
1760985805836,1004.078
1760985805855,1004.1321
1760985805875,1004.1314
1760985805895,1004.1413
1760985805915,1004.10187
1760985805936,1004.04614
1760985805956,1003.98456
1760985805976,1003.95984
1760985805996,1003.936
1760985806016,1003.9464
1760985806035,1003.9386
1760985806055,1003.92017
1760985806075,1003.8964
1760985806096,1003.8909
1760985806116,1003.893
1760985806136,1003.8719
1760985806157,1003.85205
1760985806176,1003.84094
1760985806195,1003.8303
1760985806215,1003.84863
1760985806236,1003.85815
1760985806256,1003.8616
1760985806276,1003.8461
1760985806296,1003.8922
1760985806316,1003.8875
1760985806335,1003.8936
1760985806355,1003.905
1760985806375,1003.91907
1760985806395,1003.91034
1760985806415,1003.9325
1760985806436,1003.8964
1760985806456,1003.9158
1760985806476,1003.9197
1760985806495,1003.8983
1760985806516,1003.90314
1760985806536,1003.90485
1760985806555,1003.91364
1760985806575,1003.89484
1760985806596,1003.90314
1760985806616,1003.90454
1760985806636,1003.91675
1760985806657,1003.9366
1760985806676,1003.9364
1760985806695,1003.9442
1760985806716,1003.96204
1760985806735,1003.97894
1760985806757,1003.98206
1760985806775,1003.99316
1760985806796,1004.03516
1760985806816,1004.03644
1760985806835,1004.0753
1760985806855,1004.0933
1760985806875,1004.10345
1760985806895,1004.0891
1760985806916,1004.0674
1760985806936,1003.98926
1760985806956,1003.881
1760985806976,1003.8644
1760985806995,1003.83875
1760985807015,1003.83875
1760985807035,1003.84875
1760985807055,1003.8303
1760985807075,1003.8383
1760985807095,1003.85004
1760985807116,1003.86206
1760985807137,1003.8269
1760985807155,1003.8291
1760985807176,1003.813
1760985807196,1003.8278
1760985807216,1003.84814
1760985807236,1003.8297
1760985807257,1003.8313
1760985807276,1003.8302
1760985807296,1003.8233
1760985807315,1003.85065
1760985807335,1003.85645
1760985807355,1003.84937
1760985807375,1003.85675
1760985807395,1003.8378
1760985807415,1003.85547
1760985807436,1003.8767
1760985807457,1003.84125
1760985807476,1003.8819
1760985807496,1003.90375
1760985807516,1003.90125
1760985807536,1003.8856
1760985807555,1003.91223
1760985807576,1003.92126
1760985807596,1003.9183
1760985807616,1003.8931
1760985807636,1003.8855
1760985807656,1003.8608
1760985807676,1003.8436
1760985807695,1003.8533
1760985807716,1003.8755
1760985807736,1003.9014
1760985807756,1003.92487
1760985807776,1003.92175
1760985807796,1003.93677
1760985807815,1003.9542
1760985807835,1003.9919
1760985807855,1003.97815
1760985807875,1003.98376
1760985807895,1003.98816
1760985807916,1003.99066
1760985807936,1004.0261
1760985807956,1004.077
1760985807975,1004.0585
1760985807995,1004.0778
1760985808015,1004.0889
1760985808035,1004.0789
1760985808055,1004.1291
1760985808075,1004.0816
1760985808096,1004.0674
1760985808116,1004.0081
1760985808136,1003.9988
1760985808156,1003.97656
1760985808175,1003.98505
1760985808195,1003.9711
1760985808216,1003.91125
1760985808236,1003.91534
1760985808256,1003.905
1760985808276,1003.8828
1760985808295,1003.8305
1760985808316,1003.8013
1760985808335,1003.7944
1760985808355,1003.8066
1760985808375,1003.805
1760985808396,1003.8181
1760985808416,1003.8361
1760985808436,1003.86206
1760985808456,1003.87
1760985808476,1003.8797
1760985808495,1003.85406
1760985808515,1003.91473
1760985808535,1003.90765
1760985808555,1003.92065
1760985808576,1003.91486
1760985808596,1003.91364
1760985808616,1003.9233
1760985808635,1003.8855
1760985808655,1003.8705
1760985808675,1003.85706
1760985808696,1003.8627
1760985808715,1003.8888
1760985808736,1003.84875
1760985808756,1003.85547
1760985808776,1003.85095
1760985808795,1003.86035
1760985808815,1003.8622
1760985808835,1003.8788
1760985808855,1003.9219
1760985808875,1003.9545
1760985808895,1004.0066
1760985808916,1003.9966
1760985808936,1004.02234
1760985808955,1004.04266
1760985808975,1004.09033
1760985808995,1004.18066
1760985809015,1004.2755
1760985809035,1004.33624
1760985809055,1004.27844
1760985809076,1004.1297
1760985809096,1004.03973
