1760986403327,1003.10065
1760986403347,1002.9661
1760986403367,1003.0872
1760986403387,1003.24347
1760986403408,1003.34753
1760986403428,1003.30457
1760986403448,1003.1855
1760986403468,1003.1239
1760986403487,1003.1477
1760986403508,1003.18677
1760986403527,1003.22614
1760986403547,1003.35114
1760986403567,1003.458
1760986403587,1003.4969
1760986403608,1003.523
1760986403628,1003.53815
1760986403647,1003.5156
1760986403668,1003.53406
1760986403687,1003.48425
1760986403707,1003.4369
1760986403727,1003.3799
1760986403747,1003.3397
1760986403768,1003.3708
1760986403788,1003.36316
1760986403807,1003.3194
1760986403827,1003.2645
1760986403847,1003.2028
1760986403867,1003.1403
1760986403887,1003.1247
1760986403907,1003.135
1760986403927,1003.0143
1760986403948,1002.8719
1760986403967,1002.78687
1760986403987,1002.7595
1760986404008,1002.7769
1760986404027,1002.78986
1760986404047,1002.8252
1760986404068,1002.85754
1760986404088,1002.8774
1760986404109,1002.92267
1760986404129,1002.91644
1760986404148,1002.90283
1760986404168,1002.8049
1760986404187,1002.7708
1760986404208,1002.7422
1760986404227,1002.7125
1760986404248,1002.71875
1760986404268,1002.7383
1760986404289,1002.7836
1760986404307,1002.8175
1760986404329,1002.85156
1760986404347,1002.8881
1760986404367,1002.86066
1760986404387,1002.84656
1760986404407,1002.8146
1760986404428,1002.77875
1760986404448,1002.761
1760986404467,1002.7488
1760986404487,1002.74066
1760986404507,1002.7513
1760986404527,1002.80676
1760986404547,1002.8097
1760986404568,1002.79626
1760986404588,1002.8072
1760986404608,1002.77203
1760986404627,1002.765
1760986404647,1002.7722
1760986404667,1002.78735
1760986404688,1002.78546
1760986404708,1002.81
1760986404728,1002.813
1760986404748,1002.8238
1760986404769,1002.8284
1760986404789,1002.8244
1760986404807,1002.8206
1760986404827,1002.8063
1760986404847,1002.8186
1760986404867,1002.8044
1760986404887,1002.80707
1760986404908,1002.8247
1760986404929,1002.83673
1760986404948,1002.84064
1760986404969,1002.85626
1760986404988,1002.85266
1760986405007,1002.87177
1760986405028,1002.86005
1760986405048,1002.84906
1760986405068,1002.87067
1760986405088,1002.8797
1760986405108,1002.8714
1760986405127,1002.8844
1760986405149,1002.91156
1760986405168,1002.90985
1760986405187,1002.91986
1760986405208,1002.9022
1760986405228,1002.91345
1760986405247,1002.91724
1760986405268,1002.8852
1760986405287,1002.8936
1760986405307,1002.90894
1760986405327,1002.89844
1760986405347,1002.8753
1760986405367,1002.8788
1760986405387,1002.863
1760986405407,1002.85785
1760986405429,1002.8858
1760986405447,1002.9047
1760986405467,1002.92346
1760986405487,1002.9291
1760986405507,1002.933
1760986405527,1002.96063
1760986405547,1002.99426
1760986405567,1002.98505
1760986405588,1002.9888
1760986405608,1003.0117
1760986405627,1003.0021
1760986405647,1002.98956
1760986405667,1002.97125
1760986405687,1003.0116
1760986405707,1003.03516
1760986405727,1003.0347
1760986405748,1003.04004
1760986405768,1003.0286
1760986405787,1003.04254
1760986405807,1003.018
1760986405827,1003.02
1760986405847,1003.0108
1760986405867,1003.0108
1760986405888,1003.0166
1760986405908,1002.9963
1760986405928,1002.9989
1760986405947,1003.0153
1760986405967,1003.05145
1760986405987,1003.0624
1760986406008,1003.0472
1760986406027,1003.0805
1760986406048,1003.058
1760986406068,1003.0491
1760986406089,1003.0755
1760986406107,1003.0842
1760986406128,1003.1091
1760986406147,1003.09863
1760986406168,1003.0806
1760986406187,1003.10535
1760986406207,1003.11426
1760986406227,1003.1464
1760986406248,1003.1221
1760986406267,1003.10034
1760986406288,1003.08594
1760986406308,1003.1127
1760986406328,1003.1161
1760986406347,1003.1277
1760986406367,1003.10376
1760986406387,1003.1363
1760986406408,1003.1452
1760986406429,1003.1586
1760986406447,1003.1428
1760986406467,1003.1363
1760986406487,1003.1438
1760986406508,1003.16797
1760986406527,1003.1799
1760986406548,1003.16986
1760986406567,1003.1846
1760986406588,1003.1847
1760986406607,1003.21783
1760986406627,1003.21655
1760986406647,1003.1977
1760986406667,1003.1966
1760986406688,1003.22906
1760986406708,1003.20026
1760986406728,1003.17065
1760986406749,1003.1864
1760986406768,1003.2019
1760986406787,1003.22284
1760986406807,1003.2175
1760986406828,1003.24097
1760986406847,1003.21
1760986406867,1003.20984
1760986406887,1003.1905
1760986406907,1003.188
1760986406927,1003.1869
1760986406947,1003.1967
1760986406968,1003.19
1760986406987,1003.1891
1760986407007,1003.21594
1760986407028,1003.2194
1760986407047,1003.21875
1760986407068,1003.21594
1760986407088,1003.1811
1760986407107,1003.1999
1760986407128,1003.2041
1760986407147,1003.1991
1760986407167,1003.213
1760986407187,1003.22675
1760986407208,1003.23126
1760986407234,1003.24176
1760986407248,1003.2333
1760986407267,1003.2672
1760986407287,1003.2519
1760986407307,1003.22095
1760986407327,1003.2627
1760986407347,1003.24097
1760986407367,1003.27515
1760986407388,1003.2517
1760986407409,1003.2485
1760986407427,1003.2436
1760986407448,1003.2455
1760986407467,1003.23926
1760986407487,1003.2542
1760986407507,1003.2477
1760986407527,1003.2567
1760986407548,1003.2505
1760986407568,1003.2574
1760986407587,1003.2608
1760986407608,1003.2517
1760986407627,1003.2449
1760986407647,1003.2664
1760986407667,1003.2694
1760986407687,1003.2507
1760986407708,1003.2496
1760986407728,1003.2564
1760986407747,1003.28296
1760986407767,1003.28265
1760986407787,1003.28424
1760986407807,1003.28876
1760986407827,1003.2705
1760986407847,1003.27765
1760986407868,1003.2627
1760986407888,1003.27454
1760986407908,1003.2672
1760986407927,1003.2656
1760986407947,1003.2761
1760986407967,1003.28516
1760986407988,1003.2733
1760986408008,1003.2783
1760986408028,1003.28546
1760986408048,1003.29407
1760986408069,1003.305
1760986408087,1003.28235
1760986408107,1003.3008
1760986408127,1003.28455
1760986408147,1003.29596
1760986408169,1003.28723
1760986408188,1003.27844
1760986408209,1003.30005
1760986408229,1003.28204
1760986408247,1003.29175
1760986408267,1003.28564
1760986408288,1003.28845
1760986408308,1003.2833
1760986408328,1003.28424
1760986408347,1003.28503
1760986408367,1003.2764
1760986408388,1003.28973
1760986408407,1003.2747
1760986408427,1003.2633
1760986408447,1003.268
1760986408467,1003.2666
1760986408487,1003.2564
1760986408507,1003.2458
1760986408527,1003.2439
1760986408548,1003.28784
1760986408567,1003.2658
1760986408588,1003.2619
1760986408608,1003.2597
1760986408627,1003.2558
1760986408647,1003.2491
1760986408668,1003.2686
1760986408688,1003.2613
1760986408708,1003.2411
1760986408729,1003.2544
1760986408747,1003.2516
1760986408767,1003.2717
1760986408787,1003.2438
1760986408807,1003.2553
1760986408828,1003.23065
1760986408847,1003.2422
1760986408867,1003.2603
1760986408888,1003.24347
1760986408907,1003.22974
1760986408927,1003.21674
1760986408947,1003.2063
1760986408967,1003.1992
1760986408988,1003.1883
1760986409008,1003.1905
1760986409028,1003.1907
1760986409048,1003.1544
1760986409068,1003.15814
1760986409088,1003.16144
1760986409108,1003.1814
1760986409128,1003.1586
1760986409147,1003.1658
1760986409168,1003.1938
1760986409187,1003.16504
1760986409208,1003.1783
1760986409228,1003.1871
1760986409253,1003.17596
1760986409267,1003.1838
1760986409287,1003.1964
1760986409307,1003.1986
1760986409327,1003.1953
1760986409347,1003.202
1760986409367,1003.21704
1760986409388,1003.1942
1760986409407,1003.23254
1760986409427,1003.21313
1760986409448,1003.1964
1760986409467,1003.2344
1760986409487,1003.23285
1760986409507,1003.24817
1760986409528,1003.23004
1760986409548,1003.2539
1760986409567,1003.23016
1760986409587,1003.2564
1760986409608,1003.2528
1760986409627,1003.2505
1760986409648,1003.2439
1760986409667,1003.2427
1760986409687,1003.2425
1760986409708,1003.2761
1760986409727,1003.29114
1760986409747,1003.27094
1760986409767,1003.2627
1760986409787,1003.2658
1760986409807,1003.2755
1760986409827,1003.27765
1760986409847,1003.2586
1760986409868,1003.2581
1760986409887,1003.2574
1760986409907,1003.23456
1760986409927,1003.23096
1760986409947,1003.2535
1760986409967,1003.2616
1760986409988,1003.2547
1760986410007,1003.2639
1760986410028,1003.2464
1760986410047,1003.2733
1760986410067,1003.2747
1760986410087,1003.2739
1760986410107,1003.2619
1760986410127,1003.2639
1760986410148,1003.2717
1760986410168,1003.2622
1760986410189,1003.2639
1760986410209,1003.27
1760986410229,1003.2708
1760986410248,1003.2717
1760986410268,1003.29144
1760986410287,1003.28644
1760986410308,1003.2955
1760986410328,1003.28564
1760986410347,1003.2625
1760986410368,1003.25
1760986410387,1003.2525
1760986410407,1003.29095
1760986410427,1003.2969
1760986410447,1003.29706
1760986410467,1003.2794
1760986410488,1003.2844
1760986410508,1003.3103
1760986410528,1003.29767
1760986410548,1003.31177
1760986410567,1003.29144
1760986410587,1003.3288
1760986410608,1003.3132
1760986410627,1003.3099
1760986410647,1003.30817
1760986410667,1003.3227
1760986410688,1003.35175
1760986410707,1003.35034
1760986410728,1003.34314
1760986410748,1003.29236
1760986410768,1003.2822
1760986410788,1003.2622
1760986410807,1003.2591
1760986410829,1003.2642
1760986410848,1003.2533
1760986410868,1003.28534
1760986410887,1003.28876
1760986410907,1003.30206
1760986410927,1003.29224
1760986410947,1003.316
1760986410968,1003.29736
1760986410987,1003.29755
1760986411008,1003.27905
1760986411029,1003.27234
1760986411048,1003.2664
1760986411067,1003.2585
1760986411087,1003.2667
1760986411108,1003.28394
1760986411128,1003.30206
1760986411148,1003.3019
1760986411168,1003.31067
1760986411189,1003.28235
1760986411207,1003.2947
1760986411228,1003.2758
1760986411247,1003.278
1760986411267,1003.3164
1760986411287,1003.33
1760986411307,1003.3089
1760986411327,1003.28973
1760986411347,1003.2577
1760986411367,1003.27905
1760986411387,1003.248
1760986411407,1003.265
1760986411427,1003.3099
1760986411447,1003.36426
1760986411468,1003.3741
1760986411487,1003.36676
1760986411508,1003.3288
1760986411527,1003.3394
1760986411547,1003.3138
1760986411567,1003.2705
1760986411588,1003.30096
1760986411608,1003.2991
1760986411627,1003.29895
1760986411647,1003.3099
1760986411667,1003.2681
1760986411688,1003.27124
1760986411707,1003.28796
1760986411727,1003.29456
1760986411747,1003.30206
1760986411767,1003.3094
1760986411787,1003.2947
1760986411807,1003.265
1760986411828,1003.28253
1760986411849,1003.3105
1760986411867,1003.33954
1760986411887,1003.322
1760986411907,1003.3303
1760986411927,1003.3266
1760986411948,1003.28253
1760986411967,1003.2794
1760986411988,1003.27893
1760986412008,1003.2656
1760986412027,1003.2736
1760986412047,1003.2564
1760986412068,1003.2606
1760986412088,1003.27094
1760986412108,1003.2739
1760986412127,1003.3139
1760986412148,1003.34973
1760986412168,1003.35876
1760986412189,1003.3797
1760986412209,1003.4008
1760986412227,1003.3989
1760986412248,1003.393
1760986412268,1003.34375
1760986412288,1003.3281
1760986412308,1003.3092
1760986412328,1003.27374
1760986412348,1003.2494
1760986412367,1003.23645
1760986412387,1003.23346
1760986412407,1003.23035
1760986412427,1003.2455
1760986412447,1003.27094
1760986412467,1003.29504
1760986412488,1003.3208
1760986412508,1003.29614
1760986412527,1003.29114
1760986412547,1003.30786
1760986412567,1003.3055
1760986412587,1003.3128
1760986412607,1003.3269
1760986412628,1003.3136
1760986412648,1003.3233
1760986412669,1003.2997
1760986412687,1003.28253
1760986412708,1003.3063
1760986412728,1003.3244
1760986412747,1003.3103
1760986412767,1003.3074
1760986412788,1003.30347
1760986412808,1003.2858
1760986412828,1003.2836
1760986412848,1003.28973
1760986412867,1003.2994
1760986412887,1003.28064
1760986412907,1003.2733
1760986412927,1003.24347
1760986412948,1003.2739
1760986412968,1003.3278
1760986412988,1003.3266
1760986413007,1003.36017
1760986413028,1003.35016
1760986413048,1003.3352
1760986413067,1003.34937
1760986413088,1003.36926
1760986413107,1003.34204
1760986413128,1003.32
1760986413149,1003.3085
1760986413169,1003.3072
1760986413187,1003.30035
1760986413207,1003.3147
1760986413228,1003.28516
1760986413248,1003.3085
1760986413268,1003.33344
1760986413288,1003.33234
1760986413308,1003.34656
1760986413329,1003.33203
1760986413348,1003.3041
1760986413367,1003.28516
1760986413387,1003.2661
1760986413407,1003.28253
1760986413427,1003.2675
1760986413448,1003.29877
1760986413468,1003.29236
1760986413488,1003.29877
1760986413508,1003.29004
1760986413527,1003.2997
1760986413547,1003.3055
1760986413568,1003.3025
1760986413587,1003.29987
1760986413607,1003.3378
1760986413628,1003.3863
1760986413648,1003.3969
1760986413667,1003.313
1760986413687,1003.2642
1760986413708,1003.2083
1760986413728,1003.2122
1760986413748,1003.29095
1760986413768,1003.3188
1760986413788,1003.33844
1760986413809,1003.3008
1760986413827,1003.2741
1760986413848,1003.28394
1760986413867,1003.2628
1760986413887,1003.2558
1760986413907,1003.2427
1760986413927,1003.23706
1760986413948,1003.2603
1760986413968,1003.2639
1760986413989,1003.2758
1760986414007,1003.31
1760986414027,1003.3397
1760986414049,1003.31036
1760986414068,1003.328
1760986414088,1003.35266
1760986414108,1003.3369
1760986414128,1003.28564
1760986414148,1003.2716
1760986414168,1003.2775
1760986414188,1003.28156
1760986414207,1003.2733
1760986414228,1003.2634
1760986414247,1003.2819
1760986414268,1003.2622
1760986414288,1003.27594
1760986414309,1003.3167
1760986414327,1003.30817
1760986414348,1003.2958
1760986414369,1003.2655
1760986414387,1003.2535
1760986414407,1003.28015
1760986414427,1003.2449
1760986414447,1003.27124
1760986414468,1003.30505
1760986414487,1003.3252
1760986414507,1003.3252
1760986414527,1003.3227
1760986414547,1003.3183
1760986414567,1003.29517
1760986414587,1003.2986
1760986414607,1003.3164
1760986414628,1003.2969
1760986414648,1003.3069
1760986414667,1003.3188
1760986414687,1003.3274
1760986414707,1003.3185
1760986414727,1003.33093
1760986414748,1003.3394
1760986414768,1003.3136
1760986414789,1003.29114
1760986414808,1003.30066
1760986414827,1003.3169
1760986414848,1003.28937
1760986414869,1003.275
1760986414887,1003.28937
1760986414907,1003.2833
1760986414927,1003.29456
1760986414948,1003.2797
1760986414968,1003.29126
1760986414987,1003.28265
1760986415007,1003.28864
1760986415027,1003.27423
1760986415047,1003.28125
1760986415067,1003.2844
1760986415088,1003.2819
1760986415107,1003.29236
1760986415128,1003.27423
1760986415147,1003.3055
1760986415167,1003.28094
1760986415187,1003.30566
1760986415208,1003.30176
1760986415228,1003.29816
1760986415247,1003.2625
1760986415268,1003.3352
1760986415288,1003.33954
1760986415307,1003.30597
1760986415327,1003.2994
1760986415348,1003.2688
1760986415367,1003.3025
1760986415387,1003.3146
1760986415407,1003.3074
1760986415427,1003.31067
1760986415448,1003.29205
1760986415468,1003.29645
1760986415487,1003.3171
1760986415507,1003.2772
1760986415527,1003.30035
1760986415547,1003.28973
1760986415567,1003.2775
1760986415588,1003.2736
1760986415608,1003.27844
1760986415628,1003.29126
1760986415647,1003.28156
1760986415667,1003.3036
1760986415688,1003.29926
1760986415707,1003.29407
1760986415727,1003.28723
1760986415748,1003.3063
1760986415769,1003.2858
1760986415789,1003.28033
1760986415807,1003.3063
1760986415828,1003.29156
1760986415848,1003.28625
1760986415867,1003.29877
1760986415887,1003.27344
1760986415907,1003.3044
1760986415928,1003.2764
1760986415948,1003.28253
1760986415967,1003.2783
1760986415988,1003.29675
1760986416008,1003.2983
1760986416028,1003.3097
1760986416048,1003.29034
1760986416068,1003.28235
1760986416088,1003.27234
1760986416108,1003.28156
1760986416127,1003.28424
1760986416147,1003.2958
1760986416168,1003.3191
1760986416187,1003.3063
1760986416208,1003.2756
1760986416227,1003.3108
1760986416248,1003.3146
1760986416268,1003.321
1760986416288,1003.3202
1760986416308,1003.3194
1760986416328,1003.3142
1760986416348,1003.3002
1760986416367,1003.3291
1760986416387,1003.3055
1760986416407,1003.3203
1760986416428,1003.29297
1760986416448,1003.2753
1760986416468,1003.28375
1760986416487,1003.29816
1760986416508,1003.2844
1760986416527,1003.2758
1760986416548,1003.27875
1760986416568,1003.2933
1760986416588,1003.29156
1760986416608,1003.2858
1760986416627,1003.3166
1760986416647,1003.28973
1760986416667,1003.32983
1760986416687,1003.33594
1760986416707,1003.3206
1760986416727,1003.3214
1760986416747,1003.30566
1760986416769,1003.33844
1760986416789,1003.34906
1760986416808,1003.33484
1760986416828,1003.3019
1760986416847,1003.3328
1760986416867,1003.36206
1760986416887,1003.3633
1760986416908,1003.3636
1760986416928,1003.3558
1760986416948,1003.3197
1760986416967,1003.28754
1760986416987,1003.2664
1760986417007,1003.29175
1760986417027,1003.3132
1760986417047,1003.29346
1760986417068,1003.29877
1760986417088,1003.2691
1760986417108,1003.29517
1760986417127,1003.29224
1760986417147,1003.27875
1760986417169,1003.28156
1760986417187,1003.2697
1760986417208,1003.23285
1760986417228,1003.265
1760986417248,1003.29846
1760986417269,1003.24567
1760986417289,1003.2694
1760986417307,1003.29205
1760986417328,1003.2697
1760986417348,1003.2933
1760986417367,1003.3185
1760986417387,1003.35516
1760986417408,1003.34814
1760986417428,1003.3281
1760986417447,1003.3336
1760986417467,1003.34973
1760986417487,1003.3782
1760986417508,1003.3838
1760986417527,1003.33875
1760986417547,1003.36957
1760986417568,1003.3406
1760986417589,1003.32
1760986417607,1003.3041
1760986417627,1003.28723
1760986417647,1003.3194
1760986417667,1003.36816
1760986417687,1003.313
1760986417707,1003.3097
1760986417727,1003.28345
1760986417747,1003.29004
1760986417768,1003.23004
1760986417787,1003.23456
1760986417807,1003.22925
1760986417828,1003.22064
1760986417847,1003.2183
1760986417869,1003.22015
1760986417887,1003.23706
1760986417908,1003.267
1760986417928,1003.28564
1760986417947,1003.3041
1760986417967,1003.316
1760986417987,1003.3405
1760986418007,1003.3408
1760986418028,1003.28485
1760986418048,1003.2703
1760986418068,1003.273
1760986418088,1003.328
1760986418107,1003.34393
1760986418127,1003.34143
1760986418147,1003.3181
1760986418167,1003.30237
1760986418187,1003.28
1760986418207,1003.28815
1760986418228,1003.2697
1760986418249,1003.24536
1760986418267,1003.2591
1760986418287,1003.2603
1760986418307,1003.28784
1760986418327,1003.29767
1760986418347,1003.35956
1760986418368,1003.34656
1760986418387,1003.3135
1760986418408,1003.3211
1760986418427,1003.33624
1760986418447,1003.28094
1760986418467,1003.28815
1760986418488,1003.2728
1760986418507,1003.29736
1760986418528,1003.2983
1760986418548,1003.29956
1760986418568,1003.31213
1760986418588,1003.3197
1760986418608,1003.3341
1760986418628,1003.30005
1760986418648,1003.2947
1760986418668,1003.29266
1760986418688,1003.3139
1760986418708,1003.2994
1760986418728,1003.3114
1760986418749,1003.28906
1760986418767,1003.30176
1760986418788,1003.29736
1760986418807,1003.2947
1760986418828,1003.29297
1760986418847,1003.28094
1760986418868,1003.2994
1760986418887,1003.2711
1760986418908,1003.28784
1760986418927,1003.27905
1760986418947,1003.28094
1760986418967,1003.28485
1760986418987,1003.29425
1760986419007,1003.29175
1760986419028,1003.2739
1760986419048,1003.2647
1760986419068,1003.24176
1760986419087,1003.2619
1760986419107,1003.27704
1760986419127,1003.3088
1760986419147,1003.29877
1760986419167,1003.3122
1760986419187,1003.27454
1760986419207,1003.3008
1760986419228,1003.3244
1760986419248,1003.30817
1760986419267,1003.28143
1760986419287,1003.29645
1760986419309,1003.29047
1760986419327,1003.27374
1760986419348,1003.2631
1760986419367,1003.29266
1760986419387,1003.27423
1760986419408,1003.27893
1760986419427,1003.2819
1760986419447,1003.28876
1760986419467,1003.28723
1760986419487,1003.2772
1760986419508,1003.29626
1760986419528,1003.2933
1760986419547,1003.3058
1760986419568,1003.3136
1760986419587,1003.3088
1760986419607,1003.2972
1760986419627,1003.29175
1760986419647,1003.29987
1760986419668,1003.30145
1760986419687,1003.29205
1760986419707,1003.29877
1760986419728,1003.3027
1760986419748,1003.29376
1760986419768,1003.30396
1760986419787,1003.29224
1760986419807,1003.2739
1760986419827,1003.29395
1760986419847,1003.28735
1760986419868,1003.3074
1760986419888,1003.3052
1760986419907,1003.28143
1760986419927,1003.29364
1760986419947,1003.30035
1760986419968,1003.303
1760986419987,1003.3064
1760986420008,1003.28265
1760986420028,1003.30206
1760986420047,1003.29047
1760986420068,1003.2739
1760986420087,1003.2733
1760986420107,1003.29816
1760986420127,1003.3121
1760986420147,1003.2836
1760986420168,1003.2547
1760986420188,1003.2669
1760986420208,1003.3047
1760986420228,1003.2997
1760986420247,1003.27905
1760986420267,1003.3158
1760986420287,1003.313
1760986420307,1003.30176
1760986420328,1003.2697
1760986420348,1003.29626
1760986420368,1003.28674
1760986420388,1003.2581
1760986420408,1003.28973
1760986420428,1003.2994
1760986420447,1003.30035
1760986420468,1003.3027
1760986420487,1003.3063
1760986420508,1003.3125
1760986420528,1003.31
1760986420549,1003.2933
1760986420567,1003.2858
1760986420588,1003.3135
1760986420608,1003.3116
1760986420628,1003.3111
1760986420649,1003.3214
1760986420668,1003.3292
1760986420688,1003.3142
1760986420708,1003.3219
1760986420727,1003.3249
1760986420748,1003.33203
1760986420768,1003.29456
1760986420787,1003.30237
1760986420808,1003.29004
1760986420828,1003.303
1760986420848,1003.28424
1760986420870,1003.28845
1760986420888,1003.27124
1760986420907,1003.29755
1760986420927,1003.2808
1760986420947,1003.3008
1760986420967,1003.29785
1760986420988,1003.2997
1760986421007,1003.31
1760986421028,1003.3149
1760986421048,1003.3058
1760986421068,1003.28656
1760986421087,1003.3136
1760986421107,1003.28424
1760986421127,1003.30347
1760986421148,1003.2585
1760986421168,1003.28033
1760986421187,1003.2419
1760986421208,1003.2833
1760986421227,1003.2733
1760986421249,1003.2449
1760986421267,1003.23047
1760986421288,1003.2514
1760986421308,1003.23254
1760986421328,1003.2394
1760986421348,1003.2383
1760986421368,1003.22345
1760986421387,1003.2077
1760986421407,1003.2141
1760986421427,1003.1919
1760986421447,1003.22754
1760986421467,1003.2158
1760986421488,1003.1974
1760986421508,1003.23004
1760986421528,1003.22595
1760986421548,1003.2197
1760986421568,1003.22034
1760986421587,1003.23285
1760986421607,1003.263
1760986421628,1003.2663
1760986421648,1003.2464
1760986421668,1003.2741
1760986421688,1003.2597
1760986421709,1003.261
1760986421729,1003.27454
1760986421748,1003.2658
1760986421768,1003.28394
1760986421788,1003.2522
1760986421807,1003.2642
1760986421828,1003.2502
1760986421848,1003.2542
1760986421868,1003.2561
1760986421887,1003.2469
1760986421907,1003.2542
1760986421927,1003.2558
1760986421947,1003.2471
1760986421968,1003.28656
1760986421987,1003.2536
1760986422008,1003.24097
1760986422028,1003.24347
1760986422048,1003.22876
1760986422067,1003.2524
1760986422087,1003.24316
1760986422107,1003.2455
1760986422127,1003.2369
1760986422148,1003.2722
1760986422168,1003.2703
1760986422188,1003.23364
1760986422207,1003.2491
1760986422227,1003.2397
1760986422248,1003.2397
1760986422267,1003.24536
1760986422287,1003.2452
1760986422307,1003.2408
1760986422328,1003.28156
1760986422348,1003.2691
1760986422368,1003.2656
1760986422387,1003.29114
1760986422407,1003.29767
1760986422427,1003.2588
1760986422448,1003.2605
1760986422468,1003.2595
1760986422487,1003.267
1760986422508,1003.2667
1760986422528,1003.2625
1760986422548,1003.2664
1760986422567,1003.23346
1760986422588,1003.2686
1760986422607,1003.28265
1760986422628,1003.2425
1760986422647,1003.2469
1760986422669,1003.2691
1760986422688,1003.24066
1760986422707,1003.2714
1760986422727,1003.27985
1760986422748,1003.2616
1760986422768,1003.28253
1760986422788,1003.2566
1760986422808,1003.2438
1760986422829,1003.27783
1760986422849,1003.2727
1760986422869,1003.2794
1760986422887,1003.2513
1760986422907,1003.2697
1760986422927,1003.27234
1760986422947,1003.2722
1760986422967,1003.28455
1760986422987,1003.2733
1760986423008,1003.2666
1760986423027,1003.2564
1760986423047,1003.2536
1760986423067,1003.2644
1760986423087,1003.262
1760986423107,1003.2499
1760986423127,1003.2463
1760986423148,1003.2706
1760986423168,1003.24176
1760986423188,1003.21375
1760986423207,1003.1847
1760986423228,1003.17377
1760986423248,1003.16534
1760986423268,1003.1296
1760986423288,1003.1283
1760986423308,1003.1246
1760986423329,1003.1427
1760986423348,1003.17786
1760986423367,1003.1967
1760986423387,1003.21704
1760986423407,1003.23517
1760986423427,1003.2505
1760986423447,1003.2585
1760986423468,1003.2502
1760986423489,1003.30457
1760986423508,1003.3038
1760986423527,1003.2933
1760986423547,1003.267
1760986423568,1003.23517
1760986423587,1003.2024
1760986423608,1003.2183
1760986423628,1003.2128
1760986423648,1003.2058
1760986423669,1003.1786
1760986423688,1003.1944
1760986423707,1003.178
1760986423728,1003.1994
1760986423748,1003.21765
1760986423768,1003.1894
1760986423788,1003.2044
1760986423808,1003.1853
1760986423828,1003.2011
1760986423849,1003.22345
1760986423867,1003.1869
1760986423887,1003.17126
1760986423907,1003.1658
1760986423927,1003.1708
1760986423947,1003.2358
1760986423967,1003.3333
1760986423988,1003.3255
1760986424008,1003.33563
1760986424027,1003.30457
1760986424048,1003.3088
1760986424068,1003.3157
1760986424087,1003.2983
1760986424107,1003.2844
1760986424127,1003.2755
1760986424148,1003.2761
1760986424168,1003.23645
1760986424188,1003.2661
1760986424207,1003.30237
1760986424227,1003.3216
1760986424247,1003.29895
1760986424269,1003.3175
1760986424288,1003.29425
1760986424309,1003.2759
1760986424329,1003.2808
1760986424347,1003.2524
1760986424367,1003.2675
1760986424387,1003.23016
1760986424407,1003.24347
1760986424427,1003.2739
1760986424447,1003.28546
1760986424468,1003.3227
1760986424489,1003.41766
1760986424508,1003.48535
1760986424527,1003.4822
1760986424547,1003.36566
1760986424568,1003.375
1760986424588,1003.4722
1760986424608,1003.5014
1760986424628,1003.4244
1760986424648,1003.3202
1760986424669,1003.2503
1760986424688,1003.28296
1760986424707,1003.2516
1760986424727,1003.2452
1760986424747,1003.21814
1760986424768,1003.2111
1760986424788,1003.2589
1760986424808,1003.3169
1760986424828,1003.3764
1760986424847,1003.41766
1760986424867,1003.4386
1760986424887,1003.4097
1760986424907,1003.40625
1760986424927,1003.41864
1760986424947,1003.3757
1760986424967,1003.34485
1760986424988,1003.323
1760986425007,1003.34564
1760986425027,1003.3049
1760986425047,1003.3214
1760986425068,1003.3155
1760986425087,1003.3483
1760986425108,1003.3472
1760986425128,1003.35126
1760986425149,1003.3724
1760986425167,1003.395
1760986425187,1003.4594
1760986425207,1003.5011
1760986425228,1003.52924
1760986425247,1003.5264
1760986425267,1003.5649
1760986425288,1003.5657
1760986425309,1003.55695
1760986425329,1003.583
1760986425348,1003.5692
1760986425368,1003.5632
1760986425387,1003.5619
1760986425407,1003.53015
1760986425427,1003.53546
1760986425448,1003.54016
1760986425468,1003.5491
1760986425489,1003.5191
1760986425508,1003.5344
1760986425527,1003.5533
1760986425548,1003.5667
1760986425568,1003.5641
1760986425587,1003.60474
1760986425607,1003.578
1760986425628,1003.6274
1760986425649,1003.6308
1760986425668,1003.6166
1760986425688,1003.6177
1760986425708,1003.6274
1760986425728,1003.60565
1760986425747,1003.61707
1760986425768,1003.618
1760986425788,1003.61536
1760986425809,1003.6033
1760986425828,1003.61536
1760986425848,1003.60706
1760986425867,1003.60767
1760986425887,1003.6222
1760986425907,1003.6253
1760986425927,1003.62317
1760986425947,1003.6344
1760986425968,1003.62634
1760986425987,1003.6472
1760986426009,1003.66174
1760986426028,1003.6297
1760986426048,1003.66315
1760986426067,1003.65814
1760986426088,1003.66254
1760986426108,1003.66986
1760986426129,1003.6708
1760986426148,1003.66187
1760986426167,1003.6874
1760986426188,1003.6733
1760986426207,1003.7055
1760986426228,1003.7053
1760986426248,1003.7072
1760986426268,1003.6913
1760986426289,1003.6827
1760986426309,1003.69135
1760986426328,1003.6869
1760986426347,1003.7013
1760986426367,1003.6988
1760986426387,1003.6963
1760986426407,1003.7122
1760986426427,1003.7128
1760986426448,1003.73236
1760986426468,1003.7158
1760986426487,1003.7447
1760986426507,1003.72546
1760986426527,1003.7319
1760986426547,1003.7652
1760986426568,1003.7642
1760986426588,1003.7528
1760986426608,1003.7514
1760986426629,1003.73956
1760986426647,1003.7638
1760986426668,1003.71906
1760986426688,1003.78394
1760986426708,1003.77875
1760986426728,1003.79926
1760986426748,1003.8075
1760986426768,1003.79767
1760986426788,1003.8033
1760986426808,1003.79297
1760986426827,1003.8085
1760986426848,1003.79144
1760986426868,1003.79407
1760986426888,1003.8149
1760986426907,1003.78424
1760986426927,1003.8002
1760986426948,1003.8358
1760986426968,1003.84985
1760986426987,1003.85126
1760986427007,1003.8317
1760986427027,1003.83704
1760986427047,1003.85004
1760986427068,1003.84204
1760986427088,1003.8694
1760986427108,1003.8272
1760986427128,1003.8458
1760986427147,1003.8472
1760986427167,1003.84875
1760986427187,1003.8663
1760986427207,1003.8886
1760986427227,1003.8691
1760986427248,1003.8763
1760986427268,1003.8939
1760986427288,1003.92017
1760986427308,1003.8875
1760986427327,1003.8828
1760986427347,1003.8736
1760986427368,1003.865
1760986427389,1003.8952
1760986427407,1003.8821
1760986427427,1003.8861
1760986427448,1003.90674
1760986427467,1003.91895
1760986427488,1003.9435
1760986427507,1003.9399
1760986427527,1003.93207
1760986427548,1003.91797
1760986427568,1003.903
1760986427588,1003.91315
1760986427609,1003.92505
1760986427628,1003.92816
1760986427648,1003.9513
1760986427668,1003.92096
1760986427688,1003.9422
1760986427708,1003.9547
1760986427728,1003.9611
1760986427749,1003.96375
1760986427768,1003.9628
1760986427790,1003.96625
1760986427808,1003.9955
1760986427828,1003.9924
1760986427847,1003.99176
1760986427867,1004.0041
1760986427888,1004.0255
1760986427907,1004.0255
1760986427928,1004.0091
1760986427948,1004.04486
1760986427967,1004.0692
1760986427987,1004.0622
1760986428008,1004.04895
1760986428028,1004.0685
1760986428048,1004.0842
1760986428068,1004.0789
1760986428088,1004.0803
1760986428108,1004.08734
1760986428128,1004.10675
1760986428149,1004.0811
1760986428168,1004.08203
1760986428187,1004.1224
1760986428208,1004.1186
1760986428228,1004.126
1760986428248,1004.10895
1760986428270,1004.10406
1760986428287,1004.10474
1760986428307,1004.1141
1760986428327,1004.10016
1760986428348,1004.0806
1760986428367,1004.1294
1760986428388,1004.1296
1760986428408,1004.1225
1760986428427,1004.15753
1760986428447,1004.145
1760986428467,1004.1275
1760986428488,1004.14734
1760986428507,1004.1486
1760986428527,1004.1441
1760986428548,1004.15533
1760986428568,1004.1413
1760986428589,1004.1163
1760986428609,1004.09735
1760986428628,1004.09125
1760986428648,1004.09424
1760986428668,1004.1147
1760986428688,1004.1508
1760986428708,1004.18207
1760986428728,1004.1985
1760986428748,1004.1949
1760986428769,1004.16907
1760986428788,1004.16614
1760986428808,1004.1608
1760986428827,1004.16296
1760986428848,1004.15894
1760986428868,1004.1705
1760986428890,1004.1839
1760986428907,1004.17676
1760986428928,1004.1952
1760986428947,1004.22125
1760986428967,1004.21954
1760986428987,1004.2103
1760986429007,1004.20953
1760986429027,1004.22723
1760986429048,1004.2067
1760986429067,1004.202
1760986429088,1004.2038
1760986429108,1004.23065
1760986429127,1004.22125
1760986429147,1004.2027
1760986429167,1004.2024
1760986429187,1004.1958
1760986429207,1004.2061
1760986429228,1004.1917
1760986429248,1004.1888
1760986429267,1004.1705
1760986429287,1004.1836
1760986429308,1004.185
1760986429327,1004.21533
1760986429348,1004.1958
1760986429367,1004.238
1760986429388,1004.22986
1760986429407,1004.24677
1760986429428,1004.2447
1760986429447,1004.23816
1760986429467,1004.21454
1760986429487,1004.2183
1760986429508,1004.2233
1760986429528,1004.23956
1760986429548,1004.2344
1760986429568,1004.2022
1760986429588,1004.1964
1760986429608,1004.1972
1760986429627,1004.2308
1760986429648,1004.2283
1760986429668,1004.24
1760986429687,1004.24567
1760986429707,1004.2608
1760986429728,1004.2736
1760986429749,1004.2719
1760986429767,1004.2711
1760986429787,1004.2474
1760986429807,1004.2539
1760986429828,1004.2464
1760986429848,1004.2538
1760986429868,1004.23145
1760986429888,1004.22595
1760986429908,1004.2444
1760986429927,1004.22455
1760986429947,1004.2483
1760986429967,1004.253
1760986429987,1004.27905
1760986430007,1004.2597
1760986430027,1004.2797
1760986430047,1004.28876
1760986430068,1004.29126
1760986430088,1004.2708
1760986430108,1004.23376
1760986430127,1004.2636
1760986430147,1004.2683
1760986430167,1004.2567
1760986430188,1004.27515
1760986430208,1004.2694
1760986430228,1004.28204
1760986430250,1004.2608
1760986430268,1004.258
1760986430288,1004.23145
1760986430307,1004.2496
1760986430328,1004.23596
1760986430348,1004.22046
1760986430368,1004.22736
1760986430388,1004.2469
1760986430408,1004.23016
1760986430427,1004.243
1760986430447,1004.20953
1760986430467,1004.2045
1760986430488,1004.24207
1760986430507,1004.22925
1760986430528,1004.23486
1760986430548,1004.2108
1760986430569,1004.2144
1760986430588,1004.2219
1760986430608,1004.2369
1760986430628,1004.22314
1760986430648,1004.2105
1760986430668,1004.21844
1760986430688,1004.2122
1760986430708,1004.218
1760986430728,1004.2566
1760986430747,1004.23486
1760986430768,1004.2769
1760986430787,1004.2549
1760986430807,1004.2464
1760986430827,1004.2441
1760986430847,1004.2538
1760986430867,1004.2294
1760986430887,1004.27734
1760986430908,1004.2641
1760986430927,1004.28937
1760986430947,1004.3272
1760986430967,1004.4308
1760986430987,1004.5008
1760986431007,1004.515
1760986431027,1004.55676
1760986431047,1004.5083
1760986431068,1004.42566
1760986431087,1004.35706
1760986431107,1004.273
1760986431127,1004.2169
1760986431147,1004.22284
1760986431167,1004.2402
1760986431187,1004.27374
1760986431208,1004.2308
1760986431228,1004.1983
1760986431247,1004.1905
1760986431269,1004.1907
1760986431288,1004.2583
1760986431307,1004.28845
1760986431327,1004.2449
1760986431347,1004.2427
1760986431367,1004.2532
1760986431388,1004.2669
1760986431407,1004.2606
1760986431427,1004.22473
1760986431447,1004.2081
1760986431467,1004.202
1760986431487,1004.1838
1760986431507,1004.1997
1760986431527,1004.2077
1760986431548,1004.191
1760986431568,1004.1891
1760986431587,1004.1788
1760986431607,1004.1569
1760986431627,1004.1344
1760986431647,1004.14923
1760986431668,1004.1383
1760986431688,1004.1855
1760986431708,1004.21344
1760986431729,1004.22473
1760986431748,1004.23346
1760986431768,1004.22955
1760986431787,1004.3016
1760986431808,1004.34564
1760986431828,1004.34814
1760986431848,1004.3164
1760986431868,1004.3228
1760986431889,1004.36395
1760986431907,1004.36255
1760986431927,1004.34924
1760986431947,1004.35016
1760986431967,1004.3761
1760986431988,1004.36487
1760986432008,1004.30597
1760986432028,1004.30676
1760986432049,1004.3281
1760986432068,1004.3353
1760986432087,1004.335
1760986432107,1004.33624
1760986432128,1004.34015
1760986432148,1004.3747
1760986432168,1004.34753
1760986432189,1004.35455
1760986432208,1004.3747
1760986432228,1004.3855
1760986432248,1004.3264
1760986432267,1004.35345
1760986432287,1004.3746
1760986432307,1004.35236
1760986432328,1004.3436
1760986432348,1004.3716
1760986432369,1004.3697
1760986432387,1004.39453
1760986432407,1004.33624
1760986432428,1004.34674
1760986432447,1004.36566
1760986432467,1004.36017
1760986432487,1004.36145
1760986432508,1004.37067
1760986432528,1004.3638
1760986432549,1004.3966
1760986432568,1004.3978
1760986432587,1004.3964
1760986432607,1004.3716
1760986432628,1004.3952
1760986432648,1004.41656
1760986432668,1004.41095
1760986432688,1004.3958
1760986432708,1004.34985
1760986432728,1004.328
1760986432747,1004.3138
1760986432767,1004.26984
1760986432788,1004.327
1760986432808,1004.3114
1760986432828,1004.3244
1760986432848,1004.34375
1760986432869,1004.36786
1760986432888,1004.34546
1760986432908,1004.3358
1760986432927,1004.35297
1760986432947,1004.3633
1760986432967,1004.34924
1760986432987,1004.36816
1760986433008,1004.35754
1760986433029,1004.34845
1760986433047,1004.3256
1760986433067,1004.3216
1760986433087,1004.3124
1760986433107,1004.3572
1760986433127,1004.3633
1760986433147,1004.35895
1760986433168,1004.3405
1760986433188,1004.33344
1760986433208,1004.32
1760986433227,1004.3366
1760986433247,1004.3375
1760986433268,1004.35223
1760986433287,1004.3225
1760986433308,1004.34094
1760986433328,1004.33704
1760986433348,1004.37067
1760986433369,1004.34973
1760986433388,1004.34625
1760986433407,1004.35394
1760986433427,1004.338
1760986433447,1004.3164
1760986433467,1004.3267
1760986433487,1004.3128
1760986433508,1004.315
1760986433528,1004.3331
1760986433548,1004.3366
1760986433567,1004.3244
1760986433587,1004.3261
1760986433608,1004.33984
1760986433628,1004.3241
1760986433648,1004.2858
1760986433669,1004.3064
1760986433689,1004.3016
1760986433707,1004.3183
1760986433727,1004.29987
1760986433748,1004.3245
1760986433768,1004.3325
1760986433788,1004.33624
1760986433808,1004.3011
1760986433828,1004.3138
1760986433848,1004.2994
1760986433868,1004.3108
1760986433888,1004.2592
1760986433907,1004.2758
1760986433927,1004.3086
1760986433947,1004.3022
1760986433967,1004.29266
1760986433988,1004.2944
1760986434008,1004.265
1760986434027,1004.2741
1760986434048,1004.2614
1760986434067,1004.2666
1760986434087,1004.27905
1760986434107,1004.29315
1760986434128,1004.29877
1760986434148,1004.31134
1760986434168,1004.28644
1760986434188,1004.27814
1760986434207,1004.28033
1760986434227,1004.278
1760986434248,1004.2822
1760986434267,1004.2599
1760986434287,1004.2681
1760986434308,1004.2766
1760986434328,1004.2797
1760986434348,1004.2769
1760986434367,1004.2702
1760986434388,1004.27875
1760986434407,1004.3083
1760986434427,1004.29614
1760986434447,1004.2649
1760986434468,1004.2794
1760986434488,1004.28424
1760986434509,1004.29504
1760986434528,1004.2994
1760986434547,1004.28546
1760986434567,1004.2617
1760986434588,1004.2588
1760986434607,1004.29315
1760986434628,1004.2858
1760986434648,1004.28613
1760986434669,1004.2658
1760986434688,1004.2603
1760986434707,1004.27783
1760986434727,1004.2908
1760986434748,1004.2672
1760986434767,1004.2797
1760986434788,1004.27814
1760986434808,1004.2755
1760986434828,1004.28345
1760986434849,1004.28033
1760986434867,1004.27625
1760986434888,1004.30536
1760986434907,1004.28937
1760986434927,1004.29126
1760986434947,1004.2725
1760986434967,1004.2659
1760986434988,1004.273
1760986435008,1004.2744
1760986435027,1004.2708
1760986435047,1004.308
1760986435067,1004.29565
1760986435087,1004.34375
1760986435107,1004.3833
1760986435127,1004.40424
1760986435148,1004.3777
1760986435168,1004.2052
