1760985571676,1003.84015
1760985571696,1003.86237
1760985571715,1003.8372
1760985571736,1003.8366
1760985571755,1003.84735
1760985571775,1003.83813
1760985571795,1003.85864
1760985571815,1003.8652
1760985571836,1003.84174
1760985571856,1003.84863
1760985571875,1003.85767
1760985571896,1003.8719
1760985571915,1003.86017
1760985571935,1003.86816
1760985571955,1003.85895
1760985571976,1003.86206
1760985571996,1003.8622
1760985572016,1003.865
1760985572036,1003.8816
1760985572055,1003.8725
1760985572076,1003.8638
1760985572095,1003.8661
1760985572115,1003.8661
1760985572135,1003.8636
1760985572156,1003.8986
1760985572176,1003.8797
1760985572195,1003.9
1760985572216,1003.8652
1760985572235,1003.9025
1760985572255,1003.90753
1760985572275,1003.8867
1760985572295,1003.8936
1760985572316,1003.91516
1760985572336,1003.8836
1760985572356,1003.8828
1760985572376,1003.8828
1760985572395,1003.8764
1760985572416,1003.8842
1760985572435,1003.86316
1760985572455,1003.8777
1760985572476,1003.86456
1760985572496,1003.8861
1760985572516,1003.8775
1760985572536,1003.8933
1760985572555,1003.8394
1760985572576,1003.8669
1760985572596,1003.84204
1760985572616,1003.8724
1760985572636,1003.8711
1760985572656,1003.86786
1760985572676,1003.84314
1760985572696,1003.85034
1760985572715,1003.8828
1760985572735,1003.871
1760985572755,1003.8652
1760985572775,1003.85156
1760985572796,1003.83765
1760985572816,1003.8214
1760985572836,1003.8275
1760985572855,1003.8088
1760985572875,1003.8361
1760985572895,1003.8202
1760985572915,1003.8155
1760985572935,1003.8141
1760985572955,1003.79877
1760985572976,1003.79675
1760985572997,1003.79425
1760985573015,1003.8002
1760985573035,1003.78625
1760985573055,1003.79816
1760985573075,1003.79895
1760985573096,1003.8121
1760985573116,1003.78485
1760985573136,1003.7722
1760985573156,1003.7633
1760985573175,1003.7347
1760985573195,1003.6255
1760985573215,1003.59766
1760985573235,1003.5792
1760985573255,1003.5728
1760985573275,1003.54114
1760985573296,1003.4974
1760985573316,1003.503
1760985573336,1003.57983
1760985573355,1003.71564
1760985573377,1003.8197
1760985573402,1003.91113
1760985573415,1003.92285
1760985573435,1003.9542
1760985573456,1003.9605
1760985573476,1003.965
1760985573496,1003.97736
1760985573515,1003.9569
1760985573535,1003.9594
1760985573560,1003.96814
1760985573575,1003.98285
1760985573595,1003.9489
1760985573616,1003.9378
1760985573636,1003.9261
1760985573656,1003.9386
1760985573675,1003.92096
1760985573695,1003.90765
1760985573715,1003.8983
1760985573735,1003.8883
1760985573755,1003.8916
1760985573775,1003.8753
1760985573796,1003.8727
1760985573816,1003.8663
1760985573835,1003.8608
1760985573855,1003.8909
1760985573876,1003.8839
1760985573895,1003.87036
1760985573915,1003.8919
1760985573936,1003.8697
1760985573956,1003.8864
1760985573976,1003.8572
1760985573996,1003.8813
1760985574015,1003.8783
1760985574035,1003.8844
1760985574055,1003.9086
1760985574075,1003.878
1760985574096,1003.8958
1760985574116,1003.89594
1760985574136,1003.8966
1760985574155,1003.8969
1760985574175,1003.8758
1760985574196,1003.8909
1760985574216,1003.90125
1760985574235,1003.87
1760985574256,1003.8861
1760985574276,1003.8782
1760985574296,1003.8766
1760985574316,1003.8905
1760985574335,1003.8827
1760985574355,1003.8961
1760985574375,1003.8821
1760985574395,1003.8958
1760985574416,1003.91797
1760985574436,1003.90674
1760985574456,1003.8855
1760985574476,1003.90564
1760985574496,1003.9197
1760985574515,1003.8855
1760985574536,1003.9044
1760985574555,1003.91864
1760985574575,1003.91187
1760985574596,1003.90283
1760985574616,1003.9244
1760985574637,1003.8958
1760985574656,1003.8925
1760985574675,1003.90375
1760985574696,1003.91254
1760985574716,1003.91425
1760985574735,1003.903
1760985574756,1003.92535
1760985574776,1003.91254
1760985574796,1003.8897
1760985574816,1003.92566
1760985574835,1003.91736
1760985574855,1003.8952
1760985574875,1003.8956
1760985574895,1003.89453
1760985574915,1003.8947
1760985574936,1003.89343
1760985574956,1003.90125
1760985574975,1003.9055
1760985574995,1003.91547
1760985575015,1003.905
1760985575035,1003.90515
1760985575055,1003.91675
1760985575076,1003.9097
1760985575096,1003.8983
1760985575116,1003.91864
1760985575136,1003.9058
1760985575155,1003.8952
1760985575175,1003.8978
1760985575195,1003.89
1760985575215,1003.881
1760985575235,1003.9222
1760985575256,1003.91125
1760985575276,1003.90204
1760985575295,1003.8713
1760985575315,1003.8894
1760985575335,1003.86206
1760985575356,1003.8033
1760985575375,1003.8336
1760985575395,1003.7681
1760985575416,1003.72174
1760985575436,1003.72784
1760985575456,1003.73285
1760985575475,1003.71643
1760985575495,1003.7444
1760985575515,1003.79285
1760985575535,1003.8255
1760985575558,1003.8572
1760985575575,1003.90894
1760985575596,1003.9299
1760985575616,1003.9392
1760985575635,1003.92145
1760985575655,1003.91547
1760985575675,1003.91895
1760985575695,1003.9399
1760985575715,1003.91766
1760985575736,1003.9453
1760985575756,1003.97925
1760985575776,1003.9913
1760985575795,1004.0091
1760985575815,1004.0038
1760985575835,1004.0094
1760985575855,1004.0088
1760985575875,1004.0086
1760985575896,1003.96313
1760985575916,1003.9577
1760985575936,1003.91736
1760985575955,1003.90924
1760985575975,1003.9022
1760985575995,1003.8928
1760985576015,1003.8805
1760985576035,1003.8881
1760985576055,1003.8767
1760985576076,1003.8533
1760985576096,1003.85126
1760985576127,1003.85065
1760985576144,1003.86005
1760985576156,1003.8422
1760985576175,1003.8333
1760985576195,1003.838
1760985576215,1003.8225
1760985576236,1003.8269
1760985576256,1003.83386
1760985576276,1003.8294
1760985576298,1003.8297
1760985576314,1003.8269
1760985576335,1003.8085
1760985576355,1003.8236
1760985576375,1003.8211
1760985576394,1003.8169
1760985576414,1003.8408
1760985576434,1003.85046
1760985576455,1003.8813
1760985576475,1003.9061
1760985576495,1003.9386
1760985576515,1003.97906
1760985576535,1003.96515
1760985576555,1004.03424
1760985576575,1004.0825
1760985576594,1004.0269
1760985576614,1004.006
1760985576635,1004.0742
1760985576655,1004.11786
1760985576675,1004.03735
1760985576695,1003.9547
1760985576715,1003.97003
1760985576735,1003.9555
1760985576755,1003.90875
1760985576774,1003.8836
1760985576794,1003.947
1760985576815,1003.98566
1760985576835,1003.96423
1760985576855,1003.9083
1760985576874,1003.8214
1760985576894,1003.7966
1760985576914,1003.7711
1760985576934,1003.7563
1760985576954,1003.7638
1760985576975,1003.7552
1760985576995,1003.7485
1760985577015,1003.7361
1760985577035,1003.7739
1760985577054,1003.7647
1760985577074,1003.7672
1760985577094,1003.79785
1760985577114,1003.80206
1760985577135,1003.7794
1760985577155,1003.78503
1760985577175,1003.8806
1760985577195,1003.93097
1760985577215,1003.8699
1760985577234,1003.8022
1760985577254,1003.8211
1760985577274,1003.85364
1760985577294,1003.84644
1760985577315,1003.84424
1760985577335,1003.80927
1760985577355,1003.80145
1760985577374,1003.8088
1760985577394,1003.7969
1760985577414,1003.79175
1760985577434,1003.7633
1760985577454,1003.7794
1760985577475,1003.7908
1760985577495,1003.79175
1760985577515,1003.77344
1760985577534,1003.7678
1760985577556,1003.7747
1760985577574,1003.7666
1760985577594,1003.78864
1760985577614,1003.77344
1760985577635,1003.7625
1760985577655,1003.79034
1760985577675,1003.7833
1760985577695,1003.78296
1760985577714,1003.78845
1760985577734,1003.80066
1760985577754,1003.8055
1760985577774,1003.8284
1760985577795,1003.8925
1760985577815,1003.9489
1760985577835,1003.95953
1760985577854,1003.96954
1760985577874,1004.1497
1760985577894,1004.4983
1760985577914,1004.5145
1760985577934,1004.2808
1760985577955,1004.11005
1760985577975,1003.84064
1760985577995,1003.75226
1760985578015,1003.8211
1760985578034,1003.8189
1760985578054,1003.97314
1760985578074,1003.928
1760985578094,1003.9499
1760985578115,1004.03754
1760985578135,1004.08344
1760985578155,1004.0166
1760985578175,1003.8831
1760985578195,1003.7386
1760985578215,1003.685
1760985578235,1003.7402
1760985578254,1003.7933
1760985578274,1003.78766
1760985578295,1003.8116
1760985578315,1003.78687
1760985578335,1003.78015
1760985578355,1003.79877
1760985578374,1003.8352
1760985578394,1003.8027
1760985578414,1003.78784
1760985578434,1003.78687
1760985578455,1003.7619
1760985578475,1003.78253
1760985578496,1003.8063
1760985578515,1003.85895
1760985578535,1003.8913
1760985578555,1003.8652
1760985578575,1003.92255
1760985578595,1003.91675
1760985578615,1003.9566
1760985578636,1003.99677
1760985578656,1003.93097
1760985578675,1003.86426
1760985578695,1003.83484
1760985578715,1003.8669
1760985578735,1003.87036
1760985578755,1003.8977
1760985578775,1004.0139
1760985578796,1004.27423
1760985578816,1004.36597
1760985578835,1004.48566
1760985578856,1004.568
1760985578876,1004.8158
1760985578895,1004.71063
1760985578915,1004.69
1760985578936,1004.66064
1760985578956,1004.7514
1760985578976,1004.9216
1760985578996,1005.22595
1760985579015,1005.4916
1760985579035,1005.65894
1760985579055,1005.85394
1760985579075,1006.1392
1760985579095,1006.04486
1760985579115,1005.35175
1760985579136,1004.5703
1760985579156,1004.0706
1760985579175,1003.775
1760985579195,1003.6345
1760985579216,1003.47473
1760985579235,1003.3686
1760985579256,1003.30566
1760985579275,1003.32983
1760985579296,1003.2747
1760985579316,1003.30176
1760985579335,1003.365
1760985579356,1003.505
1760985579375,1003.6805
1760985579395,1003.84143
1760985579416,1004.16547
1760985579435,1004.33374
1760985579456,1004.4277
1760985579476,1004.49097
1760985579495,1004.5114
1760985579515,1004.6328
1760985579536,1004.71954
1760985579563,1004.7144
1760985579574,1004.68427
1760985579595,1004.7638
1760985579615,1004.6977
1760985579635,1004.6344
1760985579655,1004.59656
1760985579675,1004.6313
1760985579695,1004.6325
1760985579716,1004.7497
1760985579736,1004.9439
1760985579755,1005.2475
1760985579776,1005.5605
1760985579796,1005.8116
1760985579815,1006.0141
1760985579835,1006.1769
1760985579855,1006.27094
1760985579875,1006.3063
1760985579895,1006.4216
1760985579915,1006.4611
1760985579935,1006.6494
1760985579956,1006.7659
1760985579976,1006.6205
1760985579996,1006.2483
1760985580015,1005.5069
1760985580035,1005.03485
1760985580055,1004.8591
1760985580075,1004.7633
1760985580095,1004.78656
1760985580116,1004.8716
1760985580136,1004.8969
1760985580155,1004.8909
1760985580175,1004.858
1760985580195,1004.8469
1760985580215,1004.9055
1760985580236,1005.02893
1760985580255,1005.12
1760985580276,1005.2436
1760985580296,1005.34485
1760985580315,1005.42706
1760985580335,1005.48846
1760985580356,1005.60565
1760985580375,1005.5855
1760985580395,1005.5572
1760985580416,1005.53796
1760985580436,1005.5019
1760985580456,1005.54565
1760985580475,1005.5205
1760985580495,1005.5117
1760985580515,1005.48364
1760985580536,1005.4414
1760985580555,1005.4336
1760985580576,1005.4524
1760985580596,1005.4533
1760985580616,1005.4414
1760985580635,1005.3772
1760985580655,1005.3241
1760985580675,1005.26953
1760985580695,1005.215
1760985580715,1005.1341
1760985580736,1005.04675
1760985580756,1004.97174
1760985580776,1004.85876
1760985580795,1004.7039
1760985580815,1004.39
1760985580836,1004.063
1760985580855,1003.8378
1760985580875,1003.6516
1760985580896,1003.495
1760985580916,1003.40204
1760985580936,1003.35455
1760985580956,1003.3203
1760985580975,1003.3139
1760985580995,1003.2105
1760985581015,1003.08875
1760985581035,1002.9939
1760985581055,1002.9533
1760985581075,1002.8978
1760985581095,1002.87085
1760985581115,1002.86646
1760985581135,1002.91284
1760985581155,1002.9555
1760985581175,1002.98145
1760985581195,1003.03015
1760985581215,1003.11176
1760985581235,1003.184
1760985581255,1003.2783
1760985581275,1003.29266
1760985581295,1003.33624
1760985581315,1003.3805
1760985581335,1003.3872
1760985581355,1003.43097
1760985581375,1003.4133
1760985581395,1003.41724
1760985581415,1003.3727
1760985581435,1003.3094
1760985581455,1003.24426
1760985581474,1003.22363
1760985581494,1003.2366
1760985581514,1003.3177
1760985581534,1003.383
1760985581555,1003.4444
1760985581575,1003.47906
1760985581595,1003.5074
1760985581615,1003.561
1760985581634,1003.60175
1760985581654,1003.6406
1760985581674,1003.73566
1760985581694,1003.8675
1760985581715,1004.0319
1760985581735,1004.1991
1760985581755,1004.1902
1760985581775,1004.0947
1760985581794,1003.9183
1760985581814,1003.755
1760985581834,1003.7439
1760985581854,1003.8166
1760985581875,1003.9556
1760985581895,1004.04517
1760985581915,1004.04315
1760985581935,1003.98376
1760985581954,1003.9444
1760985581975,1003.97534
1760985581995,1003.99207
1760985582015,1004.10425
1760985582035,1004.2438
1760985582055,1004.3796
1760985582075,1004.4866
1760985582096,1004.5855
1760985582114,1004.7008
1760985582134,1004.8139
1760985582155,1004.858
1760985582174,1004.8958
1760985582194,1004.90796
1760985582215,1004.98236
1760985582235,1005.0642
1760985582255,1005.15094
1760985582274,1005.1869
1760985582294,1005.1752
1760985582314,1005.1183
1760985582334,1005.1233
1760985582355,1005.0613
1760985582375,1005.0002
1760985582395,1004.8861
1760985582415,1004.72125
1760985582435,1004.65594
1760985582455,1004.55035
1760985582474,1004.53815
1760985582495,1004.4399
1760985582516,1004.48895
1760985582535,1004.4258
1760985582555,1004.3177
1760985582575,1003.9905
1760985582595,1003.6122
1760985582615,1003.29364
1760985582634,1003.10736
1760985582655,1003.02344
1760985582675,1002.98175
1760985582694,1002.9261
1760985582715,1002.91113
1760985582735,1002.84906
1760985582754,1002.7491
1760985582774,1002.67255
1760985582794,1002.58453
1760985582814,1002.52484
1760985582834,1002.4431
1760985582854,1002.4547
1760985582875,1002.523
1760985582895,1002.5744
1760985582915,1002.6241
1760985582935,1002.6839
1760985582955,1002.71484
1760985582975,1002.8105
1760985582995,1002.91003
1760985583015,1003.0227
1760985583035,1003.0633
1760985583055,1003.0547
1760985583076,1003.0513
1760985583095,1003.0005
1760985583114,1002.98517
1760985583135,1002.97504
1760985583154,1002.99176
1760985583175,1003.03156
1760985583195,1003.1381
1760985583215,1003.30237
1760985583235,1003.4589
1760985583254,1003.55566
1760985583275,1003.60675
1760985583294,1003.638
1760985583315,1003.65393
1760985583335,1003.6514
1760985583356,1003.7083
1760985583375,1003.9394
1760985583395,1003.9371
1760985583415,1003.80676
1760985583435,1003.6277
1760985583455,1003.4647
1760985583475,1003.393
1760985583495,1003.40283
1760985583515,1003.40265
1760985583535,1003.5222
1760985583555,1003.6814
1760985583574,1003.78314
1760985583595,1003.8361
1760985583615,1003.8342
1760985583635,1003.83203
1760985583655,1003.83984
1760985583675,1003.92346
1760985583695,1004.03613
1760985583715,1004.14624
1760985583735,1004.198
1760985583755,1004.20703
1760985583775,1004.2045
1760985583795,1004.22253
1760985583815,1004.22955
1760985583835,1004.29315
1760985583855,1004.4405
1760985583875,1004.5066
1760985583895,1004.61237
1760985583915,1004.7391
1760985583935,1004.828
1760985583955,1004.8619
1760985583975,1004.8867
1760985583995,1004.8283
1760985584015,1004.7519
1760985584035,1004.6279
1760985584056,1004.5808
1760985584074,1004.5549
1760985584095,1004.5727
1760985584114,1004.59564
1760985584135,1004.6486
1760985584155,1004.7044
1760985584175,1004.6852
1760985584195,1004.6924
1760985584216,1004.58563
1760985584235,1004.71954
1760985584255,1004.4338
1760985584275,1004.078
1760985584295,1003.5655
1760985584315,1003.20703
1760985584335,1002.8925
1760985584355,1002.80176
1760985584376,1002.7681
1760985584394,1002.8447
1760985584415,1002.96484
1760985584435,1003.0264
1760985584455,1003.0186
1760985584475,1002.9364
1760985584496,1002.838
1760985584516,1002.7624
1760985584536,1002.7485
1760985584555,1002.7703
1760985584575,1002.8339
1760985584595,1002.86096
1760985584615,1002.9069
1760985584634,1002.91315
1760985584655,1002.938
1760985584675,1002.97046
1760985584695,1002.9503
1760985584715,1002.91113
1760985584735,1002.8983
1760985584755,1002.8978
1760985584775,1002.91003
1760985584795,1002.98285
1760985584815,1003.08234
1760985584835,1003.15424
1760985584855,1003.2008
1760985584875,1003.2546
1760985584894,1003.29126
1760985584914,1003.3166
1760985584935,1003.34644
1760985584955,1003.4534
1760985584975,1003.5632
1760985584995,1003.7636
1760985585015,1003.9383
1760985585035,1004.11957
1760985585055,1004.1961
1760985585074,1004.1375
1760985585094,1003.9783
1760985585115,1003.91187
1760985585135,1003.9352
1760985585155,1003.9911
1760985585175,1003.96094
1760985585195,1003.9499
1760985585215,1004.0866
1760985585235,1004.2438
1760985585255,1004.3256
1760985585274,1004.27905
1760985585294,1004.17847
1760985585315,1004.15594
1760985585335,1004.15656
1760985585355,1004.2639
1760985585375,1004.4183
1760985585395,1004.59625
1760985585414,1004.6261
1760985585435,1004.5847
1760985585455,1004.5925
1760985585475,1004.7009
1760985585495,1004.8252
1760985585515,1004.9316
1760985585534,1005.0636
1760985585554,1005.125
1760985585575,1005.1191
1760985585595,1005.0605
1760985585615,1005.0508
1760985585635,1005.083
1760985585655,1005.0466
1760985585675,1005.0206
1760985585694,1004.96643
1760985585715,1004.98566
1760985585735,1004.9963
1760985585755,1005.0161
1760985585775,1005.05206
1760985585795,1004.9466
1760985585815,1005.0188
1760985585835,1004.938
1760985585855,1004.91486
1760985585875,1004.8227
1760985585895,1004.65533
1760985585914,1004.3955
1760985585934,1004.0794
1760985585955,1003.66254
1760985585975,1003.29236
1760985585995,1002.97034
1760985586015,1002.6788
1760985586034,1002.5028
1760985586054,1002.3855
1760985586074,1002.34503
1760985586094,1002.3099
1760985586114,1002.28894
1760985586135,1002.2449
1760985586155,1002.23456
1760985586175,1002.196
1760985586195,1002.16516
1760985586214,1002.1508
1760985586234,1002.1321
1760985586254,1002.16895
1760985586274,1002.2444
1760985586295,1002.3147
1760985586315,1002.3722
1760985586336,1002.47406
1760985586355,1002.55426
1760985586375,1002.6413
1760985586394,1002.6931
1760985586414,1002.7072
1760985586434,1002.7233
1760985586455,1002.7455
1760985586475,1002.8141
1760985586495,1002.85187
1760985586514,1002.92896
1760985586534,1002.96674
1760985586554,1003.03455
1760985586574,1003.09015
1760985586594,1003.1308
1760985586615,1003.23114
1760985586635,1003.2675
1760985586655,1003.3103
1760985586674,1003.30286
1760985586694,1003.4405
1760985586714,1003.5055
1760985586734,1003.53595
1760985586754,1003.55927
1760985586775,1003.48425
1760985586795,1003.4478
1760985586815,1003.3774
1760985586834,1003.2969
1760985586854,1003.22766
1760985586874,1003.21643
1760985586895,1003.27344
1760985586914,1003.33344
1760985586935,1003.42535
1760985586955,1003.49066
1760985586975,1003.5033
1760985586995,1003.52423
1760985587014,1003.5616
1760985587034,1003.6257
1760985587054,1003.7386
1760985587074,1003.886
1760985587095,1004.0674
1760985587115,1004.2092
1760985587135,1004.28296
1760985587155,1004.3672
1760985587174,1004.4636
1760985587194,1004.49176
1760985587214,1004.5153
1760985587234,1004.59015
1760985587254,1004.6633
1760985587275,1004.7521
1760985587295,1004.77954
1760985587315,1004.8181
1760985587334,1004.8472
1760985587354,1004.8405
1760985587374,1004.80707
1760985587394,1004.7733
1760985587414,1004.78894
1760985587435,1004.7653
1760985587455,1004.6633
1760985587475,1004.6441
1760985587498,1004.59814
1760985587515,1004.5455
1760985587534,1004.42566
1760985587554,1004.36926
1760985587574,1004.2622
1760985587595,1004.1135
1760985587615,1003.885
1760985587635,1003.6861
1760985587654,1003.4547
1760985587675,1003.27875
1760985587694,1003.08594
1760985587715,1003.0067
1760985587734,1002.9252
1760985587755,1002.8636
1760985587775,1002.7711
1760985587795,1002.6995
1760985587815,1002.5822
1760985587834,1002.4833
1760985587854,1002.40625
1760985587874,1002.36926
1760985587894,1002.35376
1760985587915,1002.385
1760985587935,1002.4338
1760985587956,1002.47754
1760985587975,1002.54956
1760985587994,1002.6291
1760985588014,1002.67737
1760985588034,1002.74677
1760985588054,1002.7711
1760985588074,1002.7688
1760985588095,1002.80096
1760985588115,1002.8135
1760985588136,1002.85547
1760985588154,1002.92255
1760985588174,1002.97424
1760985588194,1003.03265
1760985588214,1003.0844
1760985588235,1003.1402
1760985588255,1003.2005
1760985588275,1003.24677
1760985588295,1003.3305
1760985588314,1003.3892
1760985588334,1003.46783
1760985588355,1003.5383
1760985588375,1003.6299
1760985588394,1003.7092
1760985588415,1003.79626
1760985588435,1003.85846
1760985588455,1003.8216
1760985588474,1003.6911
1760985588494,1003.58704
1760985588514,1003.4389
1760985588534,1003.3814
1760985588554,1003.3813
1760985588574,1003.46173
1760985588595,1003.54254
1760985588615,1003.64343
1760985588634,1003.7092
1760985588654,1003.71655
1760985588674,1003.7108
1760985588694,1003.66797
1760985588714,1003.7536
1760985588735,1003.8111
1760985588755,1003.9244
1760985588775,1004.0513
1760985588795,1004.15265
1760985588815,1004.22485
1760985588834,1004.28394
1760985588854,1004.3736
1760985588874,1004.3755
1760985588894,1004.3875
1760985588915,1004.41626
1760985588935,1004.4488
1760985588955,1004.428
1760985588974,1004.41925
1760985588994,1004.4
1760985589014,1004.4022
1760985589034,1004.463
1760985589054,1004.4531
1760985589075,1004.39233
1760985589095,1004.41846
1760985589115,1004.4452
1760985589134,1004.4575
1760985589154,1004.4605
1760985589174,1004.33954
1760985589194,1004.16724
1760985589215,1003.97565
1760985589235,1003.79016
1760985589255,1003.6266
1760985589275,1003.5032
1760985589295,1003.33673
1760985589314,1003.15564
1760985589334,1002.97784
1760985589355,1002.9421
1760985589374,1002.8917
1760985589395,1002.85565
1760985589415,1002.8175
1760985589435,1002.7283
1760985589455,1002.6316
1760985589475,1002.5731
1760985589495,1002.5569
1760985589514,1002.5491
1760985589535,1002.5673
1760985589555,1002.5855
1760985589575,1002.59674
1760985589595,1002.6374
1760985589614,1002.6824
1760985589634,1002.72534
1760985589655,1002.7474
1760985589675,1002.8147
1760985589695,1002.85925
1760985589714,1002.9072
1760985589735,1002.9639
1760985589755,1002.9872
1760985589774,1003.0236
1760985589795,1003.04895
1760985589815,1003.0816
1760985589834,1003.09863
1760985589854,1003.1289
1760985589874,1003.16254
1760985589895,1003.2469
1760985589915,1003.3419
1760985589936,1003.4442
1760985589955,1003.54517
1760985589975,1003.626
1760985589994,1003.7066
1760985590014,1003.86206
1760985590035,1003.91656
1760985590055,1003.9371
1760985590075,1003.81177
1760985590095,1003.67255
1760985590114,1003.54895
1760985590134,1003.41956
1760985590154,1003.3088
1760985590174,1003.3086
1760985590195,1003.34534
1760985590215,1003.3958
1760985590235,1003.3947
1760985590255,1003.4422
1760985590275,1003.47406
1760985590294,1003.5319
1760985590315,1003.6311
1760985590334,1003.7647
1760985590355,1003.90924
1760985590375,1004.0275
1760985590395,1004.2009
1760985590415,1004.28345
1760985590435,1004.4005
1760985590454,1004.41595
1760985590475,1004.47394
1760985590494,1004.5007
1760985590515,1004.5805
1760985590535,1004.65015
1760985590555,1004.6903
1760985590576,1004.6814
1760985590595,1004.67114
1760985590615,1004.6344
1760985590635,1004.5833
1760985590655,1004.66095
1760985590675,1004.6586
1760985590695,1004.59973
1760985590715,1004.53265
1760985590735,1004.4988
1760985590755,1004.47266
1760985590775,1004.43567
1760985590794,1004.3836
1760985590815,1004.3019
1760985590834,1004.21704
1760985590855,1003.98376
1760985590875,1003.65015
1760985590895,1003.3749
1760985590916,1003.1375
1760985590935,1002.97473
1760985590955,1002.9047
1760985590975,1002.9371
1760985590995,1003.04614
1760985591015,1003.0691
1760985591035,1002.97485
1760985591055,1002.8397
1760985591075,1002.7038
1760985591094,1002.5739
1760985591114,1002.52905
1760985591134,1002.5058
1760985591155,1002.4996
1760985591174,1002.5139
1760985591195,1002.54346
1760985591215,1002.5864
1760985591235,1002.6058
1760985591255,1002.6322
1760985591274,1002.705
1760985591295,1002.7636
1760985591314,1002.84155
1760985591334,1002.9338
1760985591355,1002.9969
1760985591375,1003.04736
1760985591395,1003.0688
1760985591415,1003.0728
1760985591434,1003.03314
1760985591454,1003.0549
1760985591475,1003.0794
1760985591494,1003.14923
1760985591515,1003.2052
1760985591535,1003.2658
1760985591555,1003.30237
1760985591575,1003.3842
1760985591595,1003.4394
1760985591615,1003.5061
1760985591635,1003.5983
1760985591655,1003.7502
1760985591675,1003.7758
1760985591695,1003.70984
1760985591717,1003.6395
1760985591735,1003.54376
1760985591755,1003.4425
1760985591774,1003.3777
1760985591794,1003.3741
1760985591815,1003.40784
1760985591835,1003.4511
1760985591855,1003.5005
1760985591875,1003.48285
1760985591895,1003.48126
1760985591914,1003.53125
1760985591935,1003.5577
1760985591955,1003.67926
1760985591975,1003.8011
1760985591995,1003.8928
1760985592015,1004.0227
1760985592035,1004.16644
1760985592055,1004.2614
1760985592075,1004.3889
1760985592095,1004.49927
1760985592115,1004.5596
1760985592135,1004.5724
1760985592155,1004.60046
1760985592175,1004.6263
1760985592195,1004.6999
1760985592215,1004.71423
1760985592234,1004.7056
1760985592255,1004.7038
1760985592274,1004.7016
1760985592295,1004.71075
1760985592315,1004.6977
1760985592335,1004.628
1760985592355,1004.53406
1760985592375,1004.45734
1760985592395,1004.39233
1760985592414,1004.3622
1760985592435,1004.30707
1760985592454,1004.17114
1760985592475,1003.97235
1760985592495,1003.6983
1760985592515,1003.3855
1760985592536,1003.1411
1760985592564,1002.98755
1760985592581,1002.9047
1760985592594,1002.84894
1760985592614,1002.7642
1760985592634,1002.7009
1760985592655,1002.6127
1760985592676,1002.5602
1760985592695,1002.48517
1760985592714,1002.46094
1760985592735,1002.41675
1760985592754,1002.43286
1760985592774,1002.47705
1760985592795,1002.53015
1760985592815,1002.5933
1760985592835,1002.68176
1760985592855,1002.73627
1760985592875,1002.8135
1760985592895,1002.8897
1760985592915,1002.9469
1760985592935,1002.9528
1760985592954,1002.98096
1760985592976,1003.0241
1760985592995,1003.04846
1760985593015,1003.0699
1760985593036,1003.1097
1760985593055,1003.1172
1760985593075,1003.2041
1760985593095,1003.2583
1760985593114,1003.3378
1760985593136,1003.41766
1760985593155,1003.5042
1760985593175,1003.60266
1760985593196,1003.73627
1760985593215,1003.8189
1760985593235,1003.8303
1760985593255,1003.78937
1760985593275,1003.6694
1760985593295,1003.48047
1760985593315,1003.30457
1760985593335,1003.1411
1760985593355,1003.1119
1760985593375,1003.1761
1760985593395,1003.2538
1760985593415,1003.35205
1760985593435,1003.392
1760985593455,1003.47894
1760985593475,1003.55347
1760985593495,1003.64954
1760985593516,1003.7369
1760985593535,1003.822
1760985593555,1003.9477
1760985593575,1004.10815
1760985593595,1004.27765
1760985593614,1004.3821
1760985593635,1004.4999
1760985593655,1004.58374
1760985593676,1004.5727
1760985593695,1004.59454
1760985593715,1004.66846
1760985593734,1004.76843
1760985593754,1004.8096
1760985593775,1004.80035
1760985593795,1004.828
1760985593815,1004.80347
1760985593835,1004.7733
1760985593855,1004.78973
1760985593875,1004.7519
1760985593895,1004.6328
1760985593914,1004.53394
1760985593934,1004.4927
1760985593955,1004.3652
1760985593975,1004.3166
1760985593995,1004.1783
1760985594015,1004.04785
1760985594034,1003.825
1760985594055,1003.5089
1760985594075,1003.14343
1760985594095,1002.8422
1760985594114,1002.6872
1760985594135,1002.5894
1760985594155,1002.5635
1760985594175,1002.55457
1760985594195,1002.53845
1760985594214,1002.47723
1760985594235,1002.4522
1760985594255,1002.4422
1760985594274,1002.4397
1760985594295,1002.3997
1760985594315,1002.3888
1760985594335,1002.42255
1760985594354,1002.4358
1760985594375,1002.4944
1760985594394,1002.5264
1760985594415,1002.5814
1760985594434,1002.673
1760985594455,1002.7591
1760985594475,1002.8176
1760985594495,1002.86127
1760985594515,1002.90765
1760985594535,1002.9633
1760985594555,1002.99036
1760985594575,1002.99176
1760985594594,1003.0163
1760985594615,1003.0333
1760985594635,1003.05597
1760985594655,1003.1278
1760985594675,1003.2031
1760985594695,1003.3142
1760985594715,1003.3925
1760985594734,1003.4841
1760985594754,1003.5497
1760985594775,1003.5836
1760985594795,1003.54565
1760985594815,1003.40125
1760985594834,1003.3249
1760985594854,1003.2634
1760985594874,1003.2111
1760985594895,1003.218
1760985594915,1003.2716
1760985594935,1003.34906
1760985594955,1003.3763
1760985594975,1003.41064
1760985594995,1003.3975
1760985595015,1003.3867
1760985595035,1003.4364
1760985595055,1003.5519
1760985595075,1003.71814
1760985595095,1003.92267
1760985595115,1004.0585
1760985595135,1004.1536
1760985595155,1004.2563
1760985595175,1004.36237
1760985595195,1004.42114
1760985595215,1004.47723
1760985595234,1004.4941
1760985595254,1004.59393
1760985595275,1004.68
1760985595296,1004.7455
1760985595316,1004.80597
1760985595335,1004.8167
1760985595355,1004.80817
1760985595374,1004.79614
1760985595395,1004.79175
1760985595414,1004.8124
1760985595435,1004.8074
1760985595455,1004.7102
1760985595475,1004.60614
1760985595494,1004.5036
1760985595514,1004.298
1760985595535,1004.1911
1760985595555,1004.09766
1760985595574,1003.9641
1760985595595,1003.70593
1760985595615,1003.34924
1760985595635,1003.02783
1760985595655,1002.8283
1760985595674,1002.7034
1760985595695,1002.60315
1760985595715,1002.5472
1760985595734,1002.5007
1760985595755,1002.4344
1760985595775,1002.3902
1760985595795,1002.35706
1760985595815,1002.3647
1760985595835,1002.35876
1760985595855,1002.34015
1760985595875,1002.3089
1760985595894,1002.3183
1760985595914,1002.3436
1760985595935,1002.3806
1760985595955,1002.4286
1760985595975,1002.5047
1760985595995,1002.5852
1760985596014,1002.6503
1760985596034,1002.7222
1760985596055,1002.78754
1760985596075,1002.8333
1760985596095,1002.85876
1760985596115,1002.8719
1760985596135,1002.89813
1760985596154,1002.8785
1760985596175,1002.8991
1760985596195,1002.90393
1760985596215,1002.9413
1760985596234,1002.983
1760985596255,1003.0305
1760985596275,1003.15015
1760985596295,1003.2663
1760985596314,1003.3605
1760985596335,1003.43317
1760985596355,1003.36066
1760985596375,1003.2488
1760985596394,1003.3094
1760985596415,1003.5671
1760985596436,1003.5672
1760985596456,1003.4453
1760985596475,1003.4392
1760985596495,1003.3191
1760985596515,1003.2009
1760985596535,1003.1327
1760985596555,1003.0919
1760985596575,1003.03406
1760985596595,1003.0019
1760985596615,1003.0297
1760985596634,1003.03033
1760985596655,1003.1658
1760985596675,1003.2449
1760985596695,1003.29004
1760985596715,1003.3872
1760985596735,1003.53595
1760985596755,1003.7366
1760985596775,1003.98364
1760985596795,1004.15063
1760985596815,1004.2499
1760985596835,1004.2588
1760985596855,1004.2603
1760985596875,1004.23114
1760985596894,1004.2208
1760985596915,1004.28284
1760985596935,1004.3186
1760985596955,1004.40924
1760985596974,1004.41315
1760985596995,1004.48346
1760985597014,1004.501
1760985597034,1004.5128
1760985597055,1004.48395
1760985597075,1004.4858
1760985597095,1004.4421
1760985597115,1004.46454
1760985597134,1004.47925
1760985597154,1004.4374
1760985597175,1004.463
1760985597195,1004.42896
1760985597215,1004.3888
1760985597235,1004.3327
1760985597255,1004.2628
1760985597275,1004.0883
1760985597294,1003.90564
1760985597315,1003.6391
1760985597334,1003.2002
1760985597354,1002.8161
1760985597374,1002.47644
1760985597395,1002.33844
1760985597415,1002.29535
1760985597435,1002.43066
1760985597455,1002.6503
1760985597475,1002.8019
1760985597495,1002.84937
1760985597515,1002.8089
1760985597535,1002.66254
1760985597555,1002.59814
1760985597575,1002.52704
1760985597595,1002.53625
1760985597615,1002.5444
1760985597634,1002.5803
1760985597655,1002.60205
1760985597674,1002.6558
1760985597695,1002.7028
1760985597715,1002.73004
1760985597735,1002.7613
1760985597755,1002.80536
1760985597775,1002.8611
1760985597795,1002.97766
1760985597814,1003.1905
1760985597835,1003.4366
1760985597854,1003.52203
1760985597875,1003.5795
1760985597895,1003.6683
1760985597915,1003.84845
1760985597935,1004.08734
1760985597955,1004.2038
1760985597975,1004.0638
1760985597995,1003.66895
1760985598015,1003.54675
1760985598035,1003.5905
1760985598055,1003.55396
1760985598075,1003.3788
1760985598095,1003.33234
1760985598115,1003.5159
1760985598134,1003.7656
1760985598154,1003.92065
1760985598175,1003.9492
1760985598195,1003.9097
1760985598215,1003.8297
1760985598235,1003.77423
1760985598255,1003.90735
1760985598274,1004.15344
1760985598295,1004.2677
1760985598315,1004.3289
1760985598334,1004.29926
1760985598355,1004.2602
1760985598375,1004.1866
1760985598395,1004.1369
1760985598415,1004.14874
1760985598435,1004.18207
1760985598455,1004.1308
1760985598475,1004.10364
1760985598495,1004.0908
1760985598515,1004.1224
1760985598535,1004.09814
1760985598555,1003.95844
1760985598575,1003.83
1760985598595,1003.4394
1760985598615,1003.03735
1760985598635,1002.6516
1760985598655,1002.3741
1760985598674,1002.2616
1760985598695,1002.3122
1760985598715,1002.5622
1760985598735,1002.83923
1760985598754,1002.883
1760985598775,1002.6536
1760985598795,1002.4378
1760985598815,1002.3186
1760985598834,1002.3263
1760985598855,1002.3594
1760985598875,1002.47766
1760985598895,1002.5513
1760985598915,1002.6286
1760985598934,1002.7038
1760985598954,1002.7361
1760985598974,1002.7581
1760985598994,1002.7847
1760985599014,1002.83
1760985599035,1002.85504
1760985599055,1002.8977
1760985599075,1002.96844
1760985599094,1003.0011
1760985599114,1003.13
1760985599134,1003.198
1760985599154,1003.28845
1760985599175,1003.3872
1760985599195,1003.42957
1760985599215,1003.4386
1760985599235,1003.6392
1760985599254,1003.6953
1760985599274,1003.4547
1760985599294,1003.28394
1760985599315,1003.15765
1760985599335,1003.0653
1760985599355,1003.0797
1760985599375,1003.185
1760985599395,1003.3292
1760985599415,1003.3861
1760985599434,1003.3674
1760985599454,1003.33624
1760985599474,1003.30035
1760985599494,1003.3889
1760985599515,1003.5649
1760985599535,1003.74146
1760985599555,1003.90283
1760985599574,1003.9719
1760985599594,1004.04395
1760985599614,1004.16876
1760985599634,1004.2588
1760985599655,1004.3217
1760985599675,1004.3352
1760985599695,1004.3663
1760985599715,1004.3778
1760985599734,1004.35284
1760985599754,1004.3064
1760985599775,1004.325
1760985599795,1004.3855
1760985599814,1004.42926
1760985599835,1004.495
1760985599855,1004.5227
1760985599875,1004.47144
1760985599897,1004.3806
1760985599914,1004.3289
1760985599935,1004.2627
1760985599954,1004.1891
1760985599974,1004.133
1760985599995,1003.9578
1760985600015,1003.6786
1760985600035,1003.35236
1760985600055,1003.0742
1760985600074,1002.96344
1760985600094,1002.90796
1760985600114,1002.8892
1760985600134,1002.763
1760985600155,1002.6363
1760985600175,1002.53
1760985600195,1002.42346
1760985600215,1002.30707
1760985600235,1002.2591
1760985600255,1002.2027
1760985600275,1002.22766
1760985600294,1002.23346
1760985600314,1002.29407
1760985600335,1002.34863
1760985600355,1002.4222
1760985600375,1002.5225
1760985600395,1002.637
1760985600415,1002.71533
1760985600435,1002.7494
1760985600455,1002.8049
1760985600475,1002.80316
1760985600495,1002.8303
1760985600515,1002.9222
1760985600535,1002.98785
1760985600555,1003.05145
1760985600575,1003.0761
1760985600595,1003.1594
1760985600615,1003.22815
1760985600634,1003.29376
1760985600655,1003.42737
1760985600675,1003.5152
1760985600695,1003.54645
1760985600715,1003.3799
1760985600734,1003.2644
1760985600755,1003.15533
1760985600774,1003.0383
1760985600794,1002.9541
1760985600815,1002.96124
1760985600835,1003.0147
1760985600855,1003.10815
1760985600874,1003.17816
1760985600895,1003.2631
1760985600914,1003.36066
1760985600935,1003.48376
1760985600955,1003.59796
1760985600975,1003.73627
1760985600995,1003.84143
1760985601015,1003.91534
1760985601035,1004.04285
1760985601055,1004.16736
1760985601075,1004.2758
1760985601095,1004.3219
1760985601114,1004.35846
1760985601134,1004.40594
1760985601155,1004.4519
1760985601175,1004.54126
1760985601196,1004.5
1760985601215,1004.5491
1760985601235,1004.59705
1760985601255,1004.6136
1760985601275,1004.59143
1760985601295,1004.53156
1760985601315,1004.41125
1760985601336,1004.2589
1760985601356,1004.10504
1760985601375,1003.9891
1760985601395,1003.8771
1760985601414,1003.6952
1760985601435,1003.4205
1760985601455,1003.1816
1760985601475,1002.9338
1760985601495,1002.79645
1760985601516,1002.7464
1760985601535,1002.718
1760985601555,1002.5574
1760985601574,1002.46124
1760985601595,1002.40955
1760985601615,1002.3713
1760985601635,1002.3797
1760985601655,1002.3927
1760985601675,1002.3872
1760985601695,1002.3855
1760985601714,1002.403
1760985601735,1002.42847
1760985601754,1002.4325
1760985601774,1002.47723
1760985601795,1002.5283
1760985601815,1002.5585
1760985601835,1002.59595
1760985601854,1002.67096
1760985601875,1002.73737
1760985601895,1002.73895
1760985601915,1002.8099
1760985601935,1002.8799
1760985601955,1002.9939
1760985601975,1003.09814
1760985601995,1003.2319
1760985602014,1003.4019
1760985602035,1003.5711
1760985602055,1003.5047
1760985602075,1003.3074
1760985602094,1003.28864
1760985602114,1003.2775
1760985602135,1003.1286
1760985602156,1003.10767
1760985602176,1003.048
1760985602195,1003.0819
1760985602215,1003.1436
1760985602235,1003.2377
1760985602254,1003.34985
1760985602275,1003.4514
1760985602295,1003.4866
1760985602315,1003.5181
1760985602335,1003.613
1760985602355,1003.73926
1760985602375,1003.8358
1760985602395,1003.8928
1760985602415,1003.8991
1760985602435,1003.90283
1760985602455,1004.0216
1760985602476,1004.0763
1760985602495,1004.1278
1760985602514,1004.08594
1760985602535,1004.1427
1760985602555,1004.2103
1760985602575,1004.16785
1760985602595,1004.1297
1760985602615,1004.1935
1760985602635,1004.3291
1760985602656,1004.4086
1760985602675,1004.35846
1760985602695,1004.2566
1760985602715,1004.22894
1760985602734,1004.03955
1760985602755,1003.9403
1760985602775,1003.70593
1760985602795,1003.3989
1760985602815,1003.07
1760985602835,1002.87427
1760985602855,1002.803
1760985602875,1002.7377
1760985602894,1002.6736
1760985602915,1002.6141
1760985602935,1002.5266
1760985602955,1002.463
1760985602975,1002.4558
1760985602995,1002.4258
1760985603015,1002.3939
1760985603035,1002.36426
1760985603055,1002.3199
1760985603075,1002.3761
1760985603095,1002.40454
1760985603115,1002.4636
1760985603135,1002.5541
1760985603155,1002.6882
1760985603174,1002.77234
1760985603195,1002.8622
1760985603215,1002.8853
1760985603235,1002.90125
1760985603255,1002.9353
1760985603275,1002.9481
1760985603296,1002.9758
1760985603316,1003.0594
1760985603335,1003.09515
1760985603355,1003.1511
1760985603374,1003.2522
1760985603394,1003.3942
1760985603414,1003.48157
1760985603435,1003.48987
1760985603455,1003.41516
1760985603475,1003.3372
1760985603495,1003.15564
1760985603514,1003.04407
1760985603535,1003.0141
1760985603554,1003.0131
1760985603574,1003.10455
1760985603595,1003.22736
1760985603615,1003.35016
1760985603635,1003.4244
1760985603655,1003.4366
1760985603674,1003.40015
1760985603695,1003.40375
1760985603715,1003.5069
1760985603734,1003.6235
1760985603755,1003.7386
1760985603775,1003.85425
1760985603795,1003.9216
1760985603815,1004.05066
1760985603835,1004.1486
1760985603855,1004.1836
1760985603875,1004.16034
1760985603894,1004.16956
1760985603915,1004.15753
1760985603935,1004.196
1760985603955,1004.2631
1760985603975,1004.30347
1760985603995,1004.2919
1760985604015,1004.2122
1760985604035,1004.11536
1760985604054,1004.09485
1760985604074,1003.9517
1760985604095,1003.8627
1760985604115,1003.7431
1760985604135,1003.53625
1760985604155,1003.2003
1760985604175,1002.8835
1760985604195,1002.6907
1760985604217,1002.6313
1760985604235,1002.66016
1760985604255,1002.6369
1760985604275,1002.60925
1760985604295,1002.54236
1760985604314,1002.4905
1760985604334,1002.4516
1760985604354,1002.4383
1760985604374,1002.39453
1760985604394,1002.35596
1760985604415,1002.36426
1760985604435,1002.3944
1760985604455,1002.42145
1760985604475,1002.5116
1760985604495,1002.5919
1760985604515,1002.6925
1760985604535,1002.7427
1760985604555,1002.79456
1760985604575,1002.7692
1760985604595,1002.7549
1760985604615,1002.78986
1760985604634,1002.8186
1760985604655,1002.8917
1760985604675,1002.9297
1760985604695,1003.0074
1760985604715,1003.0653
1760985604735,1003.10425
1760985604755,1003.196
1760985604775,1003.28754
1760985604795,1003.3591
1760985604815,1003.29517
1760985604835,1003.2089
1760985604854,1003.08093
1760985604874,1002.98065
1760985604895,1002.93176
1760985604915,1002.9261
1760985604938,1002.9719
1760985604955,1003.0486
1760985604974,1003.1271
1760985604994,1003.1847
1760985605014,1003.218
1760985605034,1003.2958
1760985605055,1003.40094
1760985605075,1003.5178
1760985605095,1003.6303
1760985605114,1003.7455
1760985605135,1003.8372
1760985605154,1003.9533
1760985605174,1004.0241
1760985605195,1004.1316
1760985605215,1004.14233
1760985605235,1004.1907
1760985605255,1004.22174
1760985605275,1004.21893
1760985605294,1004.2599
1760985605315,1004.30927
1760985605335,1004.35675
1760985605354,1004.41626
1760985605375,1004.46655
1760985605395,1004.4086
1760985605415,1004.28656
1760985605435,1004.09406
1760985605455,1003.9438
1760985605475,1003.62
1760985605496,1003.5883
1760985605516,1003.56177
1760985605535,1003.34753
1760985605555,1003.0577
1760985605575,1002.79395
1760985605596,1002.6388
1760985605615,1002.6441
1760985605635,1002.65796
1760985605654,1002.61426
1760985605675,1002.5383
1760985605696,1002.4555
1760985605715,1002.40704
1760985605736,1002.3722
1760985605755,1002.3186
1760985605775,1002.28784
1760985605795,1002.3369
1760985605815,1002.30927
1760985605835,1002.3353
1760985605855,1002.41187
1760985605875,1002.5094
1760985605895,1002.6267
1760985605916,1002.6969
1760985605934,1002.73596
1760985605954,1002.7728
1760985605974,1002.7919
1760985605995,1002.8044
1760985606015,1002.8161
1760985606035,1002.85626
1760985606055,1002.8969
1760985606075,1002.9566
1760985606095,1003.0097
1760985606115,1003.0594
1760985606135,1003.0958
1760985606154,1003.15625
1760985606175,1003.3124
1760985606195,1003.4033
1760985606215,1003.46594
1760985606235,1003.5564
1760985606254,1003.53
1760985606275,1003.33234
1760985606295,1003.21423
1760985606315,1003.0214
1760985606335,1002.91376
1760985606355,1002.8319
1760985606375,1002.85187
1760985606396,1002.9413
1760985606415,1003.0564
1760985606435,1003.1514
1760985606455,1003.2633
1760985606475,1003.3827
1760985606495,1003.5061
1760985606515,1003.67017
1760985606535,1003.79596
1760985606556,1003.9258
1760985606575,1004.0064
1760985606595,1004.0922
1760985606615,1004.2041
1760985606635,1004.3263
1760985606654,1004.37067
1760985606675,1004.4539
1760985606695,1004.5214
1760985606715,1004.593
1760985606736,1004.6261
1760985606755,1004.65265
1760985606775,1004.5778
1760985606794,1004.5183
1760985606815,1004.4458
1760985606835,1004.298
1760985606855,1004.0817
1760985606875,1004.05396
1760985606896,1003.9116
1760985606915,1003.7805
1760985606935,1003.5408
1760985606954,1003.2063
1760985606974,1002.8308
1760985606995,1002.59894
1760985607015,1002.5089
1760985607035,1002.5164
1760985607056,1002.54816
1760985607075,1002.52844
1760985607094,1002.47156
1760985607115,1002.4008
1760985607135,1002.3967
1760985607154,1002.34485
1760985607175,1002.3197
1760985607195,1002.27954
1760985607215,1002.2666
1760985607235,1002.30597
1760985607255,1002.34503
1760985607275,1002.42316
1760985607295,1002.51
1760985607314,1002.5466
1760985607335,1002.6278
1760985607355,1002.66406
1760985607375,1002.66736
1760985607396,1002.69165
1760985607414,1002.7041
1760985607435,1002.7311
1760985607455,1002.8047
1760985607475,1002.8708
1760985607494,1002.92377
1760985607515,1002.97095
1760985607535,1003.0172
1760985607555,1003.0589
1760985607574,1003.1414
1760985607594,1003.2642
1760985607614,1003.41656
1760985607634,1003.3135
1760985607654,1003.11005
1760985607675,1002.983
1760985607695,1002.90173
1760985607715,1002.938
1760985607734,1003.0525
1760985607754,1003.2222
1760985607774,1003.3419
1760985607795,1003.36346
1760985607815,1003.3689
1760985607835,1003.4047
1760985607855,1003.4708
1760985607875,1003.60547
1760985607894,1003.71655
1760985607915,1003.79846
1760985607935,1003.8861
1760985607955,1004.0139
1760985607974,1004.1569
1760985607995,1004.3033
1760985608015,1004.3819
1760985608035,1004.4506
1760985608054,1004.4925
1760985608075,1004.5756
1760985608094,1004.66785
1760985608115,1004.72174
1760985608135,1004.6772
1760985608155,1004.6044
1760985608175,1004.5014
1760985608196,1004.3686
1760985608215,1004.308
1760985608235,1004.1875
1760985608255,1004.061
1760985608275,1004.04846
1760985608295,1004.0727
1760985608315,1004.0494
1760985608336,1004.0667
1760985608356,1003.98535
1760985608376,1003.6769
1760985608395,1003.22473
1760985608415,1002.7614
1760985608435,1002.5066
1760985608455,1002.3746
1760985608475,1002.3786
1760985608495,1002.3952
1760985608515,1002.3364
1760985608536,1002.29755
1760985608555,1002.27783
1760985608575,1002.2183
1760985608595,1002.16956
1760985608615,1002.1491
1760985608635,1002.11676
1760985608655,1002.08765
1760985608675,1002.0713
1760985608695,1002.142
1760985608714,1002.22845
1760985608735,1002.2986
1760985608755,1002.3211
1760985608775,1002.35645
1760985608795,1002.4396
1760985608816,1002.49146
1760985608835,1002.5589
1760985608855,1002.6278
1760985608875,1002.7474
1760985608895,1002.8222
1760985608915,1002.85986
1760985608935,1002.8931
1760985608955,1002.8845
1760985608975,1002.90283
1760985608995,1002.945
1760985609016,1003.02704
1760985609035,1003.24146
1760985609055,1003.40985
1760985609075,1003.5005
1760985609095,1003.60486
1760985609115,1003.8181
1760985609135,1004.2
1760985609155,1004.11707
1760985609175,1003.77765
1760985609195,1003.35236
1760985609215,1003.14703
1760985609235,1003.1991
1760985609255,1003.15405
1760985609275,1003.0755
1760985609294,1003.08813
1760985609315,1003.21844
1760985609335,1003.4097
1760985609354,1003.5072
1760985609374,1003.5564
1760985609395,1003.5853
1760985609415,1003.5719
1760985609435,1003.5583
1760985609455,1003.65625
1760985609475,1003.8162
1760985609495,1003.91644
1760985609515,1003.9319
1760985609535,1003.9335
1760985609554,1003.9488
1760985609574,1003.9577
1760985609594,1003.96124
1760985609615,1003.9366
1760985609635,1003.97864
1760985609655,1003.97754
1760985609675,1004.02264
1760985609694,1004.0266
1760985609714,1004.01
1760985609734,1003.97864
1760985609755,1003.9608
1760985609775,1003.9488
1760985609795,1003.92255
1760985609815,1003.93
1760985609835,1003.98505
1760985609855,1003.97595
1760985609875,1004.0016
1760985609895,1003.91174
1760985609915,1003.72437
1760985609935,1003.5038
1760985609955,1003.1119
1760985609976,1002.6908
1760985609996,1002.2472
1760985610015,1002.0
1760985610035,1002.0077
1760985610055,1002.2103
1760985610075,1002.61035
1760985610095,1002.83984
1760985610115,1002.8181
1760985610135,1002.517
1760985610156,1002.2144
1760985610175,1002.0594
1760985610195,1002.018
1760985610215,1002.0613
1760985610235,1002.16296
1760985610256,1002.29266
1760985610276,1002.392
1760985610295,1002.4791
1760985610315,1002.5035
1760985610335,1002.52783
1760985610355,1002.48737
1760985610375,1002.4841
1760985610395,1002.5
1760985610415,1002.4999
1760985610435,1002.52
1760985610455,1002.61536
1760985610475,1002.6486
1760985610495,1002.74677
1760985610515,1002.8196
1760985610535,1002.886
1760985610555,1002.91473
1760985610575,1002.91235
1760985610595,1002.8172
1760985610615,1002.8241
1760985610636,1003.006
1760985610655,1003.2524
1760985610675,1003.15204
1760985610695,1003.0272
1760985610715,1002.9352
1760985610734,1002.8238
1760985610755,1002.7958
1760985610775,1002.8361
1760985610795,1002.941
1760985610815,1002.96533
1760985610834,1002.99207
1760985610855,1002.9353
1760985610875,1002.92456
1760985610895,1002.9553
1760985610914,1003.0319
1760985610935,1003.143
1760985610955,1003.28394
1760985610975,1003.3763
1760985610994,1003.54535
1760985611015,1003.7102
1760985611035,1003.8608
1760985611055,1004.0127
1760985611075,1004.1189
1760985611095,1004.173
1760985611116,1004.2045
1760985611135,1004.22955
1760985611155,1004.2444
1760985611174,1004.3044
1760985611194,1004.29736
1760985611215,1004.3174
1760985611235,1004.3119
1760985611255,1004.3119
1760985611275,1004.3181
1760985611295,1004.2836
1760985611314,1004.261
1760985611334,1004.27454
1760985611355,1004.29224
1760985611375,1004.2711
1760985611394,1004.1922
1760985611415,1004.0806
1760985611435,1003.8764
1760985611456,1003.54706
1760985611475,1003.1381
1760985611495,1002.78534
1760985611515,1002.5731
1760985611535,1002.4216
1760985611555,1002.3822
1760985611575,1002.30927
1760985611595,1002.22687
1760985611616,1002.16095
1760985611636,1002.1314
1760985611655,1002.09674
1760985611674,1002.0811
1760985611695,1002.0541
1760985611714,1002.0294
1760985611735,1002.04895
1760985611755,1002.03937
1760985611775,1002.0878
1760985611795,1002.1205
1760985611815,1002.2009
1760985611834,1002.2561
1760985611854,1002.3113
1760985611875,1002.34906
1760985611895,1002.4072
1760985611916,1002.445
1760985611935,1002.48175
1760985611955,1002.4983
1760985611975,1002.5813
1760985611995,1002.6317
1760985612015,1002.72266
1760985612035,1002.79266
1760985612055,1002.8881
1760985612075,1002.98425
1760985612095,1003.0766
1760985612115,1003.1864
1760985612135,1003.1853
1760985612155,1003.26984
1760985612175,1003.36926
1760985612195,1003.2258
1760985612215,1003.03516
1760985612235,1002.8714
1760985612255,1002.7147
1760985612275,1002.67004
1760985612295,1002.79016
1760985612315,1002.8778
1760985612335,1002.98676
1760985612355,1003.0139
1760985612375,1003.0419
1760985612395,1003.0483
1760985612416,1003.1138
1760985612435,1003.2064
1760985612455,1003.3208
1760985612474,1003.4382
1760985612495,1003.60406
1760985612515,1003.80035
1760985612535,1003.96564
1760985612555,1004.06177
1760985612575,1004.13574
1760985612595,1004.10785
1760985612615,1004.07983
1760985612634,1004.14813
1760985612654,1004.21985
1760985612675,1004.2677
1760985612695,1004.321
1760985612715,1004.3255
1760985612735,1004.36566
1760985612755,1004.3264
1760985612776,1004.1978
1760985612795,1004.0852
1760985612815,1003.9441
1760985612835,1003.7722
1760985612855,1003.74036
1760985612875,1003.5831
1760985612895,1003.41187
1760985612915,1003.126
1760985612936,1002.84894
1760985612955,1002.628
1760985612975,1002.511
1760985612995,1002.49316
1760985613015,1002.4508
1760985613035,1002.41187
1760985613055,1002.34515
1760985613075,1002.2411
1760985613096,1002.1282
1760985613115,1002.04706
1760985613135,1001.9872
1760985613155,1001.97034
1760985613175,1001.9758
1760985613194,1002.0161
1760985613214,1002.11127
1760985613235,1002.15283
1760985613255,1002.17847
1760985613275,1002.1863
1760985613294,1002.2697
1760985613314,1002.34875
1760985613335,1002.3955
1760985613355,1002.47437
1760985613377,1002.5419
1760985613395,1002.59344
1760985613415,1002.58704
1760985613435,1002.6377
1760985613455,1002.637
1760985613475,1002.6978
1760985613495,1002.7125
1760985613515,1002.763
1760985613534,1002.85034
1760985613555,1002.9363
1760985613575,1003.0208
1760985613595,1003.1325
1760985613614,1003.205
1760985613634,1003.3716
1760985613654,1003.43317
1760985613675,1003.4722
1760985613694,1003.46
1760985613715,1003.34674
1760985613735,1003.2425
1760985613755,1003.08673
1760985613775,1002.9564
1760985613795,1002.8436
1760985613815,1002.80286
1760985613834,1002.85675
1760985613855,1002.9366
1760985613876,1002.9511
1760985613896,1002.9686
1760985613916,1002.97003
1760985613935,1002.97424
1760985613955,1002.9991
1760985613975,1003.04675
1760985613995,1003.1374
1760985614014,1003.2172
1760985614036,1003.29517
1760985614055,1003.3841
1760985614076,1003.4421
1760985614095,1003.5063
1760985614115,1003.59955
1760985614135,1003.7139
1760985614154,1003.8124
1760985614175,1003.8788
1760985614195,1003.9547
1760985614215,1004.0166
1760985614235,1004.07
1760985614255,1004.1186
1760985614275,1004.11566
1760985614294,1004.0716
1760985614315,1004.05817
1760985614335,1004.0494
1760985614355,1004.03973
1760985614375,1004.03613
1760985614396,1004.0056
1760985614415,1004.03735
1760985614435,1004.09814
1760985614455,1004.04565
1760985614475,1004.0646
1760985614495,1004.09894
1760985614515,1004.0036
1760985614536,1003.7798
1760985614555,1003.3827
1760985614574,1003.0089
1760985614595,1002.70984
1760985614615,1002.5074
1760985614635,1002.3852
1760985614655,1002.30347
1760985614675,1002.2128
1760985614696,1002.2003
1760985614715,1002.28687
1760985614736,1002.3852
1760985614755,1002.4358
1760985614775,1002.36127
1760985614795,1002.22266
1760985614815,1002.0805
1760985614835,1001.9925
1760985614855,1001.8973
1760985614875,1001.8747
1760985614895,1001.91644
1760985614914,1001.9697
1760985614934,1002.03253
1760985614954,1002.1091
1760985614974,1002.17596
1760985614994,1002.2689
1760985615015,1002.36285
1760985615035,1002.42175
1760985615055,1002.46423
1760985615075,1002.4886
1760985615094,1002.47046
1760985615114,1002.4594
1760985615135,1002.4552
1760985615155,1002.48236
1760985615175,1002.46124
1760985615195,1002.4847
1760985615215,1002.53296
1760985615235,1002.5286
1760985615255,1002.58734
1760985615274,1002.6308
1760985615294,1002.7147
1760985615315,1002.79047
1760985615335,1002.8169
1760985615355,1002.8369
1760985615375,1002.8817
1760985615395,1002.8697
1760985615415,1002.79175
1760985615434,1002.7966
1760985615454,1002.8619
1760985615475,1003.1166
1760985615495,1003.14594
1760985615515,1003.15985
1760985615535,1003.2081
1760985615555,1003.2472
1760985615575,1003.2542
1760985615594,1003.1822
1760985615614,1003.0661
1760985615635,1003.03125
1760985615655,1002.97546
1760985615675,1002.9425
1760985615695,1002.9316
1760985615715,1002.9461
1760985615734,1002.9675
1760985615755,1003.01953
1760985615775,1003.03925
1760985615795,1003.068
1760985615815,1003.1222
1760985615835,1003.2705
1760985615855,1003.4541
1760985615876,1003.6177
1760985615894,1003.7691
1760985615915,1003.8922
1760985615935,1003.96484
1760985615955,1004.0144
1760985615974,1004.0635
1760985615995,1004.11017
1760985616015,1004.16064
1760985616035,1004.22253
1760985616055,1004.24097
1760985616075,1004.22015
1760985616095,1004.3274
1760985616115,1004.29285
1760985616135,1004.28534
1760985616155,1004.30005
1760985616175,1004.2686
1760985616195,1004.1994
1760985616214,1004.08594
1760985616234,1003.98956
1760985616255,1003.91864
1760985616275,1003.8305
1760985616295,1003.765
1760985616315,1003.6282
1760985616335,1003.65796
1760985616355,1003.5647
1760985616375,1003.4339
1760985616395,1003.2703
1760985616415,1002.9555
1760985616435,1002.6853
1760985616455,1002.4517
1760985616475,1002.3063
1760985616496,1002.1814
1760985616516,1002.1129
1760985616535,1002.063
1760985616555,1002.0164
1760985616575,1001.99
1760985616595,1001.99286
1760985616615,1001.96924
1760985616635,1001.9378
1760985616656,1001.9205
1760985616676,1001.92487
1760985616695,1001.9533
1760985616715,1001.941
1760985616735,1001.9952
1760985616755,1002.01
1760985616775,1002.0691
1760985616795,1002.10095
1760985616816,1002.1947
1760985616836,1002.2369
1760985616857,1002.3016
1760985616875,1002.35754
1760985616896,1002.3903
1760985616915,1002.41003
1760985616936,1002.435
1760985616956,1002.48065
1760985616976,1002.47363
1760985616996,1002.48145
1760985617016,1002.5227
1760985617035,1002.5783
1760985617056,1002.6305
1760985617075,1002.66534
1760985617095,1002.73785
1760985617115,1002.8411
1760985617136,1002.9669
1760985617156,1003.0269
1760985617176,1003.0677
1760985617195,1003.03033
1760985617215,1002.91705
1760985617235,1002.8278
1760985617255,1002.80316
1760985617275,1002.77954
1760985617295,1002.78644
1760985617316,1002.8063
1760985617336,1002.90894
1760985617355,1002.97955
1760985617375,1003.0103
1760985617396,1002.97595
1760985617415,1002.9655
1760985617435,1002.98956
1760985617455,1003.0819
1760985617476,1003.1874
1760985617496,1003.3274
1760985617515,1003.4377
1760985617535,1003.59454
1760985617556,1003.7603
1760985617575,1003.90594
1760985617595,1004.0227
1760985617615,1004.0258
1760985617635,1004.0806
1760985617656,1004.1349
1760985617675,1004.21674
1760985617695,1004.28156
1760985617715,1004.30286
1760985617735,1004.26733
1760985617755,1004.29614
1760985617776,1004.34766
1760985617796,1004.35046
1760985617816,1004.29626
1760985617836,1004.1963
1760985617855,1004.1241
1760985617876,1003.92316
1760985617895,1003.78723
1760985617915,1003.6286
1760985617935,1003.3863
1760985617956,1003.0322
1760985617976,1002.70734
1760985617996,1002.5236
1760985618015,1002.3919
1760985618036,1002.358
1760985618055,1002.3677
1760985618075,1002.29926
1760985618096,1002.2139
1760985618116,1002.14734
1760985618136,1002.0736
1760985618155,1002.02783
1760985618175,1002.02
1760985618196,1002.02454
1760985618215,1001.97485
1760985618236,1001.95593
1760985618256,1001.9353
1760985618276,1001.9911
1760985618295,1002.0853
1760985618316,1002.16644
1760985618335,1002.2697
1760985618355,1002.40173
1760985618375,1002.47784
1760985618395,1002.5641
1760985618415,1002.58484
1760985618435,1002.59644
1760985618456,1002.5774
1760985618476,1002.60626
1760985618495,1002.66156
1760985618515,1002.7592
1760985618535,1002.8077
1760985618555,1002.8916
1760985618575,1003.0347
1760985618595,1003.1953
1760985618616,1003.36145
1760985618636,1003.5089
1760985618655,1003.5728
1760985618675,1003.46124
1760985618695,1003.2819
1760985618715,1003.1233
1760985618735,1003.0134
1760985618756,1002.90015
1760985618776,1002.80664
1760985618796,1002.79047
1760985618815,1002.7688
1760985618835,1002.8361
1760985618855,1002.8925
1760985618875,1002.9319
1760985618895,1002.9533
1760985618915,1003.0189
1760985618935,1003.1255
1760985618956,1003.21704
1760985618976,1003.3845
1760985618995,1003.47705
1760985619016,1003.583
1760985619035,1003.68677
1760985619055,1003.8036
1760985619075,1003.9044
1760985619095,1003.99097
1760985619117,1004.0444
1760985619136,1004.0797
1760985619156,1004.1275
1760985619175,1004.17126
1760985619195,1004.2161
1760985619215,1004.2583
1760985619235,1004.29877
1760985619255,1004.23047
1760985619276,1004.1264
1760985619296,1004.1235
1760985619315,1003.9525
1760985619336,1003.7711
1760985619357,1003.6247
1760985619375,1003.46954
1760985619395,1003.2219
1760985619415,1002.97687
1760985619436,1002.78723
1760985619456,1002.6069
1760985619475,1002.468
1760985619495,1002.4375
1760985619515,1002.4506
1760985619536,1002.41473
1760985619555,1002.31067
1760985619576,1002.1874
1760985619596,1002.10645
1760985619616,1001.98596
1760985619635,1001.948
1760985619655,1001.9216
1760985619676,1001.92316
1760985619695,1001.9597
1760985619715,1001.98004
1760985619735,1002.0572
1760985619756,1002.16187
1760985619776,1002.21515
1760985619795,1002.2197
1760985619815,1002.3366
1760985619835,1002.52783
1760985619855,1002.6175
1760985619875,1002.6472
1760985619895,1002.65594
1760985619915,1002.60223
1760985619936,1002.548
1760985619956,1002.5625
1760985619976,1002.6275
1760985619995,1002.6503
1760985620015,1002.7002
1760985620035,1002.78015
1760985620055,1002.8281
1760985620076,1002.86206
1760985620097,1003.0228
1760985620116,1003.04376
1760985620136,1003.09235
1760985620156,1003.0672
1760985620175,1003.1296
1760985620195,1003.198
1760985620215,1003.2056
1760985620236,1003.1374
1760985620257,1003.0805
1760985620276,1003.10846
1760985620295,1002.9964
1760985620315,1002.9719
1760985620335,1002.9639
1760985620356,1002.9255
1760985620375,1002.88
1760985620395,1002.8358
1760985620416,1002.8206
1760985620436,1002.7955
1760985620455,1002.8163
1760985620475,1002.7549
1760985620495,1002.72235
1760985620516,1002.6705
1760985620536,1002.636
1760985620556,1002.65533
1760985620576,1002.7355
1760985620596,1002.6841
1760985620615,1002.5632
1760985620636,1002.5036
1760985620656,1002.5828
1760985620676,1002.67377
1760985620695,1002.65924
1760985620715,1002.623
1760985620735,1002.5544
1760985620756,1002.54956
1760985620775,1002.55536
1760985620795,1002.4639
1760985620815,1002.32983
1760985620835,1002.0672
1760985620855,1001.7672
1760985620875,1001.5469
1760985620896,1001.48157
1760985620916,1001.3749
1760985620936,1001.2874
1760985620955,1001.2147
1760985620975,1001.10895
1760985620995,1001.1257
1760985621016,1001.2019
1760985621036,1001.2516
1760985621056,1001.29645
1760985621076,1001.3166
1760985621096,1001.3636
1760985621116,1001.39453
1760985621135,1001.41797
1760985621155,1001.4502
1760985621175,1001.47406
1760985621195,1001.53296
1760985621216,1001.53
1760985621236,1001.56177
1760985621256,1001.59375
1760985621276,1001.5733
1760985621296,1001.59644
1760985621316,1001.6272
1760985621335,1001.9216
1760985621355,1002.0077
1760985621375,1001.98285
1760985621396,1001.86487
1760985621416,1001.89874
1760985621435,1002.04614
1760985621455,1002.0455
1760985621475,1002.04535
1760985621495,1002.0869
1760985621516,1002.1977
1760985621536,1002.3132
1760985621556,1002.34375
1760985621576,1002.39453
1760985621595,1002.3821
1760985621615,1002.40283
1760985621635,1002.4263
1760985621655,1002.4258
1760985621675,1002.41473
1760985621695,1002.4417
1760985621715,1002.42645
1760985621736,1002.4346
1760985621755,1002.4408
1760985621776,1002.43176
1760985621796,1002.47876
1760985621815,1002.52704
1760985621835,1002.5233
1760985621855,1002.52783
1760985621876,1002.5072
1760985621896,1002.52515
1760985621916,1002.5144
1760985621936,1002.54425
1760985621956,1002.6127
1760985621977,1002.66785
1760985621995,1002.65814
1760985622016,1002.6475
1760985622043,1002.61035
1760985622066,1002.60004
1760985622074,1002.6227
1760985622095,1002.6219
1760985622114,1002.61237
1760985622134,1002.60925
1760985622154,1002.6172
1760985622174,1002.6191
1760985622196,1002.6501
1760985622215,1002.6358
1760985622235,1002.631
1760985622258,1002.65015
1760985622274,1002.6839
1760985622294,1002.8605
1760985622315,1002.9486
1760985622334,1002.9413
1760985622355,1002.8708
1760985622375,1002.7436
1760985622395,1002.7377
1760985622415,1002.7052
1760985622434,1002.66125
1760985622455,1002.65314
1760985622475,1002.66895
1760985622495,1002.6913
1760985622515,1002.7052
1760985622535,1002.6866
1760985622556,1002.6852
1760985622575,1002.705
1760985622594,1002.6883
1760985622614,1002.73895
1760985622634,1002.73926
1760985622655,1002.7477
1760985622675,1002.7595
1760985622695,1002.72754
1760985622715,1002.73846
1760985622735,1002.72125
1760985622755,1002.7663
1760985622775,1002.77203
1760985622795,1002.74316
1760985622815,1002.71844
1760985622836,1002.7044
1760985622855,1002.6916
1760985622876,1002.6956
1760985622895,1002.71375
1760985622914,1002.71173
1760985622935,1002.69025
1760985622955,1002.7063
1760985622975,1002.72736
1760985622995,1002.7717
1760985623016,1002.73175
1760985623035,1002.6358
1760985623056,1002.6716
1760985623075,1002.72455
1760985623095,1002.72156
1760985623115,1002.6902
1760985623135,1002.71063
1760985623155,1002.6991
1760985623175,1002.6794
1760985623195,1002.6869
1760985623215,1002.71704
1760985623235,1002.7397
1760985623255,1002.71564
1760985623275,1002.71454
1760985623296,1002.6863
1760985623315,1002.71063
1760985623335,1002.73737
1760985623355,1002.7549
1760985623375,1002.74677
1760985623394,1002.67456
