1761099436643,1001.993
1761099436663,1001.89624
1761099436683,1001.82983
1761099436702,1001.80817
1761099436722,1001.8783
1761099436742,1001.9581
1761099436762,1002.0227
1761099436782,1002.0706
1761099436802,1002.10767
1761099436823,1002.05707
1761099436843,1001.98846
1761099436862,1001.8884
1761099436882,1001.8405
1761099436902,1001.7555
1761099436923,1001.72534
1761099436943,1001.7447
1761099436962,1001.77783
1761099436983,1001.7606
1761099437003,1001.803
1761099437022,1001.8735
1761099437043,1001.8861
1761099437063,1001.91504
1761099437082,1001.8792
1761099437102,1001.8713
1761099437122,1001.8627
1761099437143,1001.86255
1761099437163,1001.85175
1761099437184,1001.8641
1761099437202,1001.94
1761099437222,1002.0269
1761099437243,1002.0161
1761099437263,1002.04614
1761099437283,1002.04706
1761099437303,1002.025
1761099437323,1002.0141
1761099437344,1001.9358
1761099437363,1001.9421
1761099437383,1001.92706
1761099437402,1001.96515
1761099437423,1001.9433
1761099437443,1001.90515
1761099437463,1001.9219
1761099437484,1001.9244
1761099437503,1001.945
1761099437523,1001.9407
1761099437542,1001.97314
1761099437563,1001.96924
1761099437583,1002.0046
1761099437603,1001.97754
1761099437623,1001.96704
1761099437643,1001.9719
1761099437663,1001.9453
1761099437683,1001.91437
1761099437703,1001.8979
1761099437723,1001.8894
1761099437743,1001.895
1761099437763,1001.90656
1761099437782,1001.8975
1761099437803,1001.91595
1761099437823,1001.9294
1761099437843,1001.9514
1761099437863,1001.97906
1761099437883,1002.006
1761099437902,1002.0186
1761099437922,1002.0333
1761099437942,1002.0466
1761099437963,1002.0625
1761099437983,1002.0761
1761099438004,1002.0749
1761099438022,1002.08875
1761099438042,1002.0805
1761099438063,1002.0841
1761099438083,1002.09393
1761099438103,1002.0781
1761099438123,1002.09314
1761099438143,1002.0961
1761099438164,1002.09424
1761099438183,1002.0739
1761099438203,1002.08234
1761099438223,1002.08453
1761099438243,1002.0759
1761099438263,1002.0819
1761099438284,1002.04126
1761099438303,1002.03754
1761099438323,1002.0705
1761099438343,1002.05005
1761099438363,1002.0725
1761099438382,1002.0689
1761099438402,1002.0802
1761099438422,1002.10864
1761099438443,1002.0808
1761099438463,1002.1111
1761099438483,1002.09595
1761099438504,1002.0767
1761099438523,1002.0641
1761099438548,1002.0272
1761099438564,1002.0308
1761099438582,1002.02124
1761099438602,1001.9949
1761099438622,1001.9733
1761099438643,1001.9644
1761099438664,1001.9514
1761099438682,1001.91364
1761099438702,1001.9108
1761099438722,1001.9208
1761099438743,1001.92004
1761099438763,1001.9511
1761099438783,1002.03375
1761099438803,1002.09625
1761099438823,1002.1389
1761099438843,1002.1569
1761099438863,1002.1866
1761099438883,1002.1841
1761099438903,1002.1935
1761099438922,1002.22864
1761099438942,1002.23596
1761099438963,1002.22845
1761099438983,1002.2544
1761099439003,1002.2688
1761099439022,1002.23267
1761099439042,1002.2333
1761099439063,1002.23956
1761099439082,1002.2369
1761099439102,1002.22784
1761099439123,1002.24286
1761099439143,1002.23755
1761099439163,1002.22125
1761099439183,1002.2194
1761099439203,1002.1833
1761099439222,1002.21423
1761099439242,1002.2009
1761099439264,1002.22296
1761099439285,1002.22955
1761099439303,1002.2111
1761099439323,1002.22437
1761099439342,1002.2444
1761099439363,1002.2402
1761099439382,1002.29126
1761099439403,1002.3063
1761099439425,1002.2997
1761099439442,1002.3128
1761099439467,1002.3186
1761099439483,1002.3391
1761099439502,1002.463
1761099439522,1002.41956
1761099439542,1002.3236
1761099439562,1002.3458
1761099439582,1002.3316
1761099439607,1002.388
1761099439623,1002.4047
1761099439643,1002.3611
1761099439664,1002.3305
1761099439684,1002.30115
1761099439703,1002.28534
1761099439723,1002.2764
1761099439743,1002.2567
1761099439764,1002.23285
1761099439784,1002.27
1761099439805,1002.34424
1761099439824,1002.5264
1761099439844,1002.64343
1761099439863,1002.73517
1761099439883,1002.7533
1761099439904,1002.8103
1761099439923,1003.1197
1761099439944,1003.565
1761099439964,1003.8194
1761099439985,1003.9283
1761099440003,1003.97253
1761099440024,1004.1328
1761099440043,1003.5764
1761099440064,1003.24066
1761099440084,1003.02594
1761099440104,1002.96094
1761099440124,1003.10394
1761099440144,1003.11456
1761099440164,1003.1741
1761099440183,1003.1927
1761099440205,1003.1994
1761099440224,1003.08
1761099440244,1002.8108
1761099440264,1002.5144
1761099440284,1002.2969
1761099440304,1002.1244
1761099440323,1001.96313
1761099440344,1001.8394
1761099440364,1001.7572
1761099440385,1001.7786
1761099440404,1001.8286
1761099440424,1001.84143
1761099440444,1001.8806
1761099440464,1001.91614
1761099440484,1001.943
1761099440503,1002.04236
1761099440523,1002.14343
1761099440551,1002.5086
1761099440569,1002.3886
1761099440583,1002.43
1761099440603,1002.33453
1761099440624,1002.2025
1761099440644,1002.0784
1761099440663,1002.0172
1761099440683,1001.98737
1761099440703,1001.92847
1761099440723,1001.9508
1761099440743,1001.9872
1761099440763,1002.0491
1761099440784,1002.1406
1761099440804,1002.1152
1761099440823,1002.17255
1761099440844,1002.3133
1761099440863,1002.1438
1761099440883,1002.1519
1761099440904,1002.3224
1761099440923,1002.28424
1761099440944,1002.0628
1761099440964,1002.03766
1761099440983,1001.9589
1761099441003,1001.98846
1761099441024,1002.00946
1761099441043,1002.0155
1761099441063,1002.08954
1761099441083,1002.1269
1761099441104,1002.2638
1761099441124,1002.9513
1761099441144,1003.0649
1761099441163,1003.0806
1761099441183,1003.083
1761099441204,1003.3775
1761099441223,1003.67346
1761099441243,1003.756
1761099441264,1003.71313
1761099441284,1003.5786
1761099441304,1003.4386
1761099441323,1003.2377
1761099441343,1002.97845
1761099441363,1002.85315
1761099441384,1002.6814
1761099441403,1002.3913
1761099441424,1002.10626
1761099441444,1001.96063
1761099441465,1001.803
1761099441484,1001.73376
1761099441504,1001.74097
1761099441523,1001.751
1761099441543,1001.77875
1761099441564,1001.80786
1761099441584,1001.8306
1761099441604,1001.8735
1761099441624,1001.9352
1761099441643,1001.96313
1761099441663,1001.9517
1761099441683,1002.11176
1761099441704,1002.5189
1761099441723,1002.8705
1761099441744,1003.2836
1761099441764,1003.53735
1761099441785,1003.47345
1761099441805,1003.2061
1761099441823,1002.9533
1761099441844,1002.71375
1761099441863,1002.52094
1761099441884,1002.2558
1761099441904,1002.1364
1761099441924,1002.3033
1761099441944,1002.28986
1761099441965,1002.1225
1761099441984,1002.0039
1761099442004,1002.065
1761099442024,1001.933
1761099442044,1001.78784
1761099442064,1001.73376
1761099442084,1001.6896
1761099442104,1001.708
1761099442124,1001.70953
1761099442144,1001.73126
1761099442163,1001.71313
1761099442183,1001.743
1761099442204,1001.73315
1761099442224,1001.84125
1761099442244,1002.10065
1761099442264,1002.2027
1761099442285,1002.5641
1761099442303,1002.818
1761099442323,1003.0891
1761099442344,1003.3558
1761099442363,1003.5105
1761099442384,1003.6716
1761099442404,1003.7552
1761099442424,1003.7019
1761099442445,1003.6338
1761099442464,1003.623
1761099442483,1003.5494
1761099442504,1003.25714
1761099442523,1003.0347
1761099442544,1003.1155
1761099442568,1003.05707
1761099442583,1002.893
1761099442604,1002.47394
1761099442624,1002.1247
1761099442643,1001.84937
1761099442663,1001.6786
1761099442684,1001.609
1761099442703,1001.4964
1761099442723,1001.46234
1761099442744,1001.4619
1761099442764,1001.4829
1761099442784,1001.4975
1761099442803,1001.4963
1761099442823,1001.54315
1761099442843,1001.61206
1761099442864,1001.7433
1761099442883,1001.9261
1761099442903,1002.02783
1761099442924,1002.27783
1761099442944,1002.4986
1761099442963,1002.85315
1761099442983,1003.143
1761099443004,1003.066
1761099443023,1002.9519
1761099443044,1002.7688
1761099443064,1002.5674
1761099443084,1002.30035
1761099443105,1001.9971
1761099443123,1001.9383
1761099443144,1002.0864
1761099443164,1001.97363
1761099443183,1001.89
1761099443204,1001.78064
1761099443224,1001.8245
1761099443244,1001.80835
1761099443264,1001.65015
1761099443285,1001.5186
1761099443304,1001.5253
1761099443324,1001.54535
1761099443344,1001.53644
1761099443364,1001.52734
1761099443383,1001.5214
1761099443404,1001.5516
1761099443424,1001.57
1761099443445,1001.60046
1761099443464,1001.71124
1761099443483,1001.9421
1761099443503,1002.133
1761099443524,1002.34174
1761099443544,1002.4447
1761099443564,1002.72845
1761099443584,1003.0032
1761099443604,1003.21655
1761099443624,1003.35767
1761099443644,1003.4597
1761099443664,1003.5172
1761099443684,1003.54645
1761099443704,1003.46063
1761099443724,1003.22687
1761099443745,1002.91895
1761099443765,1002.72253
1761099443784,1002.34595
1761099443804,1002.17255
1761099443824,1001.8933
1761099443844,1001.72723
1761099443864,1001.59155
1761099443884,1001.46735
1761099443904,1001.42175
1761099443924,1001.4566
1761099443945,1001.5041
1761099443963,1001.54315
1761099443984,1001.5322
1761099444004,1001.59235
1761099444024,1001.64343
1761099444044,1001.7908
1761099444064,1001.8135
1761099444084,1001.98566
1761099444105,1002.2578
1761099444124,1002.4389
1761099444144,1002.91174
1761099444164,1003.42145
1761099444184,1003.47253
1761099444205,1003.37067
1761099444224,1003.10516
1761099444244,1002.8355
1761099444265,1002.5749
1761099444284,1002.2436
1761099444303,1001.9933
1761099444323,1002.0106
1761099444343,1002.2194
1761099444364,1002.1342
1761099444384,1001.8845
1761099444404,1001.72656
1761099444425,1001.79016
1761099444444,1001.8242
1761099444463,1001.6202
1761099444485,1001.4605
1761099444504,1001.458
1761099444524,1001.446
1761099444545,1001.4555
1761099444569,1001.41266
1761099444584,1001.4414
1761099444604,1001.47766
1761099444623,1001.4661
1761099444643,1001.5264
1761099444663,1001.7011
1761099444683,1001.9544
1761099444703,1002.2491
1761099444724,1002.48566
1761099444744,1002.71747
1761099444764,1003.0192
1761099444783,1003.28156
1761099444803,1003.48846
1761099444824,1003.65454
1761099444845,1003.7692
1761099444864,1003.7647
1761099444884,1003.7464
1761099444904,1003.52563
1761099444925,1003.20984
1761099444944,1003.2622
1761099444963,1003.09155
1761099444984,1002.8724
1761099445004,1002.27954
1761099445023,1001.8721
1761099445044,1001.6409
1761099445064,1001.4758
1761099445084,1001.3474
1761099445104,1001.3425
1761099445124,1001.3316
1761099445144,1001.37317
1761099445165,1001.3433
1761099445184,1001.3378
1761099445204,1001.383
1761099445224,1001.4319
1761099445245,1001.5677
1761099445265,1001.838
1761099445283,1002.09143
1761099445304,1002.3122
1761099445324,1002.6891
1761099445344,1003.1374
1761099445364,1003.43286
1761099445384,1003.42316
1761099445404,1003.20844
1761099445425,1002.98145
1761099445444,1002.7394
1761099445463,1002.333
1761099445483,1001.90643
1761099445504,1001.7077
1761099445524,1001.98096
1761099445544,1002.16113
1761099445565,1002.2031
1761099445585,1001.9313
1761099445604,1001.8361
1761099445623,1001.6439
1761099445643,1001.5697
1761099445664,1001.4964
1761099445684,1001.36176
1761099445704,1001.36005
1761099445724,1001.3316
1761099445744,1001.2969
1761099445764,1001.3185
1761099445783,1001.30005
1761099445804,1001.28613
1761099445823,1001.3213
1761099445844,1001.34595
1761099445864,1001.36816
1761099445884,1001.43427
1761099445904,1001.4033
1761099445925,1001.5666
1761099445943,1001.96173
1761099445963,1002.0305
1761099445983,1001.9474
1761099446004,1001.90594
1761099446025,1002.0555
1761099446044,1002.1522
1761099446064,1002.15796
1761099446085,1002.15906
1761099446103,1002.10126
1761099446123,1002.0613
1761099446143,1001.97644
1761099446163,1002.0071
1761099446184,1002.03687
1761099446205,1002.1119
1761099446225,1002.15204
1761099446245,1002.03754
1761099446264,1001.85425
1761099446283,1001.7645
1761099446303,1001.6744
1761099446324,1001.5544
1761099446344,1001.4974
1761099446364,1001.53546
1761099446384,1001.6389
1761099446404,1001.83374
1761099446423,1001.9047
1761099446444,1001.8391
1761099446464,1001.7655
1761099446484,1001.7636
1761099446504,1001.9658
1761099446524,1002.4494
1761099446544,1002.4305
1761099446565,1002.40906
1761099446584,1002.40643
1761099446603,1002.41046
1761099446624,1002.3735
1761099446643,1002.1791
1761099446664,1001.9686
1761099446684,1001.79816
1761099446705,1001.6694
1761099446724,1001.5797
1761099446744,1001.5869
1761099446763,1001.5969
1761099446783,1001.61285
1761099446803,1001.65985
1761099446824,1001.73755
1761099446843,1001.7553
1761099446864,1001.73004
1761099446884,1001.73126
1761099446905,1001.8858
1761099446924,1001.8956
1761099446943,1001.84393
1761099446964,1001.73627
1761099446984,1001.64954
1761099447004,1001.60315
1761099447024,1001.66986
1761099447045,1001.72406
1761099447065,1001.7444
1761099447083,1001.6936
1761099447104,1001.6413
1761099447123,1001.65784
1761099447143,1001.71814
1761099447164,1001.7014
1761099447184,1001.6894
1761099447204,1001.6995
1761099447224,1001.70703
1761099447245,1001.93005
1761099447263,1002.0308
1761099447284,1001.9314
1761099447304,1001.9425
1761099447324,1002.16516
1761099447344,1002.41266
1761099447364,1002.6296
1761099447384,1002.8121
1761099447405,1003.0653
1761099447424,1003.3317
1761099447443,1003.53534
1761099447464,1003.7111
1761099447484,1003.9341
1761099447504,1004.1658
1761099447524,1004.3674
1761099447545,1004.5049
1761099447565,1004.6289
1761099447584,1004.66626
1761099447603,1004.6411
1761099447624,1004.91547
1761099447644,1005.2366
1761099447664,1004.9377
1761099447684,1004.2535
1761099447705,1003.41516
1761099447725,1002.5569
1761099447744,1001.9533
1761099447764,1001.65204
1761099447783,1001.53845
1761099447804,1001.5064
1761099447824,1001.455
1761099447844,1001.3277
1761099447864,1001.11066
1761099447884,1001.0613
1761099447905,1001.05927
1761099447924,1001.0635
1761099447943,1001.12
1761099447963,1001.21564
1761099447985,1001.3102
1761099448004,1001.48285
1761099448024,1001.72156
1761099448044,1002.0633
1761099448065,1002.35376
1761099448084,1002.5894
1761099448104,1002.6221
1761099448124,1002.6836
1761099448144,1002.71844
1761099448164,1002.4961
1761099448184,1002.1334
1761099448204,1001.84625
1761099448225,1001.61456
1761099448243,1001.7617
1761099448263,1001.7719
1761099448283,1001.693
1761099448304,1001.5866
1761099448324,1001.59863
1761099448344,1001.6791
1761099448364,1001.5433
1761099448384,1001.30286
1761099448403,1001.2597
1761099448423,1001.21655
1761099448443,1001.2197
1761099448463,1001.2563
1761099448484,1001.2566
1761099448504,1001.2605
1761099448524,1001.28503
1761099448544,1001.28986
1761099448565,1001.3328
1761099448584,1001.54987
1761099448604,1001.97516
1761099448624,1002.3261
1761099448644,1002.47675
1761099448664,1002.7072
1761099448684,1002.9619
1761099448704,1003.1375
1761099448725,1003.2819
1761099448744,1003.3025
1761099448764,1003.23175
1761099448783,1003.0236
1761099448804,1002.86456
1761099448824,1002.9442
1761099448844,1002.7552
1761099448864,1002.5433
1761099448884,1001.9869
1761099448903,1001.7002
1761099448924,1001.4438
1761099448943,1001.28375
1761099448964,1001.20734
1761099448984,1001.2711
1761099449004,1001.262
1761099449024,1001.2627
1761099449045,1001.2599
1761099449064,1001.2811
1761099449083,1001.33704
1761099449104,1001.39
1761099449124,1001.52625
1761099449143,1001.79626
1761099449164,1001.993
1761099449184,1002.23376
1761099449205,1002.67816
1761099449225,1002.9971
1761099449243,1003.11847
1761099449264,1002.9419
1761099449283,1002.5911
1761099449304,1002.2836
1761099449324,1002.10187
1761099449344,1001.7386
1761099449364,1001.636
1761099449384,1001.9158
1761099449403,1001.78424
1761099449423,1001.5516
1761099449443,1001.54846
1761099449464,1001.54486
1761099449484,1001.61646
1761099449504,1001.46875
1761099449524,1001.23816
1761099449545,1001.22845
1761099449563,1001.2625
1761099449583,1001.2733
1761099449604,1001.28314
1761099449623,1001.2797
1761099449644,1001.31
1761099449664,1001.3175
1761099449684,1001.35297
1761099449705,1001.55707
1761099449724,1001.8216
1761099449744,1002.0671
1761099449763,1002.2491
1761099449783,1002.41785
1761099449804,1002.7452
1761099449824,1003.02094
1761099449844,1003.186
1761099449864,1003.21344
1761099449885,1003.208
1761099449904,1003.15454
1761099449924,1003.02734
1761099449944,1002.93494
1761099449964,1002.85925
1761099449984,1002.5599
1761099450005,1002.2433
1761099450025,1001.716
1761099450045,1001.5472
1761099450064,1001.393
1761099450084,1001.2638
1761099450103,1001.2211
1761099450124,1001.22504
1761099450144,1001.28296
1761099450164,1001.3394
1761099450184,1001.37036
1761099450205,1001.43207
1761099450225,1001.53796
1761099450244,1001.6286
1761099450264,1001.58624
1761099450284,1001.71924
1761099450304,1002.0588
1761099450324,1002.5702
1761099450344,1003.0792
1761099450365,1003.46533
1761099450384,1003.4392
1761099450403,1003.202
1761099450424,1002.7958
1761099450444,1002.4427
1761099450464,1002.0889
1761099450484,1001.71985
1761099450504,1001.74536
1761099450525,1002.03503
1761099450545,1001.98285
1761099450564,1001.7083
1761099450585,1001.645
1761099450603,1001.7161
1761099450624,1001.59454
1761099450644,1001.3317
1761099450664,1001.195
1761099450685,1001.21265
1761099450704,1001.22736
1761099450724,1001.1955
1761099450744,1001.2147
1761099450765,1001.22125
1761099450784,1001.2464
1761099450805,1001.26733
1761099450824,1001.29456
1761099450844,1001.42316
1761099450865,1001.67126
1761099450885,1001.9069
1761099450905,1002.2086
1761099450924,1002.4335
1761099450944,1002.7022
1761099450964,1002.9636
1761099450984,1003.1452
1761099451004,1003.23065
1761099451025,1003.24
1761099451044,1003.1863
1761099451063,1003.0777
1761099451083,1002.85394
1761099451104,1002.90314
1761099451123,1002.60846
1761099451144,1002.3752
1761099451165,1001.7574
1761099451185,1001.3919
1761099451205,1001.2661
1761099451224,1001.2064
1761099451243,1001.1763
1761099451265,1001.1533
1761099451284,1001.16846
1761099451304,1001.2731
1761099451324,1001.27814
1761099451345,1001.2772
1761099451365,1001.29407
1761099451384,1001.31
1761099451404,1001.3969
1761099451424,1001.67126
1761099451444,1001.9489
1761099451464,1002.1152
1761099451484,1002.47797
1761099451504,1002.96844
1761099451525,1003.30396
1761099451544,1003.2519
1761099451563,1002.9577
1761099451583,1002.5786
1761099451603,1002.24426
1761099451623,1001.98535
1761099451644,1001.7144
1761099451664,1001.60187
1761099451685,1001.79736
1761099451703,1001.8319
1761099451724,1001.8891
1761099451743,1001.958
1761099451764,1001.7308
1761099451784,1001.5841
1761099451804,1001.48016
1761099451824,1001.3636
1761099451844,1001.3216
1761099451865,1001.29443
1761099451883,1001.27515
1761099451903,1001.29236
1761099451923,1001.2711
1761099451944,1001.23645
1761099451964,1001.20874
1761099451984,1001.23755
1761099452004,1001.2549
1761099452025,1001.2908
1761099452043,1001.3361
1761099452064,1001.3361
1761099452083,1001.3641
1761099452104,1001.5205
1761099452124,1001.7758
1761099452144,1001.84
1761099452164,1001.90393
1761099452184,1001.90265
1761099452203,1001.9619
1761099452224,1002.01843
1761099452244,1002.03723
1761099452264,1001.97687
1761099452284,1001.90656
1761099452304,1001.85895
1761099452324,1001.8097
1761099452345,1001.8157
1761099452364,1001.85114
1761099452383,1001.91864
1761099452404,1001.99066
1761099452424,1001.98846
1761099452444,1001.9808
1761099452464,1001.9553
1761099452484,1001.9936
1761099452504,1002.2
1761099452524,1002.3305
1761099452543,1002.09344
1761099452563,1001.77454
1761099452583,1001.54816
1761099452604,1001.4697
1761099452624,1001.4291
1761099452644,1001.46844
1761099452664,1001.60846
1761099452684,1001.7141
1761099452703,1001.73267
1761099452724,1001.78503
1761099452743,1001.78595
1761099452764,1001.79126
1761099452784,1001.8619
1761099452804,1001.9319
1761099452824,1001.9385
1761099452845,1001.9455
1761099452864,1001.9403
1761099452883,1001.86957
1761099452904,1001.7564
1761099452924,1001.60846
1761099452944,1001.53876
1761099452964,1001.478
1761099452985,1001.4435
1761099453004,1001.4358
1761099453023,1001.4263
1761099453045,1001.47205
1761099453064,1001.5886
1761099453084,1001.66705
1761099453104,1001.66406
1761099453124,1002.28174
1761099453144,1001.96893
1761099453164,1001.61786
1761099453185,1001.5433
1761099453203,1001.561
1761099453225,1001.5761
1761099453244,1001.59314
1761099453264,1001.6455
1761099453283,1002.0677
1761099453303,1001.98315
1761099453324,1001.6985
1761099453344,1001.5797
1761099453363,1001.5561
1761099453383,1001.60876
1761099453404,1001.60876
1761099453423,1001.60284
1761099453444,1001.5889
1761099453464,1001.6194
1761099453484,1001.688
1761099453505,1001.72754
1761099453523,1001.73517
1761099453543,1001.7678
1761099453564,1001.86096
1761099453583,1001.9183
1761099453603,1001.9556
1761099453624,1002.0194
1761099453644,1002.0831
1761099453664,1002.185
1761099453683,1002.29364
1761099453703,1002.40564
1761099453723,1002.5067
1761099453744,1002.47736
1761099453764,1002.3249
1761099453784,1002.28656
1761099453804,1002.3138
1761099453824,1002.36597
1761099453845,1002.34235
1761099453864,1002.2425
1761099453883,1002.1547
1761099453903,1001.98096
1761099453924,1001.7411
1761099453944,1001.5647
1761099453964,1001.6069
1761099453984,1001.75
1761099454005,1001.92285
1761099454024,1001.9489
1761099454043,1001.9883
1761099454064,1001.9327
1761099454083,1001.8975
1761099454104,1001.9719
1761099454123,1002.0925
1761099454151,1002.2028
1761099454164,1002.3277
1761099454183,1002.4722
1761099454203,1002.5053
1761099454223,1002.29895
1761099454243,1001.8922
1761099454264,1001.7508
1761099454284,1001.62177
1761099454305,1001.5758
1761099454324,1001.53015
1761099454344,1001.5041
1761099454364,1001.5007
1761099454383,1001.5241
1761099454404,1001.60486
1761099454424,1001.5641
1761099454445,1001.5564
1761099454464,1001.51843
1761099454484,1001.53876
1761099454505,1001.8263
1761099454523,1002.3149
1761099454544,1001.7564
1761099454564,1001.6324
1761099454584,1001.7555
1761099454604,1002.1799
1761099454625,1002.5466
1761099454644,1002.6341
1761099454666,1002.9233
1761099454683,1003.30396
1761099454703,1003.7455
1761099454724,1004.1972
1761099454744,1004.34753
1761099454764,1004.4347
1761099454784,1004.41766
1761099454804,1004.33923
1761099454824,1004.05457
1761099454843,1003.59515
1761099454863,1003.267
1761099454883,1003.3375
1761099454904,1003.05005
1761099454924,1002.6166
1761099454944,1002.2672
1761099454965,1001.9145
1761099454984,1001.6464
1761099455003,1001.4405
1761099455023,1001.30426
1761099455043,1001.318
1761099455064,1001.2591
1761099455084,1001.1769
1761099455104,1001.15533
1761099455124,1001.2105
1761099455144,1001.3909
1761099455165,1001.5716
1761099455183,1001.7464
1761099455204,1001.98517
1761099455223,1002.47894
1761099455244,1003.09546
1761099455264,1003.463
1761099455284,1003.46643
1761099455304,1003.1683
1761099455325,1002.72687
1761099455343,1002.29175
1761099455364,1001.9375
1761099455384,1001.6263
1761099455404,1001.65845
1761099455424,1001.97144
1761099455445,1001.90955
1761099455465,1001.67737
1761099455484,1001.54236
1761099455503,1001.4536
1761099455523,1001.4553
1761099455544,1001.3691
1761099455563,1001.0283
1761099455584,1000.9955
1761099455604,1001.0641
1761099455624,1001.0191
1761099455644,1001.05396
1761099455663,1001.0706
1761099455684,1001.11536
1761099455703,1001.31
1761099455724,1001.6283
1761099455743,1001.73236
1761099455764,1002.03595
1761099455785,1002.273
1761099455805,1002.72766
1761099455825,1003.1264
1761099455843,1003.28815
1761099455864,1003.34863
1761099455883,1003.2419
1761099455904,1002.96265
1761099455924,1002.6872
1761099455945,1002.55206
1761099455964,1002.6697
1761099455985,1002.54895
1761099456003,1002.2502
1761099456023,1001.78503
1761099456043,1001.4236
1761099456063,1001.17816
1761099456084,1000.99536
1761099456104,1000.97784
1761099456125,1001.0138
1761099456144,1001.0661
1761099456164,1001.058
1761099456184,1001.08844
1761099456204,1001.1503
1761099456224,1001.28625
1761099456244,1001.53485
1761099456264,1001.72125
1761099456285,1001.9372
1761099456305,1002.0983
1761099456323,1002.5764
1761099456344,1002.9958
1761099456364,1003.0632
1761099456384,1002.7692
1761099456404,1002.35016
1761099456424,1002.0788
1761099456444,1001.72034
1761099456465,1001.5155
1761099456485,1001.5094
1761099456504,1001.3964
1761099456524,1001.2361
1761099456544,1001.32983
1761099456564,1001.84814
1761099456584,1001.60846
1761099456605,1001.1935
1761099456624,1000.98206
1761099456645,1001.02094
1761099456664,1001.0549
1761099456683,1001.03937
1761099456704,1001.0658
1761099456724,1001.088
1761099456744,1001.0886
1761099456763,1001.1878
1761099456785,1001.47534
1761099456804,1001.7942
1761099456823,1002.028
1761099456843,1002.1314
1761099456863,1002.53625
1761099456883,1002.9644
1761099456903,1003.2652
1761099456924,1003.4
1761099456944,1003.4302
1761099456965,1003.3358
1761099456984,1003.17896
1761099457003,1002.8306
1761099457023,1003.0
1761099457044,1002.8821
1761099457064,1002.8188
1761099457084,1002.1221
1761099457105,1001.64844
1761099457125,1001.4308
1761099457145,1001.28296
1761099457165,1001.1344
1761099457184,1001.09424
1761099457204,1001.1227
1761099457224,1001.15533
1761099457244,1001.1325
1761099457265,1001.02765
1761099457284,1001.04114
1761099457305,1001.04626
1761099457323,1001.1246
1761099457343,1001.28534
1761099457363,1001.5742
1761099457384,1001.6899
1761099457404,1001.9855
1761099457425,1002.3744
1761099457445,1002.8986
1761099457465,1003.21234
1761099457483,1003.15704
1761099457505,1002.8339
1761099457524,1002.4497
1761099457544,1001.99097
1761099457564,1001.59375
1761099457584,1001.4983
1761099457605,1001.6864
1761099457625,1001.6308
1761099457644,1001.2469
1761099457664,1001.10565
1761099457683,1001.22644
1761099457704,1001.42065
1761099457724,1001.2016
1761099457744,1001.0003
1761099457764,1000.97766
1761099457784,1001.0141
1761099457805,1001.03125
1761099457825,1001.02673
1761099457843,1001.03955
1761099457864,1001.0574
1761099457884,1001.0627
1761099457905,1001.0855
1761099457925,1001.1477
1761099457945,1001.35565
1761099457965,1001.6744
1761099457984,1001.91626
1761099458005,1002.0772
1761099458024,1002.35815
1761099458044,1002.7086
1761099458064,1003.0244
1761099458084,1003.28235
1761099458104,1003.4883
1761099458124,1003.6271
1761099458143,1003.6896
1761099458164,1003.64343
1761099458183,1003.3127
1761099458204,1003.0336
1761099458224,1002.8153
1761099458244,1002.60297
1761099458264,1002.28345
1761099458284,1001.72534
1761099458304,1001.4241
1761099458324,1001.2614
1761099458344,1001.066
1761099458364,1000.96875
1761099458384,1000.97906
1761099458404,1000.9506
1761099458424,1001.0089
1761099458444,1000.91595
1761099458465,1000.9436
1761099458483,1001.0094
1761099458504,1001.04407
1761099458524,1001.31
1761099458544,1001.4941
1761099458564,1001.5781
1761099458584,1001.79065
1761099458604,1002.08234
1761099458624,1002.5619
1761099458644,1002.85205
1761099458663,1002.91406
1761099458683,1002.77423
1761099458704,1002.4919
1761099458724,1002.0605
1761099458744,1001.71265
1761099458764,1001.4456
1761099458784,1001.49146
1761099458803,1001.4625
1761099458824,1001.22485
1761099458844,1001.1328
1761099458864,1001.15485
1761099458884,1001.66205
1761099458904,1001.41925
1761099458924,1000.95953
1761099458945,1000.9019
1761099458963,1000.96
1761099458983,1000.97656
1761099459004,1000.9347
1761099459024,1000.9939
1761099459043,1000.99176
1761099459064,1001.0447
1761099459084,1001.09766
1761099459104,1001.1935
1761099459124,1001.40234
1761099459144,1001.7564
1761099459164,1001.8942
1761099459184,1002.1252
1761099459204,1002.4347
1761099459224,1002.77234
1761099459244,1003.0674
1761099459265,1003.33765
1761099459285,1003.48486
1761099459304,1003.6296
1761099459323,1003.61145
1761099459344,1003.49457
1761099459363,1003.0883
1761099459384,1002.78894
1761099459404,1002.96484
1761099459424,1003.0047
1761099459445,1003.0189
1761099459465,1002.4385
1761099459484,1001.9888
1761099459503,1001.6917
1761099459524,1001.41284
1761099459544,1001.2208
1761099459564,1001.05176
1761099459584,1000.9386
1761099459604,1000.83844
1761099459624,1000.8772
1761099459644,1000.92505
1761099459663,1000.8936
1761099459684,1000.886
1761099459704,1000.92316
1761099459724,1001.0333
1761099459744,1001.27954
1761099459765,1001.41547
1761099459785,1001.4452
1761099459804,1001.4391
1761099459824,1001.4344
1761099459844,1001.4352
1761099459864,1001.48926
1761099459884,1001.47046
1761099459905,1001.35834
1761099459924,1001.2092
1761099459945,1001.1278
1761099459963,1001.0669
1761099459984,1001.04956
1761099460003,1001.0241
1761099460024,1001.03516
1761099460044,1001.0705
1761099460064,1001.10016
1761099460084,1001.1961
1761099460105,1001.2603
1761099460124,1001.22253
1761099460144,1001.5261
1761099460164,1001.4397
1761099460184,1001.2628
1761099460204,1001.1344
1761099460224,1001.09143
1761099460245,1001.15265
1761099460265,1001.16986
1761099460284,1001.22253
1761099460304,1001.22864
1761099460324,1001.27625
1761099460344,1001.28564
1761099460364,1001.2628
1761099460385,1001.2819
1761099460404,1001.333
1761099460424,1001.3227
1761099460445,1001.3094
1761099460463,1001.3231
1761099460484,1001.3433
1761099460504,1001.3906
1761099460524,1001.41547
1761099460544,1001.4244
1761099460564,1001.4669
1761099460584,1001.52924
1761099460605,1001.59753
1761099460624,1001.65234
1761099460643,1001.7736
1761099460664,1001.91925
1761099460683,1002.0836
1761099460704,1002.1138
1761099460724,1002.09375
1761099460744,1002.1372
1761099460765,1002.10284
1761099460784,1001.91504
1761099460804,1001.74146
1761099460823,1001.6411
1761099460843,1001.4478
1761099460864,1001.29816
1761099460884,1001.3038
1761099460904,1001.42236
1761099460925,1001.59985
1761099460944,1001.72546
1761099460964,1001.72705
1761099460983,1001.6285
1761099461003,1001.58923
1761099461024,1001.72974
1761099461044,1001.85144
1761099461064,1001.943
1761099461085,1001.97644
1761099461105,1002.0547
1761099461123,1002.1336
1761099461144,1002.10846
1761099461165,1001.8105
1761099461185,1001.54926
1761099461204,1001.4344
1761099461224,1001.3672
1761099461245,1001.3252
1761099461264,1001.3225
1761099461284,1001.313
1761099461304,1001.3157
1761099461323,1001.378
1761099461344,1001.3895
1761099461364,1001.4363
1761099461384,1001.371
1761099461404,1001.35925
1761099461425,1001.34625
1761099461444,1001.3763
1761099461464,1001.4611
1761099461484,1002.3861
1761099461503,1001.71765
1761099461524,1001.41986
1761099461544,1001.42175
1761099461568,1001.48676
1761099461584,1001.6522
1761099461604,1001.9388
1761099461624,1002.1261
1761099461643,1002.42487
1761099461663,1002.9911
1761099461684,1003.46625
1761099461704,1003.73267
1761099461724,1003.8936
1761099461744,1003.9378
1761099461765,1003.8899
1761099461784,1003.79407
1761099461804,1003.6211
1761099461823,1003.3825
1761099461843,1003.09424
1761099461864,1002.9428
1761099461884,1002.91815
1761099461905,1002.6755
1761099461925,1002.4439
1761099461944,1002.0269
1761099461964,1001.5961
1761099461984,1001.3175
1761099462004,1001.195
1761099462024,1001.10657
1761099462044,1001.1392
1761099462064,1001.16864
1761099462085,1001.1658
1761099462104,1001.108
1761099462124,1001.0933
1761099462144,1001.0597
1761099462164,1001.0831
1761099462184,1001.16785
1761099462204,1001.4355
1761099462224,1001.8394
1761099462244,1002.10095
1761099462263,1002.36646
1761099462284,1002.91223
1761099462304,1003.3141
1761099462324,1003.5608
1761099462344,1003.4394
1761099462364,1003.17737
1761099462385,1003.0175
1761099462405,1002.9516
1761099462425,1002.7034
1761099462443,1002.42017
1761099462464,1002.04626
1761099462483,1001.67706
1761099462504,1001.93286
1761099462524,1002.2516
1761099462544,1001.7161
1761099462565,1001.58923
1761099462585,1001.5552
1761099462604,1001.3824
1761099462623,1001.35034
1761099462644,1001.27783
1761099462664,1001.0177
1761099462684,1000.86566
1761099462704,1000.84235
1761099462725,1000.8286
1761099462744,1000.84534
1761099462764,1000.8619
1761099462783,1000.8339
1761099462804,1000.8744
1761099462824,1000.85175
1761099462844,1000.8805
1761099462864,1000.8824
1761099462884,1000.89844
1761099462904,1001.22784
1761099462923,1001.78845
1761099462944,1002.08453
1761099462963,1002.1772
1761099462984,1002.41785
1761099463004,1002.7567
1761099463024,1003.0089
1761099463045,1003.2758
1761099463065,1003.3856
1761099463085,1003.3789
1761099463103,1003.2391
1761099463123,1002.98004
1761099463144,1002.6277
1761099463164,1002.36176
1761099463184,1002.3758
1761099463205,1002.34985
1761099463225,1002.248
1761099463245,1001.8341
1761099463263,1001.3956
1761099463283,1001.02094
1761099463303,1000.92535
1761099463324,1000.84265
1761099463344,1000.74097
1761099463364,1000.71783
1761099463384,1000.74457
1761099463405,1000.8272
1761099463424,1000.8267
1761099463443,1000.85535
1761099463464,1000.9341
1761099463484,1001.15533
1761099463504,1001.47363
1761099463524,1001.5827
1761099463545,1001.77
1761099463565,1001.9927
1761099463584,1002.4524
1761099463604,1003.03796
1761099463624,1003.0575
1761099463644,1002.9208
1761099463664,1002.6836
1761099463684,1002.35986
1761099463705,1001.8235
1761099463725,1001.4872
1761099463745,1001.395
1761099463763,1001.838
1761099463783,1001.7066
1761099463804,1001.3064
1761099463823,1001.01984
1761099463844,1001.0127
1761099463864,1001.255
1761099463884,1001.2086
1761099463905,1000.8327
1761099463923,1000.7541
1761099463944,1000.78296
1761099463963,1000.78296
1761099463984,1000.79596
1761099464004,1000.80457
1761099464025,1000.8041
1761099464045,1000.83453
1761099464065,1000.83984
1761099464084,1000.86676
1761099464103,1000.92346
1761099464123,1001.0781
1761099464144,1001.3666
1761099464164,1001.4402
1761099464184,1001.59644
1761099464205,1001.7494
1761099464224,1001.948
1761099464244,1002.1877
1761099464263,1002.4252
1761099464284,1002.66486
1761099464303,1002.8594
1761099464324,1002.9261
1761099464344,1002.92487
1761099464364,1002.84155
1761099464384,1002.60785
1761099464405,1002.3772
1761099464425,1002.4169
1761099464443,1002.29395
1761099464463,1002.2571
1761099464484,1001.8325
1761099464504,1001.4308
1761099464524,1001.1758
1761099464545,1001.0569
1761099464564,1000.87683
1761099464584,1000.8278
1761099464604,1000.85736
1761099464624,1000.9413
1761099464644,1000.9477
1761099464664,1000.8956
1761099464684,1000.90753
1761099464705,1000.9425
1761099464724,1000.9905
1761099464744,1001.03955
1761099464764,1001.3153
1761099464784,1001.4506
1761099464804,1001.4266
1761099464824,1001.48047
1761099464845,1001.89514
1761099464865,1002.3725
1761099464884,1002.58923
1761099464903,1002.6755
1761099464924,1002.78235
1761099464945,1002.9336
1761099464964,1002.9427
1761099464983,1002.89233
1761099465004,1002.68427
1761099465024,1002.2411
1761099465044,1001.71265
1761099465065,1001.33734
1761099465084,1001.5049
1761099465103,1001.6277
1761099465124,1001.4847
1761099465144,1001.1456
1761099465164,1001.59125
1761099465184,1001.3827
1761099465205,1001.0586
1761099465225,1000.8224
1761099465243,1000.828
1761099465263,1000.83875
1761099465283,1000.8033
1761099465304,1000.8105
1761099465324,1000.8322
1761099465344,1000.8331
1761099465365,1000.86035
1761099465385,1000.8766
1761099465404,1000.8728
1761099465423,1000.903
1761099465443,1000.9997
1761099465463,1001.2542
1761099465484,1001.5177
1761099465504,1001.76086
1761099465524,1001.85504
1761099465544,1002.0736
1761099465563,1002.4183
1761099465583,1002.72266
1761099465604,1002.905
1761099465624,1002.9913
1761099465643,1003.0253
1761099465664,1003.0079
1761099465684,1002.90704
1761099465704,1002.6489
1761099465725,1002.6297
1761099465743,1002.60126
1761099465764,1002.54956
1761099465784,1002.21484
1761099465804,1001.71875
1761099465824,1001.3063
1761099465844,1001.1152
1761099465864,1001.00494
1761099465885,1000.8572
1761099465903,1000.78876
1761099465924,1000.78424
1761099465944,1000.8352
1761099465964,1000.8161
1761099465984,1000.85706
1761099466004,1000.90314
1761099466024,1000.9358
1761099466045,1001.15094
1761099466064,1001.28687
1761099466083,1001.3861
1761099466103,1001.66113
1761099466124,1001.9466
1761099466145,1002.4286
1761099466164,1002.9509
1761099466185,1003.2019
1761099466205,1003.1486
1761099466224,1002.77344
1761099466244,1002.208
1761099466264,1001.89343
1761099466284,1001.4655
1761099466304,1001.3258
1761099466324,1001.35284
1761099466344,1001.3408
1761099466366,1001.1488
1761099466385,1001.72534
1761099466405,1001.48157
1761099466423,1001.15393
1761099466444,1000.84174
1761099466464,1000.758
1761099466484,1000.7555
1761099466505,1000.7692
1761099466525,1000.7658
1761099466545,1000.7744
1761099466564,1000.8044
1761099466584,1000.80286
1761099466605,1000.8213
1761099466624,1000.84955
1761099466644,1000.8716
1761099466664,1000.9346
1761099466685,1001.02185
1761099466705,1001.3358
1761099466724,1001.41296
1761099466744,1001.4216
1761099466764,1001.42535
1761099466785,1001.52875
1761099466804,1001.67926
1761099466824,1001.7013
1761099466845,1001.59424
1761099466865,1001.5047
1761099466884,1001.45844
1761099466904,1001.52515
1761099466923,1001.6752
1761099466944,1001.84985
1761099466964,1001.98114
1761099466984,1002.01733
1761099467004,1001.85114
1761099467025,1001.702
1761099467045,1001.5095
1761099467064,1001.3339
1761099467083,1001.27625
1761099467104,1001.2042
1761099467124,1001.1908
1761099467144,1001.1752
1761099467165,1001.14954
1761099467185,1001.2061
1761099467205,1001.2585
1761099467223,1001.1433
1761099467243,1001.1402
1761099467265,1001.1722
1761099467284,1001.27905
1761099467304,1001.34503
1761099467324,1001.34705
1761099467345,1001.40814
1761099467365,1001.4569
1761099467384,1001.6339
1761099467404,1001.65125
1761099467424,1001.6408
1761099467444,1001.5816
1761099467464,1001.46533
1761099467484,1001.3196
1761099467505,1001.17035
1761099467525,1001.1133
1761099467545,1001.10297
1761099467564,1001.08344
1761099467583,1001.0778
1761099467604,1001.10846
1761099467624,1001.16296
1761099467644,1001.21265
1761099467664,1001.29706
1761099467684,1001.2583
1761099467705,1001.23285
1761099467724,1001.2769
1761099467744,1001.5227
1761099467763,1001.3858
1761099467784,1001.2358
1761099467804,1001.15814
1761099467824,1001.148
1761099467845,1001.15533
1761099467865,1001.1977
1761099467885,1001.30426
1761099467903,1001.3155
1761099467923,1001.2583
1761099467944,1001.248
1761099467964,1001.21814
1761099467984,1001.2645
1761099468004,1001.30096
1761099468025,1001.36395
1761099468044,1001.41595
1761099468064,1001.3919
1761099468084,1001.3738
1761099468103,1001.3983
1761099468124,1001.45734
1761099468144,1001.47424
1761099468164,1001.49146
1761099468184,1001.4661
1761099468204,1001.5036
1761099468225,1001.54785
1761099468244,1001.59906
1761099468264,1001.66156
1761099468284,1001.743
1761099468304,1001.8758
1761099468324,1001.98706
1761099468345,1002.02985
1761099468365,1002.04425
1761099468385,1002.0641
1761099468403,1002.18066
1761099468424,1002.28174
1761099468444,1002.3225
1761099468464,1002.16876
1761099468484,1002.0164
1761099468504,1001.78723
1761099468525,1001.5853
1761099468544,1001.41223
1761099468564,1001.33704
1761099468583,1001.3683
1761099468604,1001.41956
1761099468624,1001.48956
1761099468644,1001.48004
1761099468664,1001.48096
1761099468684,1001.6292
1761099468703,1001.6885
1761099468723,1001.79065
1761099468744,1001.86926
1761099468764,1001.79065
1761099468783,1001.74347
1761099468804,1001.8185
1761099468824,1001.9335
1761099468845,1001.8849
1761099468863,1001.83093
1761099468883,1001.7005
1761099468903,1001.46454
1761099468923,1001.2628
1761099468943,1001.1883
1761099468963,1001.1572
1761099468984,1001.16986
1761099469004,1001.17566
1761099469025,1001.24146
1761099469044,1001.35254
1761099469063,1001.443
1761099469084,1001.48737
1761099469104,1001.96765
1761099469124,1001.6221
1761099469144,1001.43286
1761099469165,1001.3472
1761099469185,1001.318
1761099469204,1001.28766
1761099469223,1001.28766
1761099469244,1001.3892
1761099469264,1001.6447
1761099469284,1001.5583
1761099469304,1001.30457
1761099469324,1001.2505
1761099469344,1001.21985
1761099469364,1001.2449
1761099469384,1001.3047
1761099469404,1001.3064
1761099469424,1001.4488
1761099469444,1001.70953
1761099469464,1001.8313
1761099469485,1001.9697
1761099469505,1002.3227
1761099469523,1002.72675
1761099469544,1003.121
1761099469564,1003.4153
1761099469584,1003.73926
1761099469604,1003.9569
1761099469624,1004.18036
1761099469644,1004.21906
1761099469664,1004.1239
1761099469686,1003.9194
1761099469704,1003.6766
1761099469724,1003.29297
1761099469745,1003.3433
1761099469764,1003.82
1761099469785,1003.68677
1761099469804,1003.1799
1761099469825,1002.4547
1761099469845,1001.9431
1761099469864,1001.5272
1761099469884,1001.2634
1761099469903,1001.1367
1761099469924,1001.123
1761099469944,1001.028
1761099469964,1000.85004
1761099469984,1000.7502
1761099470005,1000.80316
1761099470024,1000.92316
1761099470043,1001.10236
1761099470064,1001.3125
1761099470084,1001.5
1761099470104,1001.7422
1761099470124,1002.1969
1761099470144,1002.5954
1761099470164,1002.71173
1761099470185,1002.65234
1761099470204,1002.5186
1761099470223,1002.2425
1761099470243,1001.9433
1761099470264,1001.60284
1761099470284,1001.2499
1761099470304,1001.22705
1761099470324,1001.65344
1761099470344,1001.5574
1761099470364,1001.46783
1761099470384,1001.1991
1761099470404,1001.05457
1761099470424,1000.9833
1761099470445,1000.9533
1761099470465,1000.77844
1761099470484,1000.7022
1761099470505,1000.6871
1761099470523,1000.6847
1761099470544,1000.71564
1761099470563,1000.6925
1761099470584,1000.693
1761099470604,1000.6989
1761099470624,1000.7031
1761099470644,1000.7603
1761099470664,1000.85815
1761099470684,1001.2039
1761099470703,1001.65985
1761099470723,1001.79877
1761099470743,1001.983
1761099470764,1002.2983
1761099470784,1002.5603
1761099470804,1002.78723
1761099470824,1002.85223
1761099470844,1002.7603
1761099470864,1002.628
1761099470883,1002.48376
1761099470903,1002.2586
1761099470923,1002.27
1761099470944,1002.2128
1761099470964,1001.98627
1761099470984,1001.61847
1761099471005,1001.1846
1761099471023,1000.91284
1761099471044,1000.8139
1761099471064,1000.74457
1761099471084,1000.71265
1761099471104,1000.72235
1761099471124,1000.77985
1761099471145,1000.7991
1761099471165,1000.7822
1761099471184,1000.8077
1761099471204,1000.8284
1761099471224,1000.95264
1761099471244,1001.34906
1761099471264,1001.5319
1761099471284,1001.65924
1761099471304,1001.9158
1761099471324,1002.3914
1761099471343,1002.9902
1761099471364,1003.0936
1761099471385,1002.8872
1761099471404,1002.59064
1761099471424,1002.29065
1761099471444,1001.91614
1761099471464,1001.4719
1761099471485,1001.27844
1761099471503,1001.768
1761099471524,1001.6988
1761099471543,1001.6836
1761099471563,1001.3192
1761099471584,1001.1447
1761099471604,1001.1289
1761099471624,1001.2056
1761099471645,1001.09375
1761099471665,1000.84
1761099471684,1000.7686
1761099471704,1000.7697
1761099471724,1000.8216
1761099471744,1000.7614
1761099471764,1000.6942
1761099471784,1000.695
1761099471805,1000.66785
1761099471825,1000.67004
1761099471844,1000.6992
1761099471864,1000.76294
1761099471884,1000.7496
1761099471904,1000.9561
1761099471924,1001.493
1761099471944,1001.6503
1761099471964,1001.72906
1761099471984,1001.9497
1761099472003,1002.28394
1761099472023,1002.6444
1761099472043,1002.9527
1761099472064,1003.14954
1761099472084,1003.1466
1761099472104,1003.0697
1761099472124,1002.84863
1761099472144,1002.4405
1761099472163,1002.3122
1761099472183,1002.24176
1761099472204,1002.22266
1761099472224,1001.8824
1761099472244,1001.35925
1761099472264,1000.9986
1761099472284,1000.80927
1761099472305,1000.6827
1761099472325,1000.65375
1761099472344,1000.6747
1761099472363,1000.7469
1761099472384,1000.78
1761099472404,1000.7211
1761099472424,1000.7116
1761099472444,1000.7108
1761099472464,1000.7507
1761099472485,1000.78
1761099472504,1000.92114
1761099472524,1001.2411
1761099472544,1001.59753
1761099472564,1001.8306
1761099472584,1002.10474
1761099472605,1002.3816
1761099472624,1002.5638
1761099472644,1002.48395
1761099472664,1002.2706
1761099472684,1001.9833
1761099472705,1001.7405
1761099472723,1001.381
1761099472744,1001.23236
1761099472764,1001.6439
1761099472784,1001.45953
1761099472806,1001.2069
1761099472824,1001.0244
1761099472844,1001.0585
1761099472864,1001.0092
1761099472884,1001.09454
1761099472904,1000.8508
1761099472924,1000.72516
1761099472945,1000.7441
1761099472965,1000.7283
1761099472985,1000.73566
1761099473003,1000.7494
1761099473024,1000.7422
1761099473044,1000.7597
1761099473064,1000.7397
1761099473084,1000.7619
1761099473105,1000.7744
1761099473124,1000.80316
1761099473145,1000.8178
1761099473164,1000.953
1761099473184,1001.53937
1761099473204,1001.66235
1761099473224,1001.8339
1761099473244,1001.9872
1761099473264,1002.2997
1761099473284,1002.72675
1761099473305,1003.04645
1761099473324,1003.2703
1761099473344,1003.37994
1761099473363,1003.386
1761099473384,1003.2416
1761099473404,1002.8869
1761099473424,1002.5666
1761099473444,1002.4425
1761099473465,1002.19635
1761099473483,1002.0561
1761099473504,1001.5071
1761099473524,1001.1808
1761099473544,1000.91547
1761099473564,1000.7716
1761099473584,1000.6866
1761099473605,1000.70874
1761099473625,1000.74347
1761099473645,1000.79236
1761099473664,1000.7516
1761099473683,1000.6956
1761099473704,1000.71185
1761099473724,1000.7355
1761099473744,1000.83765
1761099473764,1001.0383
1761099473784,1001.17096
1761099473805,1001.36426
1761099473824,1001.5547
1761099473843,1001.91406
1761099473863,1002.29517
1761099473884,1002.62036
1761099473905,1002.71124
1761099473924,1002.53204
1761099473944,1002.3038
1761099473964,1001.98236
1761099473984,1001.67896
1761099474004,1001.2466
1761099474025,1001.1794
1761099474044,1001.5683
1761099474064,1001.4417
1761099474084,1001.2556
1761099474104,1001.1214
1761099474124,1001.0202
1761099474143,1000.9539
1761099474164,1001.0253
1761099474183,1000.78674
1761099474204,1000.65375
1761099474224,1000.66016
1761099474244,1000.64923
1761099474264,1000.66925
1761099474284,1000.648
1761099474305,1000.68
1761099474323,1000.7078
1761099474344,1000.6688
1761099474363,1000.71423
1761099474384,1000.70593
1761099474404,1000.7447
1761099474424,1000.7583
1761099474444,1000.9908
1761099474465,1001.36707
1761099474484,1001.4586
1761099474504,1001.53406
1761099474524,1001.61456
1761099474544,1001.8771
1761099474564,1002.21704
1761099474584,1002.36237
1761099474604,1002.48364
1761099474625,1002.5907
1761099474643,1002.6755
1761099474663,1002.6955
1761099474684,1002.6752
1761099474703,1002.60034
1761099474724,1002.47345
1761099474744,1002.41425
1761099474765,1002.2372
1761099474784,1002.11285
1761099474804,1001.84735
1761099474824,1001.52
1761099474845,1001.36237
1761099474863,1001.17737
1761099474883,1001.04987
1761099474904,1000.8369
1761099474923,1000.67737
1761099474944,1000.6367
1761099474964,1000.6305
1761099474984,1000.65344
1761099475003,1000.6344
1761099475023,1000.63
1761099475043,1000.67645
1761099475064,1000.73315
1761099475084,1000.7616
1761099475104,1000.8036
1761099475125,1000.8316
1761099475144,1000.905
1761099475164,1001.03925
1761099475184,1001.2661
1761099475204,1001.28503
1761099475224,1001.21594
1761099475245,1001.21173
1761099475264,1001.23846
1761099475285,1001.16895
1761099475304,1001.1422
1761099475324,1001.1274
1761099475344,1001.10266
1761099475363,1001.05347
1761099475384,1001.0166
1761099475404,1000.9396
1761099475424,1000.91724
1761099475444,1000.8699
1761099475463,1000.84814
1761099475484,1000.82983
1761099475504,1000.8294
1761099475523,1000.8844
1761099475543,1000.96313
1761099475564,1001.03723
1761099475584,1001.1072
1761099475604,1001.10034
1761099475625,1001.0822
1761099475644,1001.14703
1761099475664,1001.2538
1761099475684,1001.1324
1761099475704,1000.99036
1761099475724,1000.9533
1761099475745,1000.98364
1761099475765,1000.9686
1761099475785,1000.9661
1761099475804,1000.9478
1761099475824,1000.9983
1761099475844,1001.0527
1761099475864,1001.0844
1761099475884,1001.0758
1761099475904,1001.05457
1761099475924,1001.0689
1761099475945,1001.123
1761099475964,1001.1872
1761099475983,1001.15515
1761099476004,1001.15906
1761099476024,1001.1475
1761099476044,1001.22766
1761099476064,1001.28015
1761099476084,1001.33
1761099476105,1001.36847
1761099476124,1001.4481
1761099476143,1001.5022
1761099476164,1001.54846
1761099476183,1001.635
1761099476204,1001.7747
1761099476224,1001.9619
1761099476245,1002.1392
1761099476264,1002.29755
1761099476285,1002.3638
1761099476304,1002.3288
1761099476323,1002.30597
1761099476343,1002.2616
1761099476364,1002.17957
1761099476383,1002.0574
1761099476404,1001.8952
1761099476424,1001.843
1761099476445,1001.71704
1761099476464,1001.5203
1761099476483,1001.35504
1761099476504,1001.2056
1761099476524,1001.0853
1761099476544,1001.03845
1761099476564,1001.16174
1761099476584,1001.3764
1761099476605,1001.41345
1761099476624,1001.41473
1761099476644,1001.48267
1761099476664,1001.52875
1761099476684,1001.53534
1761099476704,1001.5566
1761099476724,1001.6127
1761099476744,1001.6985
1761099476765,1001.78766
1761099476783,1001.8055
1761099476803,1001.7741
1761099476824,1001.571
1761099476843,1001.3091
1761099476864,1001.0891
1761099476884,1000.98285
1761099476905,1000.9569
1761099476925,1000.97455
1761099476945,1001.0797
1761099476965,1001.2006
1761099476985,1001.3289
1761099477004,1001.79736
1761099477024,1001.5664
1761099477045,1001.4411
1761099477064,1001.34656
1761099477085,1001.35284
1761099477105,1001.42706
1761099477124,1001.43036
1761099477144,1001.2521
1761099477164,1001.3124
1761099477184,1001.2
1761099477204,1001.0041
1761099477224,1000.9291
1761099477244,1000.96985
1761099477265,1000.9886
1761099477283,1001.0106
1761099477303,1001.0297
1761099477324,1001.0558
1761099477344,1001.0897
1761099477364,1001.20667
1761099477384,1001.3458
1761099477404,1001.5605
1761099477425,1001.77234
1761099477444,1002.0958
1761099477464,1002.4003
1761099477484,1002.7052
1761099477504,1003.0214
1761099477524,1003.40485
1761099477544,1003.6708
1761099477564,1003.881
1761099477585,1003.9963
1761099477605,1004.0102
1761099477624,1003.9386
1761099477644,1003.80035
1761099477664,1003.6946
1761099477683,1003.47534
1761099477704,1003.0163
1761099477724,1002.5131
1761099477745,1001.79456
1761099477765,1001.41046
1761099477784,1001.17145
1761099477804,1000.97906
1761099477824,1000.9608
1761099477845,1000.8766
1761099477864,1000.6944
1761099477884,1000.60516
1761099477904,1000.5513
1761099477925,1000.6386
1761099477943,1000.8061
1761099477964,1000.99176
1761099477983,1001.2514
1761099478004,1001.41864
1761099478024,1001.65204
1761099478044,1002.03845
1761099478064,1002.308
1761099478084,1002.42535
1761099478105,1002.1805
1761099478123,1001.86316
1761099478144,1001.60284
1761099478165,1001.17065
1761099478184,1001.0305
1761099478204,1001.22375
1761099478224,1000.9971
1761099478245,1000.92535
1761099478264,1000.7544
1761099478283,1000.85504
1761099478303,1000.78973
1761099478323,1000.5783
1761099478344,1000.5024
1761099478364,1000.5033
1761099478385,1000.53156
1761099478404,1000.5111
1761099478424,1000.5177
1761099478443,1000.55536
1761099478463,1000.5505
1761099478484,1000.59607
1761099478504,1000.72595
1761099478524,1000.97095
1761099478544,1001.3774
1761099478564,1001.5639
1761099478585,1001.7764
1761099478604,1002.1519
1761099478623,1002.49567
1761099478644,1002.68066
1761099478663,1002.78143
1761099478684,1002.74286
1761099478704,1002.6331
1761099478724,1002.5122
1761099478744,1002.1921
1761099478765,1002.185
1761099478785,1002.0575
1761099478804,1001.90454
1761099478824,1001.3141
1761099478843,1000.8819
1761099478864,1000.64874
1761099478885,1000.51953
1761099478904,1000.47235
1761099478925,1000.5019
1761099478944,1000.6105
1761099478963,1000.638
1761099478983,1000.57983
1761099479004,1000.6341
1761099479024,1000.67596
1761099479044,1000.7588
1761099479065,1001.0046
1761099479084,1001.28625
1761099479104,1001.3835
1761099479124,1001.60657
1761099479144,1002.053
1761099479164,1002.4338
1761099479184,1002.48956
1761099479204,1002.29047
1761099479224,1002.0125
1761099479245,1001.73425
1761099479263,1001.48846
1761099479283,1001.1583
1761099479303,1001.1158
1761099479324,1001.45844
1761099479344,1001.16144
1761099479365,1000.8688
1761099479384,1000.7653
1761099479405,1000.7522
1761099479425,1000.9347
1761099479444,1000.8782
1761099479464,1000.5588
1761099479483,1000.563
1761099479504,1000.5875
1761099479524,1000.59955
1761099479544,1000.59863
1761099479565,1000.6213
1761099479585,1000.6177
1761099479604,1000.6374
1761099479624,1000.6458
1761099479644,1000.7447
1761099479664,1001.04376
1761099479684,1001.5635
1761099479705,1001.8356
1761099479724,1002.05096
1761099479745,1002.28033
1761099479764,1002.59845
1761099479783,1002.90265
1761099479804,1003.04034
1761099479824,1003.03625
1761099479844,1003.04156
1761099479864,1002.98267
1761099479885,1002.7391
1761099479905,1002.6197
1761099479923,1002.66394
1761099479944,1002.3725
1761099479963,1002.17017
1761099479983,1001.588
1761099480004,1001.123
1761099480025,1000.80237
1761099480044,1000.60254
1761099480065,1000.47925
1761099480085,1000.5178
1761099480104,1000.47687
1761099480124,1000.4556
1761099480144,1000.4491
1761099480164,1000.4861
1761099480184,1000.55035
1761099480204,1000.6394
1761099480224,1000.9494
1761099480245,1001.07526
1761099480264,1001.2507
1761099480284,1001.46906
1761099480304,1001.7733
1761099480324,1002.2908
1761099480344,1002.5077
1761099480364,1002.5186
1761099480385,1002.36707
1761099480405,1002.2427
1761099480424,1002.0894
1761099480443,1001.7447
1761099480464,1001.2475
1761099480484,1001.3172
1761099480504,1001.6355
1761099480524,1001.36066
1761099480544,1001.1497
1761099480565,1000.9556
1761099480584,1000.7641
1761099480604,1000.811
1761099480624,1000.8675
1761099480644,1000.4991
1761099480664,1000.41174
1761099480684,1000.4436
1761099480704,1000.4344
1761099480725,1000.4872
1761099480745,1000.53815
1761099480764,1000.54095
1761099480784,1000.5003
1761099480804,1000.47534
1761099480824,1000.46313
1761099480845,1000.49207
1761099480864,1000.55597
1761099480884,1000.9436
1761099480904,1001.29315
1761099480924,1001.518
1761099480943,1001.5816
1761099480964,1001.7972
1761099480984,1002.2659
1761099481004,1002.6411
1761099481024,1002.9338
1761099481044,1003.0722
1761099481065,1002.96204
1761099481084,1002.7564
1761099481104,1002.4466
1761099481123,1002.1824
1761099481144,1002.4361
1761099481164,1002.305
1761099481184,1002.1824
1761099481204,1001.54535
1761099481224,1001.0855
1761099481244,1000.78546
1761099481263,1000.6409
1761099481283,1000.53314
1761099481303,1000.48596
1761099481324,1000.49036
1761099481344,1000.53687
1761099481364,1000.5189
1761099481385,1000.4527
1761099481405,1000.4506
1761099481424,1000.4608
1761099481443,1000.505
1761099481464,1000.5619
1761099481484,1000.8652
1761099481504,1001.01
1761099481524,1001.18427
1761099481544,1001.4597
1761099481565,1001.8792
1761099481584,1002.21063
1761099481604,1002.45
1761099481624,1002.4408
1761099481644,1002.2688
1761099481664,1001.9611
1761099481684,1001.73035
1761099481705,1001.5113
1761099481724,1001.1858
1761099481743,1000.8757
1761099481763,1000.91797
1761099481784,1001.3069
1761099481804,1001.27454
1761099481824,1001.193
1761099481844,1001.0072
1761099481865,1000.84125
1761099481885,1000.8433
1761099481903,1000.8741
1761099481924,1000.83734
1761099481944,1000.8033
1761099481964,1000.7955
1761099481984,1000.71234
1761099482004,1000.5628
1761099482025,1000.455
1761099482045,1000.41516
1761099482065,1000.41437
1761099482083,1000.4417
1761099482104,1000.458
1761099482124,1000.5056
1761099482144,1000.5011
1761099482165,1000.5217
1761099482185,1000.53485
1761099482205,1000.55347
1761099482224,1000.5727
1761099482244,1000.61035
1761099482263,1000.66815
1761099482284,1000.71814
1761099482304,1000.8739
1761099482324,1000.97003
1761099482344,1000.97864
1761099482365,1000.97754
1761099482385,1001.0038
1761099482404,1001.0222
1761099482423,1001.0663
1761099482445,1001.0774
1761099482463,1001.0802
1761099482484,1001.04987
1761099482504,1001.0563
1761099482525,1001.1335
1761099482544,1001.1761
1761099482564,1001.22754
1761099482584,1001.29565
1761099482604,1001.30396
1761099482624,1001.17566
1761099482644,1001.088
1761099482664,1001.02515
1761099482684,1000.9436
1761099482704,1000.92505
1761099482725,1000.91705
1761099482743,1000.9441
1761099482763,1001.0538
1761099482784,1001.0784
1761099482804,1001.0124
1761099482824,1001.0813
1761099482844,1001.15955
1761099482865,1001.2433
1761099482885,1001.35767
1761099482904,1001.4505
1761099482923,1001.47253
1761099482944,1001.4255
1761099482965,1001.41284
1761099482984,1001.3919
1761099483005,1001.2002
1761099483025,1000.98755
1761099483045,1000.8155
1761099483064,1000.77094
1761099483084,1000.7561
1761099483104,1000.7513
1761099483124,1000.72894
1761099483144,1000.7577
1761099483164,1000.79926
1761099483185,1000.84485
1761099483205,1000.89594
1761099483224,1000.9044
1761099483244,1000.92035
1761099483264,1000.9431
1761099483284,1000.90314
1761099483304,1000.8813
1761099483324,1000.9478
1761099483344,1001.114
1761099483364,1001.14984
1761099483385,1001.0688
1761099483404,1000.98566
1761099483423,1000.97345
1761099483445,1000.96533
1761099483464,1001.0005
1761099483483,1001.0055
1761099483504,1001.01984
1761099483524,1001.0052
1761099483545,1001.04315
1761099483564,1001.0749
1761099483584,1001.10425
1761099483604,1001.16174
1761099483624,1001.1949
1761099483644,1001.2491
1761099483664,1001.3019
1761099483684,1001.3036
1761099483705,1001.373
1761099483724,1001.46313
1761099483743,1001.5186
1761099483763,1001.5703
1761099483783,1001.5738
1761099483803,1001.59863
1761099483824,1001.6374
1761099483844,1001.73035
1761099483864,1001.79877
1761099483884,1001.8072
1761099483904,1001.86847
1761099483924,1001.8313
1761099483943,1001.8047
1761099483964,1001.59064
1761099483984,1001.28644
1761099484005,1001.0652
1761099484024,1000.97015
1761099484045,1001.03955
1761099484064,1001.1992
1761099484084,1001.3713
1761099484104,1001.41705
1761099484124,1001.343
1761099484145,1001.3133
1761099484164,1001.48785
1761099484184,1001.59503
1761099484204,1001.5214
1761099484224,1001.4417
1761099484244,1001.4628
1761099484264,1001.55707
1761099484284,1001.6441
1761099484304,1001.4403
1761099484324,1001.2397
1761099484344,1001.08875
1761099484364,1001.0003
1761099484384,1000.9431
1761099484403,1000.91315
1761099484423,1000.9447
1761099484443,1000.9316
1761099484463,1000.96814
1761099484484,1000.9988
1761099484504,1000.9525
1761099484525,1000.91406
1761099484543,1000.92566
1761099484563,1001.0228
1761099484584,1001.34033
1761099484604,1001.5841
1761099484624,1001.17126
1761099484644,1000.90765
1761099484664,1000.8786
1761099484685,1000.8886
1761099484705,1001.063
1761099484723,1001.1274
1761099484743,1001.47705
1761099484763,1001.66656
1761099484783,1002.2125
1761099484804,1002.7642
1761099484824,1003.0774
1761099484844,1003.43286
1761099484865,1003.66034
1761099484884,1003.7641
1761099484904,1003.7097
1761099484923,1003.53815
1761099484944,1003.16797
1761099484964,1002.8942
1761099484984,1002.6997
1761099485004,1002.4675
1761099485025,1002.2411
1761099485044,1001.91705
1761099485064,1001.4439
1761099485084,1001.2172
1761099485104,1001.15393
1761099485124,1001.23157
1761099485144,1001.3222
1761099485164,1001.21924
1761099485184,1001.067
1761099485204,1000.84
1761099485224,1000.6547
1761099485243,1000.60065
1761099485263,1000.6758
1761099485284,1001.10114
1761099485304,1001.7694
1761099485324,1001.8966
1761099485345,1002.09503
1761099485365,1002.24927
1761099485384,1002.3663
1761099485403,1002.16455
1761099485424,1001.92377
1761099485444,1001.4371
1761099485464,1000.98535
1761099485485,1000.97516
1761099485505,1000.9908
1761099485524,1000.9963
1761099485544,1000.9547
1761099485564,1000.92487
1761099485584,1000.77234
1761099485604,1000.60614
1761099485624,1000.4033
1761099485645,1000.3666
1761099485664,1000.4133
1761099485684,1000.41815
1761099485703,1000.41724
1761099485724,1000.4261
1761099485744,1000.447
1761099485764,1000.6244
1761099485784,1001.1008
1761099485804,1001.3953
1761099485824,1001.74207
1761099485845,1002.23004
1761099485864,1002.66486
1761099485884,1002.7649
1761099485904,1002.85596
1761099485924,1002.80145
1761099485944,1002.5842
1761099485964,1002.248
1761099485984,1001.9894
1761099486005,1002.0652
1761099486025,1001.8942
1761099486044,1001.6202
1761099486063,1000.98004
1761099486084,1000.5525
1761099486104,1000.3916
1761099486124,1000.3408
1761099486144,1000.3328
1761099486164,1000.3788
1761099486185,1000.5147
1761099486204,1000.47906
1761099486224,1000.4314
1761099486244,1000.46313
1761099486263,1000.5841
1761099486284,1000.78546
1761099486304,1000.79987
1761099486324,1000.96454
1761099486345,1001.2714
1761099486364,1001.54175
1761099486383,1002.1197
1761099486403,1002.3975
1761099486424,1002.40173
1761099486443,1002.09784
1761099486464,1001.8166
1761099486485,1001.6292
1761099486504,1001.5167
1761099486524,1001.0789
1761099486544,1000.763
1761099486564,1000.84985
1761099486584,1000.85504
1761099486605,1000.7119
1761099486624,1000.628
1761099486644,1000.6963
1761099486665,1000.8256
1761099486685,1000.66547
1761099486703,1000.4302
1761099486723,1000.3902
1761099486744,1000.4506
1761099486764,1000.3969
1761099486784,1000.40643
1761099486804,1000.4061
1761099486824,1000.4346
1761099486844,1000.4305
1761099486864,1000.4419
1761099486883,1000.4572
1761099486904,1000.47736
1761099486924,1000.7036
1761099486944,1001.42505
1761099486964,1001.6333
1761099486985,1001.7772
1761099487005,1002.0134
1761099487024,1002.3389
1761099487043,1002.59656
1761099487064,1002.78094
1761099487083,1002.85065
1761099487104,1002.66473
1761099487124,1002.35016
1761099487145,1001.96906
1761099487164,1001.8842
1761099487184,1001.67706
1761099487204,1001.54956
1761099487223,1001.0894
1761099487244,1000.6844
1761099487264,1000.5134
1761099487284,1000.447
1761099487304,1000.36395
1761099487324,1000.3569
1761099487345,1000.416
1761099487363,1000.4481
1761099487383,1000.42676
1761099487404,1000.4655
1761099487424,1000.48315
1761099487444,1000.6405
1761099487464,1000.9697
1761099487484,1001.0808
1761099487505,1001.3036
1761099487524,1001.48267
1761099487543,1001.7736
1761099487564,1002.1483
1761099487584,1002.2727
1761099487604,1002.1658
1761099487624,1002.0027
1761099487644,1001.8853
1761099487664,1001.60486
1761099487683,1001.21954
1761099487704,1000.8616
1761099487724,1000.90594
1761099487744,1000.9933
1761099487764,1000.8153
1761099487784,1000.6383
1761099487804,1000.60205
1761099487825,1000.65344
1761099487843,1000.67926
1761099487864,1000.5071
1761099487884,1000.36426
1761099487904,1000.4003
1761099487924,1000.35406
1761099487944,1000.36926
1761099487964,1000.3788
1761099487984,1000.42456
1761099488005,1000.4324
1761099488023,1000.4252
1761099488044,1000.4694
1761099488064,1000.52203
1761099488083,1001.03424
1761099488104,1001.2411
1761099488125,1001.4097
1761099488144,1001.5308
1761099488165,1001.78973
1761099488184,1002.1202
1761099488203,1002.41364
1761099488223,1002.6205
1761099488244,1002.762
1761099488264,1002.86426
1761099488285,1002.86707
1761099488304,1002.7136
1761099488324,1002.3872
1761099488344,1002.10645
1761099488363,1002.173
1761099488384,1002.2136
1761099488404,1002.16895
1761099488424,1001.7197
1761099488444,1001.16144
1761099488464,1000.6978
1761099488485,1000.5038
1761099488504,1000.4377
1761099488524,1000.3256
1761099488544,1000.23315
1761099488564,1000.22296
1761099488584,1000.2458
1761099488604,1000.30206
1761099488625,1000.3122
1761099488644,1000.3814
1761099488665,1000.5181
1761099488684,1001.1249
1761099488704,1001.1386
1761099488724,1001.1949
1761099488744,1001.52875
1761099488764,1001.8972
1761099488784,1002.2469
1761099488805,1002.1719
1761099488825,1002.008
1761099488844,1001.84344
1761099488864,1001.61426
1761099488884,1001.2172
1761099488904,1000.91614
1761099488924,1000.8171
1761099488945,1001.0958
1761099488965,1001.05347
1761099488985,1000.90314
1761099489004,1000.7141
1761099489023,1000.6878
1761099489044,1000.60455
1761099489063,1000.4553
1761099489084,1000.34125
1761099489104,1000.33093
1761099489124,1000.31
1761099489145,1000.3022
1761099489165,1000.3083
1761099489183,1000.3283
1761099489204,1000.3199
1761099489224,1000.313
1761099489244,1000.36017
1761099489264,1000.3783
1761099489284,1000.4719
1761099489305,1000.93286
1761099489326,1001.3222
1761099489343,1001.6569
1761099489364,1001.79456
1761099489384,1002.0022
1761099489404,1002.35046
1761099489424,1002.6324
1761099489444,1002.8927
1761099489464,1003.0705
1761099489485,1003.1919
1761099489504,1003.1855
1761099489524,1003.1169
1761099489544,1002.83875
1761099489564,1002.5919
1761099489584,1002.7433
1761099489604,1002.7486
1761099489625,1002.6205
1761099489644,1002.208
1761099489664,1001.65753
1761099489684,1001.2397
1761099489704,1000.90173
1761099489723,1000.6105
1761099489744,1000.3972
1761099489764,1000.2681
1761099489785,1000.1328
1761099489805,1000.0736
1761099489825,1000.09283
1761099489844,1000.09265
1761099489863,1000.09753
1761099489884,1000.1475
1761099489903,1000.16614
1761099489924,1000.22345
1761099489945,1000.35986
1761099489964,1000.58453
1761099489985,1000.763
1761099490004,1000.778
1761099490025,1000.7636
1761099490044,1000.7577
1761099490064,1000.7602
1761099490084,1000.72955
1761099490104,1000.655
1761099490124,1000.52576
1761099490145,1000.45703
1761099490164,1000.378
1761099490184,1000.2769
1761099490204,1000.2583
1761099490224,1000.2805
1761099490244,1000.27954
1761099490264,1000.3235
1761099490285,1000.3736
1761099490305,1000.4527
1761099490324,1000.4647
1761099490343,1000.5761
1761099490364,1000.6799
1761099490383,1001.137
1761099490403,1000.7636
1761099490424,1000.59174
1761099490444,1000.523
1761099490465,1000.53845
1761099490485,1000.5669
1761099490503,1000.6441
1761099490524,1000.828
1761099490544,1000.72894
1761099490564,1000.5961
1761099490584,1000.5286
1761099490604,1000.517
1761099490625,1000.5308
1761099490645,1000.5708
1761099490665,1000.60406
1761099490683,1000.66516
1761099490704,1000.6972
1761099490724,1000.6794
1761099490745,1000.67596
1761099490764,1000.67017
1761099490784,1000.6697
1761099490805,1000.7211
1761099490825,1000.72235
1761099490844,1000.74677
1761099490864,1000.81
1761099490884,1000.91956
1761099490904,1000.98267
1761099490924,1001.0703
1761099490945,1001.21643
1761099490965,1001.3805
1761099490984,1001.48157
1761099491005,1001.56067
1761099491024,1001.64813
1761099491043,1001.6386
1761099491064,1001.65765
1761099491084,1001.5502
1761099491105,1001.3652
1761099491125,1001.21423
1761099491145,1001.03546
1761099491163,1000.8733
1761099491190,1000.7725
1761099491203,1000.6116
1761099491224,1000.6925
1761099491244,1000.758
1761099491264,1000.7847
1761099491284,1001.0333
1761099491305,1000.97754
1761099491324,1000.95734
1761099491344,1000.89923
1761099491364,1000.77954
1761099491384,1000.7394
1761099491404,1000.8122
1761099491424,1001.0203
1761099491445,1001.20734
1761099491465,1001.21204
1761099491484,1001.04596
1761099491503,1000.8341
1761099491524,1000.7139
1761099491543,1000.66815
1761099491563,1000.6308
1761099491584,1000.6136
1761099491604,1000.61237
1761099491624,1000.6257
1761099491644,1000.64
1761099491664,1000.66724
1761099491684,1000.71204
1761099491704,1000.77704
1761099491724,1000.8025
1761099491744,1000.7439
1761099491764,1001.0497
1761099491784,1001.3297
1761099491804,1001.1519
1761099491824,1001.0297
1761099491844,1001.0608
1761099491864,1001.2034
1761099491884,1001.28424
1761099491904,1001.5208
1761099491924,1001.6286
1761099491944,1001.71625
1761099491966,1002.2741
1761099491984,1002.8008
1761099492004,1003.1819
1761099492024,1003.2186
1761099492044,1003.09155
1761099492064,1003.0053
1761099492084,1002.84656
1761099492105,1002.6339
1761099492125,1002.2761
1761099492144,1002.136
1761099492164,1002.1889
1761099492183,1001.8858
1761099492204,1001.4446
1761099492224,1001.11035
1761099492244,1000.85614
1761099492264,1000.758
1761099492285,1000.79614
1761099492304,1000.74146
1761099492324,1000.6961
1761099492344,1000.53314
1761099492364,1000.4622
1761099492384,1000.41016
1761099492404,1000.4969
1761099492424,1000.53
1761099492444,1000.7086
1761099492465,1001.1936
1761099492484,1001.40063
1761099492503,1001.61206
1761099492523,1002.0055
1761099492544,1002.3167
1761099492564,1002.2528
1761099492584,1001.74207
1761099492605,1001.3697
1761099492625,1001.5469
1761099492643,1001.2708
1761099492663,1000.85547
1761099492684,1000.9455
1761099492704,1001.0019
1761099492724,1000.815
1761099492745,1000.68317
1761099492765,1000.83875
1761099492785,1000.6219
1761099492804,1000.5128
1761099492823,1000.29956
1761099492843,1000.2577
1761099492864,1000.29395
1761099492884,1000.29346
1761099492904,1000.3155
1761099492925,1000.34546
1761099492944,1000.3472
1761099492964,1000.36005
1761099492984,1000.3749
1761099493004,1000.41644
1761099493024,1000.72955
1761099493044,1001.04175
1761099493064,1001.3336
1761099493085,1001.55206
1761099493104,1001.73956
1761099493125,1002.01
1761099493143,1002.24677
1761099493163,1002.3889
1761099493184,1002.41785
1761099493204,1002.3253
1761099493224,1002.1314
1761099493245,1001.8181
1761099493264,1001.8705
1761099493286,1001.80066
1761099493303,1001.6939
1761099493324,1001.28375
1761099493343,1000.7994
1761099493363,1000.51
1761099493384,1000.35284
1761099493404,1000.2808
1761099493425,1000.28656
1761099493445,1000.3264
1761099493464,1000.35223
1761099493483,1000.37067
1761099493504,1000.34937
1761099493523,1000.376
1761099493544,1000.4
1761099493564,1000.52893
1761099493585,1000.8205
1761099493604,1000.9569
1761099493623,1001.1186
1761099493645,1001.41797
1761099493663,1001.9341
1761099493684,1002.3394
1761099493704,1002.3824
1761099493724,1002.15283
1761099493744,1001.8064
1761099493765,1001.4589
1761099493785,1001.3005
1761099493804,1000.97156
1761099493823,1000.7567
1761099493843,1000.9603
1761099493864,1000.8874
1761099493884,1000.6741
1761099493905,1000.52734
1761099493924,1000.66486
1761099493945,1000.7383
1761099493964,1000.6172
1761099493984,1000.3425
1761099494004,1000.2736
1761099494023,1000.28424
1761099494044,1000.26
1761099494065,1000.2439
1761099494084,1000.2588
1761099494105,1000.2514
1761099494124,1000.2719
1761099494145,1000.28735
1761099494164,1000.3327
1761099494184,1000.3641
1761099494204,1000.4022
1761099494224,1000.4955
1761099494245,1001.23016
1761099494264,1001.61206
1761099494284,1001.60614
1761099494303,1001.635
1761099494325,1002.0081
1761099494344,1002.2496
1761099494364,1002.36847
1761099494384,1002.4939
1761099494404,1002.5183
1761099494425,1002.463
1761099494445,1002.29205
1761099494464,1002.1994
1761099494485,1002.16754
1761099494505,1002.1594
1761099494524,1002.0908
1761099494544,1001.86957
1761099494564,1001.5286
1761099494584,1001.1919
1761099494605,1000.91003
1761099494623,1000.72797
1761099494645,1000.6033
1761099494664,1000.42035
1761099494684,1000.2658
1761099494704,1000.16895
1761099494724,1000.1345
1761099494745,1000.1136
1761099494765,1000.1349
1761099494784,1000.16437
1761099494804,1000.17706
1761099494823,1000.2075
1761099494843,1000.22906
1761099494864,1000.3269
1761099494884,1000.5685
1761099494905,1001.04346
1761099494925,1001.15405
1761099494944,1001.197
1761099494963,1001.2645
1761099494984,1001.2649
1761099495004,1001.013
1761099495024,1000.72284
1761099495044,1000.48285
1761099495066,1000.3185
1761099495084,1000.2008
1761099495105,1000.255
1761099495124,1000.35706
1761099495144,1000.3902
1761099495164,1000.54767
1761099495184,1000.48114
1761099495204,1000.41016
1761099495224,1000.3389
1761099495245,1000.34644
1761099495265,1000.3794
1761099495284,1000.4208
1761099495304,1000.5086
1761099495324,1000.6044
1761099495344,1000.7624
1761099495364,1000.88
1761099495384,1000.9961
1761099495404,1001.17285
1761099495425,1001.3311
1761099495444,1001.525
1761099495463,1001.73505
1761099495483,1001.9358
1761099495504,1002.1122
1761099495524,1002.30035
1761099495544,1002.53033
1761099495565,1002.8066
1761099495585,1002.9258
1761099495603,1003.1395
1761099495624,1003.29785
1761099495645,1003.49817
1761099495664,1003.85187
1761099495684,1004.2883
1761099495704,1004.52844
1761099495724,1004.66626
1761099495745,1004.6955
1761099495765,1004.58923
1761099495784,1004.46124
1761099495804,1004.2549
1761099495823,1004.0569
1761099495844,1003.8925
1761099495864,1003.73035
1761099495885,1003.898
1761099495905,1004.2022
1761099495924,1004.1871
1761099495944,1003.8194
1761099495964,1003.41547
1761099495984,1003.16754
1761099496004,1002.98267
1761099496024,1002.90125
1761099496044,1002.7355
1761099496064,1002.47437
1761099496085,1001.9263
1761099496104,1001.79407
1761099496123,1001.2388
1761099496144,1000.9994
1761099496164,1000.91364
1761099496184,1000.91125
1761099496204,1000.92737
1761099496224,1000.91766
1761099496245,1000.941
1761099496264,1001.03516
1761099496283,1001.0049
1761099496303,1000.9783
1761099496324,1000.965
1761099496344,1000.9266
1761099496364,1000.9316
1761099496384,1001.02124
1761099496405,1001.0816
1761099496425,1001.1469
1761099496444,1001.2463
1761099496464,1001.27954
1761099496484,1001.3616
1761099496504,1001.5083
1761099496524,1001.5936
1761099496546,1001.6896
1761099496564,1001.8122
1761099496585,1001.8914
1761099496604,1001.9592
1761099496623,1001.96783
1761099496643,1001.8077
1761099496663,1001.61096
1761099496684,1001.4492
1761099496704,1001.28534
1761099496724,1001.4547
1761099496745,1001.41815
1761099496764,1001.29565
1761099496785,1001.04736
1761099496804,1000.9402
1761099496824,1000.92065
1761099496844,1000.90094
1761099496864,1000.8909
1761099496884,1000.86847
1761099496904,1000.89545
1761099496924,1000.79535
1761099496943,1000.7183
1761099496964,1000.625
1761099496984,1000.5806
1761099497004,1000.66956
1761099497024,1000.6986
1761099497044,1000.67664
1761099497064,1000.7211
1761099497085,1000.7388
1761099497104,1000.745
1761099497124,1000.7103
1761099497144,1000.7064
1761099497164,1000.73486
1761099497184,1000.6991
1761099497204,1000.68036
1761099497224,1000.6947
1761099497245,1000.6744
1761099497264,1000.65894
1761099497284,1000.6516
1761099497304,1000.6758
1761099497325,1000.6208
1761099497344,1000.5658
1761099497364,1000.59534
1761099497384,1000.5616
1761099497404,1000.53204
1761099497424,1000.41675
1761099497443,1000.42566
1761099497464,1000.4861
1761099497484,1000.455
1761099497504,1000.3142
1761099497524,1000.30676
1761099497544,1000.3208
1761099497565,1000.28986
1761099497583,1000.2733
1761099497603,1000.23254
1761099497624,1000.27374
1761099497643,1000.28796
1761099497664,1000.33954
1761099497684,1000.3761
1761099497704,1000.3686
1761099497725,1000.40063
1761099497745,1000.40234
1761099497763,1000.40796
1761099497789,1000.40753
1761099497804,1000.53625
1761099497829,1000.5117
1761099497845,1000.5574
1761099497875,1000.5128
1761099497884,1000.4938
1761099497904,1000.4686
1761099497923,1000.41986
1761099497943,1000.35516
1761099497963,1000.3211
1761099497983,1000.27484
1761099498003,1000.16907
1761099498023,1000.0599
1761099498043,999.9971
1761099498064,999.9996
1761099498087,999.96564
1761099498103,999.9516
1761099498123,999.92706
1761099498143,999.91547
1761099498163,999.881
1761099498183,999.7794
1761099498203,999.7122
1761099498224,999.6282
1761099498244,999.5114
1761099498263,999.4272
1761099498283,999.3394
1761099498303,999.2458
1761099498323,999.2322
1761099498343,999.268
1761099498363,999.28705
1761099498384,999.3154
1761099498404,999.3508
1761099498423,999.4339
1761099498445,999.5269
1761099498463,999.6399
1761099498483,999.72656
1761099498504,999.8033
1761099498523,999.8313
1761099498543,999.8813
1761099498564,999.9413
1761099498583,999.97595
1761099498603,1000.01
1761099498623,999.9392
1761099498643,999.84973
1761099498663,999.858
1761099498684,999.8889
1761099498704,999.9297
1761099498724,999.97296
1761099498743,999.9919
1761099498763,1000.061
1761099498783,1000.1358
1761099498803,1000.1863
1761099498823,1000.3775
1761099498843,1000.53375
1761099498864,1000.5764
1761099498884,1000.48047
1761099498903,1000.5038
