1761097818453,1002.15674
1761097818473,1002.1547
1761097818492,1002.1885
1761097818512,1002.2485
1761097818533,1002.27875
1761097818552,1002.3208
1761097818572,1002.3252
1761097818593,1002.3192
1761097818614,1002.3366
1761097818633,1002.3303
1761097818653,1002.305
1761097818672,1002.2719
1761097818692,1002.2655
1761097818712,1002.28894
1761097818732,1002.29926
1761097818753,1002.33704
1761097818773,1002.34503
1761097818793,1002.36676
1761097818813,1002.40564
1761097818832,1002.43286
1761097818852,1002.4364
1761097818872,1002.45
1761097818892,1002.49817
1761097818912,1002.5646
1761097818933,1002.5677
1761097818953,1002.58875
1761097818973,1002.6115
1761097818993,1002.6331
1761097819012,1002.6278
1761097819032,1002.61597
1761097819053,1002.60046
1761097819072,1002.58594
1761097819093,1002.60736
1761097819113,1002.6297
1761097819133,1002.6758
1761097819152,1002.6772
1761097819172,1002.6597
1761097819192,1002.6211
1761097819212,1002.5749
1761097819232,1002.53894
1761097819253,1002.4941
1761097819273,1002.4591
1761097819293,1002.4294
1761097819312,1002.4552
1761097819332,1002.5097
1761097819352,1002.54895
1761097819373,1002.5516
1761097819392,1002.5625
1761097819412,1002.5667
1761097819433,1002.5458
1761097819454,1002.5239
1761097819473,1002.47565
1761097819493,1002.4581
1761097819513,1002.48047
1761097819533,1002.47534
1761097819553,1002.4655
1761097819574,1002.4442
1761097819593,1002.41516
1761097819614,1002.4275
1761097819635,1002.4639
1761097819652,1002.4578
1761097819672,1002.511
1761097819692,1002.55347
1761097819712,1002.5653
1761097819732,1002.5658
1761097819753,1002.5597
1761097819773,1002.5326
1761097819793,1002.5139
1761097819813,1002.47235
1761097819832,1002.3747
1761097819852,1002.41736
1761097819873,1002.54095
1761097819892,1002.60095
1761097819913,1002.6522
1761097819933,1002.65485
1761097819953,1002.66876
1761097819972,1002.65283
1761097819992,1002.6316
1761097820012,1002.6272
1761097820033,1002.5864
1761097820052,1002.5599
1761097820072,1002.5052
1761097820093,1002.4672
1761097820113,1002.47504
1761097820133,1002.4983
1761097820152,1002.5336
1761097820172,1002.5577
1761097820192,1002.5599
1761097820212,1002.5322
1761097820233,1002.5308
1761097820253,1002.5552
1761097820273,1002.5892
1761097820294,1002.59485
1761097820312,1002.5547
1761097820339,1002.5092
1761097820352,1002.5011
1761097820372,1002.54816
1761097820392,1002.60144
1761097820413,1002.5686
1761097820433,1002.5752
1761097820453,1002.60626
1761097820473,1002.58954
1761097820493,1002.5657
1761097820512,1002.54816
1761097820532,1002.54706
1761097820552,1002.5519
1761097820573,1002.58813
1761097820593,1002.62463
1761097820613,1002.571
1761097820632,1002.53674
1761097820652,1002.5258
1761097820673,1002.56366
1761097820692,1002.5197
1761097820712,1002.5003
1761097820733,1002.4308
1761097820753,1002.4463
1761097820773,1002.43427
1761097820792,1002.41797
1761097820812,1002.3747
1761097820832,1002.3383
1761097820853,1002.3038
1761097820873,1002.3155
1761097820893,1002.3185
1761097820913,1002.3021
1761097820933,1002.3336
1761097820954,1002.30566
1761097820973,1002.29175
1761097820993,1002.3245
1761097821013,1002.3461
1761097821033,1002.3594
1761097821053,1002.3739
1761097821073,1002.41754
1761097821093,1002.47015
1761097821114,1002.4841
1761097821133,1002.4961
1761097821152,1002.5599
1761097821172,1002.6413
1761097821192,1002.72473
1761097821213,1002.7578
1761097821233,1002.6697
1761097821253,1002.5632
1761097821274,1002.4594
1761097821292,1002.42145
1761097821314,1002.3972
1761097821332,1002.42395
1761097821352,1002.41345
1761097821373,1002.3777
1761097821393,1002.318
1761097821414,1002.28625
1761097821433,1002.3286
1761097821453,1002.33954
1761097821472,1002.3041
1761097821493,1002.22546
1761097821514,1002.17786
1761097821533,1002.1533
1761097821553,1002.183
1761097821573,1002.20874
1761097821594,1002.24677
1761097821613,1002.2571
1761097821634,1002.2397
1761097821652,1002.23096
1761097821672,1002.2581
1761097821692,1002.27563
1761097821713,1002.3138
1761097821733,1002.3808
1761097821753,1002.34375
1761097821773,1002.35455
1761097821793,1002.3806
1761097821813,1002.38
1761097821833,1002.44
1761097821853,1002.4564
1761097821873,1002.4561
1761097821893,1002.41907
1761097821913,1002.40765
1761097821934,1002.40485
1761097821953,1002.41504
1761097821972,1002.35046
1761097821993,1002.28687
1761097822013,1002.2514
1761097822033,1002.22064
1761097822053,1002.22375
1761097822073,1002.27997
1761097822094,1002.3355
1761097822113,1002.28406
1761097822133,1002.1755
1761097822153,1002.0833
1761097822172,1002.10394
1761097822192,1002.10614
1761097822213,1002.14734
1761097822234,1002.10547
1761097822253,1002.0784
1761097822274,1002.0738
1761097822292,1002.0852
1761097822313,1002.1286
1761097822333,1002.16705
1761097822352,1002.1555
1761097822373,1002.1044
1761097822393,1002.02734
1761097822413,1002.0286
1761097822434,1002.0275
1761097822452,1002.04285
1761097822472,1002.1116
1761097822493,1002.183
1761097822512,1002.2528
1761097822533,1002.28156
1761097822553,1002.3327
1761097822573,1002.38025
1761097822593,1002.36566
1761097822613,1002.35223
1761097822633,1002.3408
1761097822652,1002.3391
1761097822672,1002.3214
1761097822693,1002.36066
1761097822713,1002.40814
1761097822733,1002.35864
1761097822753,1002.3238
1761097822772,1002.27234
1761097822793,1002.22546
1761097822813,1002.1986
1761097822833,1002.17847
1761097822852,1002.1894
1761097822873,1002.2045
1761097822893,1002.21875
1761097822913,1002.2008
1761097822933,1002.22205
1761097822953,1002.2422
1761097822972,1002.2463
1761097822993,1002.28406
1761097823013,1002.2556
1761097823033,1002.2424
1761097823054,1002.22284
1761097823074,1002.2595
1761097823094,1002.28033
1761097823113,1002.3158
1761097823133,1002.4031
1761097823152,1002.3839
1761097823172,1002.34814
1761097823193,1002.3341
1761097823213,1002.3419
1761097823233,1002.4374
1761097823253,1002.5983
1761097823273,1002.746
1761097823293,1002.78595
1761097823313,1002.7322
1761097823333,1002.637
1761097823353,1002.60736
1761097823373,1002.63586
1761097823394,1002.5635
1761097823413,1002.4872
1761097823433,1002.365
1761097823453,1002.2634
1761097823472,1002.1914
1761097823493,1002.1594
1761097823513,1002.15985
1761097823533,1002.1838
1761097823554,1002.1888
1761097823574,1002.1547
1761097823593,1002.15985
1761097823613,1002.14844
1761097823633,1002.2058
1761097823652,1002.22125
1761097823672,1002.2535
1761097823693,1002.23035
1761097823713,1002.2663
1761097823733,1002.22546
1761097823753,1002.23236
1761097823773,1002.268
1761097823792,1002.33923
1761097823813,1002.3895
1761097823833,1002.47266
1761097823853,1002.5005
1761097823873,1002.54895
1761097823893,1002.6444
1761097823913,1002.718
1761097823932,1002.7486
1761097823952,1002.7464
1761097823972,1002.65125
1761097823993,1002.571
1761097824013,1002.48236
1761097824033,1002.4394
1761097824053,1002.36017
1761097824074,1002.3063
1761097824093,1002.2546
1761097824113,1002.2388
1761097824133,1002.2474
1761097824152,1002.23926
1761097824172,1002.1963
1761097824192,1002.14984
1761097824213,1002.1394
1761097824233,1002.0822
1761097824252,1002.0058
1761097824273,1002.05566
1761097824293,1002.02783
1761097824313,1002.0749
1761097824334,1002.15753
1761097824352,1002.29205
1761097824373,1002.35895
1761097824393,1002.3264
1761097824412,1002.22156
1761097824432,1002.1978
1761097824452,1002.20703
1761097824472,1002.30176
1761097824492,1002.3619
1761097824513,1002.3786
1761097824533,1002.32
1761097824554,1002.233
1761097824573,1002.10547
1761097824592,1002.0652
1761097824614,1002.0833
1761097824632,1002.0067
1761097824653,1001.97095
1761097824673,1001.92395
1761097824693,1001.935
1761097824713,1001.9999
1761097824734,1002.0513
1761097824753,1002.0827
1761097824772,1002.06
1761097824792,1002.0772
1761097824812,1002.1285
1761097824832,1002.2002
1761097824853,1002.23346
1761097824873,1002.3469
1761097824893,1002.3674
1761097824913,1002.3361
1761097824932,1002.2486
1761097824952,1002.1719
1761097824972,1002.16046
1761097824993,1002.1947
1761097825013,1002.2038
1761097825034,1002.1938
1761097825054,1002.21063
1761097825073,1002.2158
1761097825093,1002.1555
1761097825113,1002.108
1761097825133,1002.121
1761097825152,1002.1257
1761097825173,1002.1294
1761097825193,1002.1175
1761097825213,1002.1033
1761097825233,1002.0847
1761097825252,1002.0603
1761097825272,1002.0142
1761097825292,1002.02484
1761097825312,1002.0152
1761097825333,1002.0086
1761097825354,1001.98456
1761097825373,1001.9911
1761097825393,1002.0033
1761097825413,1002.03723
1761097825433,1002.04755
1761097825453,1002.0625
1761097825472,1002.0813
1761097825493,1002.08875
1761097825513,1002.10254
1761097825533,1002.1475
1761097825554,1002.17676
1761097825574,1002.1533
1761097825593,1002.14844
1761097825612,1002.1558
1761097825633,1002.17236
1761097825652,1002.17236
1761097825673,1002.198
1761097825693,1002.245
1761097825713,1002.24176
1761097825732,1002.2797
1761097825753,1002.2836
1761097825773,1002.3052
1761097825792,1002.3025
1761097825813,1002.3161
1761097825833,1002.4252
1761097825853,1002.4708
1761097825873,1002.4083
1761097825893,1002.3199
1761097825912,1002.2405
1761097825932,1002.2034
1761097825953,1002.1214
1761097825973,1002.1122
1761097825993,1002.073
1761097826013,1002.0671
1761097826033,1002.06067
1761097826055,1002.0827
1761097826073,1002.1094
1761097826093,1002.1356
1761097826113,1002.22614
1761097826133,1002.2764
1761097826152,1002.33844
1761097826172,1002.37036
1761097826193,1002.3735
1761097826213,1002.34424
1761097826233,1002.3186
1761097826252,1002.29047
1761097826272,1002.28064
1761097826293,1002.21655
1761097826312,1002.1366
1761097826338,1002.0831
1761097826353,1002.0755
1761097826373,1002.0466
1761097826392,1002.0853
1761097826412,1002.1136
1761097826432,1002.0983
1761097826452,1002.0678
1761097826472,1002.09235
1761097826492,1002.04706
1761097826513,1002.0655
1761097826533,1002.03625
1761097826552,1002.0178
1761097826573,1001.9877
1761097826593,1001.9866
1761097826612,1001.98895
1761097826632,1001.9758
1761097826653,1001.97675
1761097826673,1002.0166
1761097826693,1002.0563
1761097826713,1002.1022
1761097826733,1002.10315
1761097826753,1002.09955
1761097826773,1002.15814
1761097826792,1002.2758
1761097826812,1002.3469
1761097826833,1002.42706
1761097826853,1002.4933
1761097826873,1002.5097
1761097826893,1002.4908
1761097826912,1002.47986
1761097826933,1002.452
1761097826952,1002.3757
1761097826972,1002.3227
1761097826993,1002.3375
1761097827014,1002.3252
1761097827034,1002.2966
1761097827053,1002.27625
1761097827073,1002.22394
1761097827093,1002.15283
1761097827113,1002.0836
1761097827133,1001.9999
1761097827152,1001.9413
1761097827173,1001.948
1761097827193,1001.98846
1761097827213,1002.0003
1761097827233,1002.0053
1761097827252,1002.02954
1761097827272,1001.9989
1761097827293,1001.96344
1761097827313,1001.96655
1761097827334,1001.9333
1761097827353,1001.9394
1761097827374,1001.9553
1761097827392,1001.96844
1761097827413,1002.04315
1761097827432,1002.0753
1761097827452,1002.11646
1761097827473,1002.1963
1761097827493,1002.21
1761097827513,1002.2553
1761097827534,1002.28064
1761097827553,1002.2733
1761097827573,1002.2372
1761097827593,1002.2211
1761097827613,1002.1816
1761097827633,1002.1261
1761097827653,1002.05457
1761097827673,1002.0142
1761097827693,1002.0056
1761097827713,1001.9894
1761097827733,1002.02374
1761097827753,1002.01733
1761097827773,1001.9708
1761097827793,1001.97437
1761097827813,1001.9222
1761097827833,1001.8569
1761097827853,1001.87067
1761097827873,1001.89
1761097827892,1001.9083
1761097827915,1001.98816
1761097827933,1002.03595
1761097827952,1002.0749
1761097827973,1002.04114
1761097827994,1002.04175
1761097828013,1002.01733
1761097828034,1001.9802
1761097828053,1002.03656
1761097828073,1002.09955
1761097828093,1002.198
1761097828113,1002.2194
1761097828133,1002.24316
1761097828154,1002.41534
1761097828173,1002.42206
1761097828193,1002.4322
1761097828212,1002.3903
1761097828233,1002.42175
1761097828252,1002.4366
1761097828273,1002.4499
1761097828292,1002.42346
1761097828313,1002.42255
1761097828333,1002.3777
1761097828353,1002.3419
1761097828372,1002.2944
1761097828392,1002.2466
1761097828413,1002.1902
1761097828433,1002.1363
1761097828453,1002.10767
1761097828473,1002.0696
1761097828493,1002.09143
1761097828514,1002.0749
1761097828533,1002.11395
1761097828552,1002.10547
1761097828573,1002.0647
1761097828593,1002.0522
1761097828613,1002.0236
1761097828634,1002.0066
1761097828654,1001.9916
1761097828673,1001.98785
1761097828692,1002.0505
1761097828712,1002.09924
1761097828732,1002.1924
1761097828753,1002.322
1761097828772,1002.3897
1761097828792,1002.48987
1761097828813,1002.5443
1761097828833,1002.54895
1761097828854,1002.5035
1761097828873,1002.48926
1761097828893,1002.4375
1761097828913,1002.35986
1761097828933,1002.261
1761097828952,1002.16534
1761097828973,1002.1597
1761097828993,1002.1376
1761097829014,1002.0752
1761097829033,1002.0147
1761097829053,1001.98456
1761097829072,1001.92126
1761097829093,1001.8799
1761097829113,1001.8708
1761097829133,1001.8686
1761097829154,1001.8583
1761097829173,1001.8753
1761097829193,1001.8739
1761097829212,1001.9014
1761097829232,1002.0294
1761097829252,1002.1844
1761097829272,1002.3908
1761097829293,1002.5969
1761097829313,1002.68066
1761097829334,1002.7322
1761097829353,1002.7402
1761097829373,1002.7125
1761097829392,1002.6208
1761097829413,1002.51
1761097829432,1002.34534
1761097829453,1002.2308
1761097829473,1002.2055
1761097829493,1002.22314
1761097829514,1002.21893
1761097829532,1002.22046
1761097829553,1002.16394
1761097829572,1002.1405
1761097829593,1002.0786
1761097829613,1002.0072
1761097829633,1001.8941
1761097829656,1001.9322
1761097829673,1001.9605
1761097829693,1002.03
1761097829712,1002.1941
1761097829732,1002.3792
1761097829752,1002.41364
1761097829772,1002.41284
1761097829793,1002.41223
1761097829813,1002.3768
1761097829834,1002.33234
1761097829853,1002.3302
1761097829873,1002.3922
1761097829893,1002.4783
1761097829912,1002.47266
1761097829933,1002.4525
1761097829953,1002.3716
1761097829973,1002.29956
1761097829993,1002.23145
1761097830014,1002.1991
1761097830032,1002.1808
1761097830052,1002.1199
1761097830073,1002.0491
1761097830093,1001.9655
1761097830113,1001.90515
1761097830133,1001.8757
1761097830154,1001.8347
1761097830173,1001.85297
1761097830193,1001.815
1761097830213,1001.8206
1761097830232,1001.85345
1761097830252,1001.8858
1761097830273,1001.9366
1761097830294,1001.98395
1761097830313,1002.0625
1761097830334,1002.1175
1761097830352,1002.1405
1761097830373,1002.1555
1761097830393,1002.1791
1761097830413,1002.21735
1761097830433,1002.1839
1761097830453,1002.1431
1761097830473,1002.0864
1761097830494,1002.08984
1761097830513,1002.09656
1761097830533,1002.1213
1761097830553,1002.03754
1761097830573,1001.9622
1761097830593,1001.8931
1761097830613,1001.86597
1761097830634,1001.84845
1761097830654,1001.84875
1761097830672,1001.89734
1761097830693,1001.90405
1761097830712,1001.9291
1761097830732,1001.91345
1761097830753,1001.9424
1761097830773,1001.98285
1761097830793,1002.0752
1761097830814,1002.1875
1761097830833,1002.2997
1761097830853,1002.3089
1761097830872,1002.2486
1761097830893,1002.2333
1761097830913,1002.2642
1761097830933,1002.298
1761097830953,1002.28705
1761097830974,1002.2503
1761097830994,1002.17426
1761097831013,1002.1127
1761097831033,1002.1172
1761097831053,1002.11066
1761097831073,1002.1353
1761097831094,1002.128
1761097831113,1002.1244
1761097831133,1002.0908
1761097831154,1002.0508
1761097831172,1001.97797
1761097831192,1001.97906
1761097831213,1001.9733
1761097831233,1001.9316
1761097831253,1001.89624
1761097831273,1001.87067
1761097831293,1001.84906
1761097831313,1001.8344
1761097831333,1001.8719
1761097831352,1001.91846
1761097831373,1001.9602
1761097831392,1002.03894
1761097831412,1002.04095
1761097831433,1002.0636
1761097831453,1002.12
1761097831473,1002.15735
1761097831493,1002.2463
1761097831513,1002.2616
1761097831533,1002.27985
1761097831553,1002.28345
1761097831573,1002.2986
1761097831593,1002.23456
1761097831613,1002.1708
1761097831633,1002.1141
1761097831654,1002.1197
1761097831673,1002.22253
1761097831692,1002.21594
1761097831712,1002.193
1761097831732,1002.0878
1761097831753,1001.95593
1761097831773,1001.89594
1761097831793,1001.8716
1761097831813,1001.9003
1761097831833,1001.9355
1761097831852,1001.9424
1761097831872,1001.89624
1761097831893,1001.85223
1761097831913,1001.83594
1761097831933,1001.85016
1761097831953,1001.8728
1761097831974,1001.8956
1761097831993,1001.90405
1761097832012,1001.91547
1761097832033,1001.9475
1761097832053,1001.9891
1761097832073,1002.0639
1761097832093,1002.13043
1761097832113,1002.1752
1761097832134,1002.21814
1761097832153,1002.22015
1761097832172,1002.2747
1761097832192,1002.2772
1761097832212,1002.2691
1761097832232,1002.2319
1761097832253,1002.21674
1761097832273,1002.2092
1761097832293,1002.14984
1761097832312,1002.11957
1761097832332,1002.0822
1761097832352,1002.03937
1761097832372,1002.04047
1761097832393,1002.03894
1761097832413,1002.0216
1761097832433,1002.03406
1761097832453,1001.9695
1761097832473,1001.9344
1761097832493,1001.93176
1761097832512,1001.9005
1761097832533,1001.9389
1761097832553,1001.9255
1761097832572,1001.91614
1761097832593,1001.9369
1761097832613,1001.9708
1761097832634,1001.9983
1761097832652,1002.0103
1761097832673,1002.0044
1761097832692,1002.0233
1761097832712,1002.04767
1761097832733,1002.0586
1761097832753,1002.0811
1761097832773,1002.11066
1761097832793,1002.15656
1761097832813,1002.1827
1761097832833,1002.21124
1761097832853,1002.2628
1761097832873,1002.30316
1761097832893,1002.3047
1761097832913,1002.2491
1761097832933,1002.16046
1761097832954,1002.1255
1761097832973,1002.1428
1761097832993,1002.1802
1761097833013,1002.18317
1761097833033,1002.1277
1761097833053,1002.0755
1761097833075,1002.04425
1761097833094,1002.0505
1761097833113,1002.0841
1761097833134,1002.09766
1761097833153,1002.11395
1761097833172,1002.4589
1761097833192,1002.623
1761097833213,1002.6981
1761097833233,1002.6697
1761097833253,1002.60596
1761097833273,1002.5155
1761097833293,1002.4958
1761097833313,1002.55347
1761097833332,1002.6133
1761097833352,1002.6889
1761097833372,1002.7408
1761097833392,1002.83923
1761097833413,1002.86237
1761097833433,1002.7919
1761097833453,1002.7161
1761097833472,1002.5589
1761097833492,1002.3938
1761097833513,1002.2319
1761097833532,1002.10504
1761097833552,1002.1058
1761097833573,1002.1166
1761097833593,1002.09424
1761097833614,1002.04675
1761097833633,1001.9478
1761097833653,1001.8719
1761097833672,1001.8735
1761097833692,1001.8627
1761097833712,1001.8867
1761097833733,1001.90533
1761097833753,1001.881
1761097833774,1001.8295
1761097833793,1001.8033
1761097833812,1001.745
1761097833838,1001.7525
1761097833853,1001.7619
1761097833872,1001.79736
1761097833893,1001.8005
1761097833913,1001.83734
1761097833934,1001.8408
1761097833954,1001.85596
1761097833973,1001.8189
1761097833992,1001.803
1761097834012,1001.84485
1761097834033,1001.8883
1761097834053,1001.9369
1761097834073,1001.9396
1761097834094,1001.96173
1761097834116,1001.9997
1761097834133,1002.02124
1761097834153,1002.0775
1761097834172,1002.1333
1761097834192,1002.15704
1761097834212,1002.16486
1761097834234,1002.1406
1761097834253,1002.1303
1761097834273,1002.1255
1761097834292,1002.1486
1761097834312,1002.1136
1761097834332,1002.0666
1761097834352,1001.99927
1761097834372,1001.8895
1761097834393,1001.8153
1761097834413,1001.8058
1761097834434,1001.84344
1761097834453,1001.8436
1761097834473,1001.84534
1761097834492,1001.84
1761097834512,1001.8252
1761097834533,1001.85657
1761097834553,1001.8839
1761097834573,1001.85065
1761097834593,1001.858
1761097834614,1001.8746
1761097834633,1001.9339
1761097834653,1001.9319
1761097834673,1001.98267
1761097834692,1001.98267
1761097834712,1001.97064
1761097834733,1001.9939
1761097834753,1001.9913
1761097834773,1002.03766
1761097834792,1002.0744
1761097834813,1002.11285
1761097834832,1002.1766
1761097834852,1002.1863
1761097834872,1002.2063
1761097834893,1002.22736
1761097834913,1002.2175
1761097834934,1002.2524
1761097834953,1002.2089
1761097834973,1002.10315
1761097834993,1001.97656
1761097835013,1001.9475
1761097835033,1001.9339
1761097835054,1001.9764
1761097835073,1002.0189
1761097835093,1001.98895
1761097835113,1001.9975
1761097835133,1001.92377
1761097835153,1001.8752
1761097835175,1001.85175
1761097835193,1001.821
1761097835212,1001.79504
1761097835233,1001.7836
1761097835253,1001.78766
1761097835273,1001.77454
1761097835293,1001.8178
1761097835313,1001.8259
1761097835333,1001.8202
1761097835353,1001.8124
1761097835373,1001.84155
1761097835393,1001.8419
1761097835414,1001.8674
1761097835433,1001.8758
1761097835452,1001.9291
1761097835473,1001.9427
1761097835493,1001.92255
1761097835513,1001.97394
1761097835533,1001.9963
1761097835553,1002.051
1761097835573,1002.1161
1761097835594,1002.0685
1761097835614,1002.0538
1761097835633,1002.0622
1761097835653,1002.0713
1761097835673,1002.09534
1761097835693,1002.1249
1761097835713,1002.1116
1761097835733,1002.0671
1761097835753,1002.0294
1761097835773,1001.9556
1761097835793,1001.9294
1761097835813,1001.8705
1761097835833,1001.84937
1761097835853,1001.85016
1761097835873,1001.90594
1761097835894,1001.9622
1761097835914,1001.9655
1761097835933,1001.9822
1761097835953,1001.8938
1761097835973,1001.85596
1761097835993,1001.8286
1761097836012,1001.8752
1761097836033,1001.8725
1761097836053,1001.8942
1761097836074,1001.90625
1761097836094,1001.91925
1761097836113,1001.8908
1761097836133,1001.8794
1761097836153,1001.90265
1761097836173,1001.91284
1761097836192,1001.97455
1761097836213,1002.0194
1761097836233,1002.0724
1761097836253,1002.08875
1761097836272,1002.0689
1761097836292,1002.0122
1761097836313,1002.0233
1761097836332,1001.9972
1761097836352,1002.0071
1761097836373,1002.1029
1761097836394,1002.15704
1761097836413,1002.1392
1761097836434,1002.0639
1761097836453,1001.9722
1761097836472,1001.903
1761097836493,1001.9255
1761097836513,1001.93176
1761097836533,1001.9628
1761097836553,1001.9683
1761097836573,1001.9438
1761097836593,1001.89594
1761097836613,1001.8483
1761097836633,1001.8172
1761097836653,1001.79926
1761097836673,1001.8166
1761097836692,1001.8558
1761097836713,1001.9044
1761097836733,1001.9094
1761097836753,1001.91364
1761097836773,1001.91614
1761097836793,1001.8903
1761097836813,1001.92566
1761097836833,1001.9424
1761097836853,1001.9639
1761097836873,1001.93066
1761097836894,1001.8611
1761097836914,1001.9011
1761097836933,1001.98566
1761097836953,1002.0569
1761097836972,1002.083
1761097836993,1002.1261
1761097837013,1002.15625
1761097837033,1002.1211
1761097837053,1002.10675
1761097837073,1002.066
1761097837093,1002.0347
1761097837113,1002.023
1761097837132,1002.03564
1761097837153,1002.0566
1761097837172,1002.01843
1761097837193,1002.0063
1761097837213,1001.92096
1761097837233,1001.84625
1761097837252,1001.7675
1761097837273,1001.7471
1761097837293,1001.73596
1761097837312,1001.7653
1761097837332,1001.8252
1761097837353,1001.8936
1761097837373,1001.9499
1761097837393,1001.9902
1761097837413,1002.02905
1761097837433,1002.08093
1761097837453,1002.09906
1761097837473,1002.0664
1761097837493,1002.0547
1761097837513,1002.08624
1761097837533,1002.11786
1761097837553,1002.2014
1761097837575,1002.21844
1761097837593,1002.1791
1761097837613,1002.08765
1761097837633,1002.0269
1761097837653,1001.9533
1761097837673,1001.91406
1761097837693,1001.8116
1761097837713,1001.71124
1761097837733,1001.6814
1761097837752,1001.696
1761097837772,1001.7053
1761097837793,1001.6763
1761097837812,1001.65424
1761097837833,1001.66565
1761097837854,1001.7141
1761097837873,1001.78656
1761097837894,1001.8867
1761097837913,1001.92035
1761097837933,1001.9378
1761097837953,1001.9499
1761097837973,1001.9999
1761097837993,1002.0947
1761097838013,1002.1116
1761097838033,1002.0139
1761097838054,1001.9391
1761097838074,1001.8763
1761097838093,1001.9072
1761097838113,1001.9733
1761097838133,1002.025
1761097838154,1001.96655
1761097838174,1001.89874
1761097838193,1001.79675
1761097838213,1001.78674
1761097838234,1001.8166
1761097838252,1001.815
1761097838272,1001.815
1761097838292,1001.8199
1761097838313,1001.8317
1761097838333,1001.8788
1761097838353,1001.9377
1761097838373,1001.9636
1761097838393,1001.94
1761097838412,1001.98627
1761097838433,1002.0311
1761097838453,1002.10046
1761097838472,1002.14594
1761097838493,1002.1406
1761097838513,1002.15924
1761097838533,1002.1352
1761097838554,1002.0839
1761097838573,1002.0047
1761097838592,1001.9528
1761097838613,1001.9316
1761097838633,1001.92596
1761097838653,1001.91705
1761097838673,1001.881
1761097838693,1001.838
1761097838713,1001.85095
1761097838732,1001.8647
1761097838753,1001.8294
1761097838772,1001.7727
1761097838793,1001.7416
1761097838813,1001.73895
1761097838833,1001.73517
1761097838854,1001.72394
1761097838873,1001.7411
1761097838894,1001.78864
1761097838913,1001.8383
1761097838932,1001.8824
1761097838952,1001.9316
1761097838972,1001.99097
1761097838992,1002.0145
1761097839013,1002.0227
1761097839033,1002.02985
1761097839054,1002.0635
1761097839073,1002.11786
1761097839093,1002.0911
1761097839113,1002.10736
1761097839133,1002.0766
1761097839153,1002.10284
1761097839173,1002.1408
1761097839194,1002.15094
1761097839214,1002.15393
1761097839232,1002.09064
1761097839252,1001.98755
1761097839272,1001.8405
1761097839293,1001.7667
1761097839312,1001.7422
1761097839333,1001.72015
1761097839353,1001.6846
1761097839373,1001.65497
1761097839393,1001.626
1761097839412,1001.6519
1761097839433,1001.628
1761097839453,1001.6297
1761097839473,1001.7219
1761097839493,1001.7416
1761097839513,1001.7675
1761097839535,1001.8422
1761097839554,1001.98816
1761097839573,1002.15234
1761097839593,1002.2538
1761097839613,1002.2659
1761097839633,1002.23566
1761097839653,1002.1858
1761097839673,1002.126
1761097839694,1002.0671
1761097839714,1002.0672
1761097839732,1002.04926
1761097839752,1002.0172
1761097839772,1002.006
1761097839793,1001.9506
1761097839813,1001.91986
1761097839833,1001.90643
1761097839853,1001.91315
1761097839874,1001.9263
1761097839893,1001.8544
1761097839913,1001.8174
1761097839932,1001.77783
1761097839953,1001.7599
1761097839973,1001.7727
1761097839993,1001.72864
1761097840013,1001.72687
1761097840033,1001.73627
1761097840053,1001.7655
1761097840073,1001.8058
1761097840093,1001.8738
1761097840113,1001.9008
1761097840133,1001.9258
1761097840153,1001.91284
1761097840173,1001.9352
1761097840195,1001.97687
1761097840213,1001.99927
1761097840232,1002.03534
1761097840252,1002.0833
1761097840272,1002.1594
1761097840292,1002.2063
1761097840313,1002.233
1761097840333,1002.1944
1761097840353,1002.1333
1761097840373,1002.04565
1761097840392,1001.9486
1761097840413,1001.8072
1761097840432,1001.7524
1761097840453,1001.6744
1761097840473,1001.65094
1761097840493,1001.6569
1761097840513,1001.6439
1761097840534,1001.6416
1761097840554,1001.6744
1761097840573,1001.6888
1761097840593,1001.7645
1761097840613,1001.7794
1761097840633,1001.8469
1761097840653,1001.91144
1761097840673,1001.9305
1761097840694,1001.97925
1761097840712,1002.0035
1761097840732,1001.98486
1761097840753,1001.95874
1761097840772,1001.97797
1761097840793,1001.97876
1761097840813,1001.992
1761097840833,1001.97424
1761097840854,1001.9424
1761097840872,1001.92847
1761097840892,1001.8875
1761097840912,1001.8847
1761097840933,1001.86255
1761097840953,1001.8569
1761097840973,1001.85406
1761097840993,1001.89056
1761097841013,1001.8746
1761097841034,1001.91223
1761097841052,1001.9286
1761097841073,1001.9491
1761097841093,1001.92816
1761097841114,1001.91766
1761097841133,1001.887
1761097841153,1001.8638
1761097841174,1001.84985
1761097841194,1001.8224
1761097841214,1001.8938
1761097841232,1001.8966
1761097841252,1001.9258
1761097841272,1001.96423
1761097841292,1002.013
1761097841313,1001.996
1761097841333,1001.9396
1761097841353,1001.92706
1761097841372,1001.92676
1761097841392,1001.9405
1761097841412,1002.0019
1761097841433,1002.02423
1761097841452,1002.0044
1761097841473,1001.9722
1761097841493,1001.8758
1761097841514,1001.80396
1761097841533,1001.73425
1761097841553,1001.6981
1761097841573,1001.68317
1761097841593,1001.6708
1761097841613,1001.67346
1761097841634,1001.68567
1761097841653,1001.67017
1761097841674,1001.6836
1761097841694,1001.653
1761097841712,1001.66046
1761097841732,1001.6872
1761097841752,1001.696
1761097841772,1001.6777
1761097841793,1001.66595
1761097841813,1001.71313
1761097841833,1001.7474
1761097841853,1001.80286
1761097841872,1001.9022
1761097841892,1001.943
1761097841913,1001.96063
1761097841933,1001.9589
1761097841952,1001.9335
1761097841973,1001.946
1761097841993,1001.9442
1761097842014,1001.9697
1761097842032,1001.9505
1761097842053,1001.8735
1761097842072,1001.8394
1761097842092,1001.79767
1761097842113,1001.78674
1761097842134,1001.7736
1761097842153,1001.7496
1761097842173,1001.7514
1761097842193,1001.751
1761097842213,1001.74176
1761097842232,1001.775
1761097842252,1001.7686
1761097842272,1001.72687
1761097842293,1001.72046
1761097842313,1001.65845
1761097842333,1001.65485
1761097842353,1001.65784
1761097842373,1001.6561
1761097842393,1001.7133
1761097842412,1001.7144
1761097842433,1001.6924
1761097842453,1001.6816
1761097842474,1001.67084
1761097842493,1001.66504
1761097842513,1001.7005
1761097842532,1001.72095
1761097842553,1001.7119
1761097842573,1001.72614
1761097842593,1001.73676
1761097842613,1001.7366
1761097842633,1001.77924
1761097842653,1001.7522
1761097842674,1001.7525
1761097842693,1001.72675
1761097842712,1001.72235
1761097842733,1001.72394
1761097842752,1001.6849
1761097842772,1001.66486
1761097842793,1001.638
1761097842813,1001.58594
1761097842834,1001.57227
1761097842853,1001.5664
1761097842873,1001.5741
1761097842893,1001.5708
1761097842913,1001.60126
1761097842933,1001.58234
1761097842953,1001.5811
1761097842973,1001.61005
1761097842993,1001.61206
1761097843013,1001.61847
1761097843033,1001.62317
1761097843053,1001.6464
1761097843073,1001.65015
1761097843093,1001.6694
1761097843113,1001.6772
1761097843133,1001.6897
1761097843154,1001.65955
1761097843174,1001.6694
1761097843193,1001.6933
1761097843213,1001.71875
1761097843233,1001.6995
1761097843252,1001.7458
1761097843273,1001.78564
1761097843293,1001.84485
1761097843313,1001.86145
1761097843334,1001.90375
1761097843352,1001.91345
1761097843372,1001.9402
1761097843392,1001.8884
1761097843413,1001.8841
1761097843432,1001.9047
1761097843453,1001.935
1761097843473,1001.9581
1761097843493,1001.91644
1761097843514,1001.90204
1761097843533,1001.84546
1761097843553,1001.8153
1761097843572,1001.7786
1761097843593,1001.72266
1761097843613,1001.71094
1761097843634,1001.6825
1761097843654,1001.6497
1761097843674,1001.67346
1761097843693,1001.6897
1761097843713,1001.70483
1761097843732,1001.72125
1761097843752,1001.7422
1761097843773,1001.73816
1761097843793,1001.7444
1761097843813,1001.73535
1761097843833,1001.72687
1761097843853,1001.74146
1761097843873,1001.73065
1761097843893,1001.74036
1761097843912,1001.73364
1761097843932,1001.7458
1761097843953,1001.7513
1761097843973,1001.77924
1761097843993,1001.7994
1761097844012,1001.8208
1761097844032,1001.8113
1761097844052,1001.79895
1761097844072,1001.8058
1761097844093,1001.86237
1761097844113,1001.9581
1761097844134,1001.9978
1761097844154,1001.9977
1761097844173,1002.0192
1761097844193,1002.0233
1761097844212,1002.0122
1761097844232,1001.92255
1761097844252,1001.8533
1761097844273,1001.80035
1761097844294,1001.7444
1761097844313,1001.7308
1761097844332,1001.71765
1761097844352,1001.7592
1761097844372,1001.74677
1761097844392,1001.7694
1761097844412,1001.74316
1761097844433,1001.72266
1761097844453,1001.67676
1761097844474,1001.6321
1761097844493,1001.6241
1761097844513,1001.6219
1761097844532,1001.6455
1761097844552,1001.6452
1761097844572,1001.6874
1761097844593,1001.708
1761097844614,1001.7496
1761097844634,1001.73035
1761097844654,1001.7567
1761097844673,1001.7622
1761097844693,1001.79443
1761097844713,1001.82983
1761097844732,1001.85504
1761097844752,1001.9022
1761097844773,1001.895
1761097844793,1001.91113
1761097844814,1001.8931
1761097844833,1001.8858
1761097844853,1001.9133
1761097844872,1001.9394
1761097844893,1001.9619
1761097844913,1001.97375
1761097844933,1001.99457
1761097844953,1001.97473
1761097844973,1001.8986
1761097844992,1001.8185
1761097845013,1001.7645
1761097845033,1001.74567
1761097845052,1001.7258
1761097845074,1001.7525
1761097845093,1001.7594
1761097845114,1001.7808
1761097845134,1001.7502
1761097845153,1001.7439
1761097845173,1001.73596
1761097845194,1001.7516
1761097845215,1001.78674
1761097845232,1001.85315
1761097845253,1001.8888
1761097845273,1001.91156
1761097845293,1001.8961
1761097845313,1001.91296
1761097845333,1001.9288
1761097845352,1001.92645
1761097845373,1001.98175
1761097845392,1002.03845
1761097845412,1002.0733
1761097845433,1002.1033
1761097845453,1002.11285
1761097845474,1002.0663
1761097845493,1001.96704
1761097845512,1001.8741
1761097845532,1001.773
1761097845552,1001.7024
1761097845573,1001.66144
1761097845593,1001.67676
1761097845613,1001.6808
1761097845634,1001.65735
1761097845653,1001.67316
1761097845673,1001.6316
1761097845693,1001.6633
1761097845713,1001.6392
1761097845732,1001.6975
1761097845753,1001.65485
1761097845773,1001.7006
1761097845794,1001.7246
1761097845813,1001.7552
1761097845833,1001.7783
1761097845853,1001.92706
1761097845873,1002.0075
1761097845893,1002.0649
1761097845913,1002.1336
1761097845933,1002.1823
1761097845953,1002.17426
1761097845975,1002.12067
1761097845992,1002.0183
1761097846013,1001.92676
1761097846033,1001.8842
1761097846053,1001.85675
1761097846073,1001.8716
1761097846094,1001.8652
1761097846113,1001.83954
1761097846134,1001.822
1761097846153,1001.78925
1761097846173,1001.7546
1761097846193,1001.7008
1761097846213,1001.6491
1761097846233,1001.6136
1761097846253,1001.5925
1761097846273,1001.6233
1761097846294,1001.64136
1761097846312,1001.6783
1761097846332,1001.6719
1761097846352,1001.6878
1761097846373,1001.683
1761097846393,1001.66156
1761097846413,1001.6816
1761097846433,1001.67596
1761097846453,1001.6858
1761097846472,1001.7141
1761097846493,1001.74146
1761097846513,1001.77893
1761097846532,1001.83844
1761097846553,1001.92426
1761097846573,1001.9408
1761097846593,1001.9539
1761097846613,1001.9566
1761097846634,1001.9686
1761097846653,1001.92004
1761097846674,1001.9366
1761097846693,1001.8969
1761097846713,1001.8852
1761097846733,1001.8744
1761097846753,1001.8322
1761097846773,1001.8171
1761097846794,1001.78625
1761097846813,1001.72626
1761097846833,1001.6467
1761097846853,1001.60565
1761097846872,1001.5764
1761097846893,1001.5827
1761097846914,1001.59796
1761097846933,1001.5972
1761097846954,1001.59174
1761097846973,1001.5886
1761097846993,1001.6272
1761097847013,1001.61237
1761097847033,1001.6233
1761097847053,1001.65985
1761097847073,1001.65924
1761097847093,1001.6277
1761097847114,1001.6269
1761097847133,1001.6227
1761097847153,1001.6511
1761097847173,1001.72894
1761097847193,1001.8727
1761097847213,1001.9447
1761097847233,1001.98395
1761097847253,1001.93
1761097847273,1001.89624
1761097847292,1001.86316
1761097847312,1001.7805
1761097847333,1001.7372
1761097847353,1001.6597
1761097847373,1001.65735
1761097847393,1001.66364
1761097847413,1001.68036
1761097847433,1001.66516
1761097847454,1001.7041
1761097847474,1001.72876
1761097847493,1001.6896
1761097847512,1001.6705
1761097847533,1001.6335
1761097847553,1001.5827
1761097847573,1001.5836
1761097847594,1001.56177
1761097847614,1001.55817
1761097847633,1001.5795
1761097847653,1001.6205
1761097847673,1001.67737
1761097847693,1001.6986
1761097847713,1001.6966
1761097847733,1001.71924
1761097847753,1001.72345
1761097847773,1001.7486
1761097847792,1001.7847
1761097847812,1001.8266
1761097847832,1001.8716
1761097847852,1001.92267
1761097847873,1001.90125
1761097847893,1001.8933
1761097847914,1001.91315
1761097847933,1001.8849
1761097847953,1001.8719
1761097847972,1001.8813
1761097847992,1001.8913
1761097848012,1001.936
1761097848032,1001.92017
1761097848053,1001.92706
1761097848073,1001.8508
1761097848093,1001.7772
1761097848114,1001.7133
1761097848133,1001.64874
1761097848153,1001.58563
1761097848172,1001.5444
1761097848193,1001.5577
1761097848213,1001.54626
1761097848233,1001.53546
1761097848253,1001.54175
1761097848274,1001.528
1761097848293,1001.5247
1761097848312,1001.5444
1761097848332,1001.5561
1761097848353,1001.5738
1761097848372,1001.6116
1761097848393,1001.6455
1761097848413,1001.6683
1761097848434,1001.6808
1761097848453,1001.73145
1761097848472,1001.763
1761097848492,1001.83765
1761097848513,1001.8727
1761097848532,1001.9444
1761097848553,1001.92957
1761097848574,1001.9436
1761097848594,1001.9311
1761097848613,1001.8747
1761097848633,1001.84424
1761097848652,1001.8002
1761097848673,1001.72614
1761097848693,1001.7485
1761097848713,1001.72845
1761097848733,1001.71893
1761097848753,1001.71124
1761097848773,1001.72156
1761097848792,1001.71643
1761097848812,1001.72266
1761097848832,1001.7034
1761097848852,1001.6519
1761097848872,1001.59766
1761097848893,1001.59705
1761097848913,1001.58923
1761097848933,1001.59973
1761097848952,1001.61066
1761097848972,1001.6247
1761097848992,1001.6417
1761097849012,1001.6533
1761097849033,1001.65753
1761097849053,1001.67017
1761097849073,1001.66504
1761097849094,1001.66174
1761097849113,1001.6497
1761097849133,1001.6805
1761097849153,1001.7208
1761097849173,1001.7505
1761097849192,1001.7769
1761097849213,1001.7991
1761097849234,1001.7647
1761097849254,1001.7441
1761097849272,1001.7572
1761097849292,1001.8803
1761097849312,1001.9733
1761097849332,1002.03
1761097849353,1002.0214
1761097849373,1001.98425
1761097849394,1001.933
1761097849414,1001.8205
1761097849433,1001.72455
1761097849453,1001.64813
1761097849473,1001.5808
1761097849493,1001.563
1761097849512,1001.5505
1761097849533,1001.5866
1761097849553,1001.5817
1761097849573,1001.5716
1761097849594,1001.59796
1761097849614,1001.5661
1761097849633,1001.5561
1761097849653,1001.5692
1761097849673,1001.5831
1761097849695,1001.61926
1761097849714,1001.6296
1761097849734,1001.6428
1761097849753,1001.6255
1761097849772,1001.65735
1761097849792,1001.6869
1761097849812,1001.71704
1761097849832,1001.72455
1761097849853,1001.72894
1761097849873,1001.8185
1761097849893,1001.85596
1761097849913,1001.8864
1761097849933,1001.86487
1761097849952,1001.8052
1761097849973,1001.73676
1761097849993,1001.6839
1761097850013,1001.60645
1761097850033,1001.6258
1761097850053,1001.6419
1761097850073,1001.6569
1761097850094,1001.67737
1761097850113,1001.67676
1761097850133,1001.6921
1761097850153,1001.6683
1761097850173,1001.59955
1761097850193,1001.5625
1761097850213,1001.5594
1761097850236,1001.578
1761097850253,1001.5741
1761097850272,1001.5564
1761097850292,1001.5305
1761097850312,1001.5497
1761097850332,1001.5227
1761097850352,1001.54565
1761097850373,1001.53253
1761097850393,1001.5347
1761097850413,1001.5188
1761097850432,1001.55316
1761097850452,1001.5755
1761097850472,1001.59973
1761097850492,1001.6225
1761097850512,1001.6292
1761097850533,1001.61066
1761097850553,1001.60376
1761097850573,1001.6072
1761097850593,1001.59625
1761097850613,1001.6214
1761097850633,1001.6367
1761097850653,1001.6888
1761097850674,1001.7025
1761097850693,1001.6956
1761097850713,1001.7122
1761097850734,1001.7391
1761097850753,1001.80817
1761097850772,1001.8716
1761097850792,1001.91187
1761097850813,1001.8789
1761097850833,1001.79675
1761097850853,1001.7075
1761097850873,1001.6469
1761097850893,1001.6147
1761097850914,1001.59015
1761097850932,1001.58453
1761097850952,1001.5788
1761097850972,1001.5683
1761097850993,1001.6214
1761097851012,1001.66113
1761097851033,1001.6583
1761097851053,1001.6238
1761097851074,1001.5761
1761097851093,1001.5685
1761097851113,1001.52454
1761097851133,1001.5208
1761097851153,1001.53265
1761097851173,1001.5214
1761097851193,1001.5649
1761097851213,1001.5658
1761097851234,1001.5538
1761097851253,1001.6091
1761097851272,1001.6452
1761097851292,1001.7197
1761097851312,1001.77924
1761097851332,1001.8228
1761097851353,1001.8689
1761097851373,1001.8208
1761097851394,1001.7744
1761097851413,1001.77563
1761097851433,1001.8228
1761097851452,1001.85345
1761097851473,1001.85657
1761097851493,1001.85034
1761097851513,1001.8205
1761097851533,1001.7486
1761097851553,1001.6886
1761097851574,1001.6425
1761097851593,1001.6199
1761097851613,1001.5736
1761097851633,1001.5667
1761097851653,1001.5142
1761097851673,1001.5169
1761097851693,1001.54425
1761097851713,1001.53296
1761097851734,1001.54785
1761097851752,1001.5741
1761097851773,1001.61786
1761097851792,1001.6399
1761097851812,1001.6389
1761097851832,1001.6325
1761097851853,1001.621
1761097851873,1001.60095
1761097851893,1001.6155
1761097851912,1001.6147
1761097851932,1001.61487
1761097851952,1001.7105
1761097851972,1001.78094
1761097851992,1001.77234
1761097852013,1001.7703
1761097852033,1001.78143
1761097852053,1001.85956
1761097852072,1001.881
1761097852092,1001.9305
1761097852113,1001.85284
1761097852133,1001.762
1761097852153,1001.6786
1761097852173,1001.6569
1761097852193,1001.6322
1761097852214,1001.61395
1761097852234,1001.60876
1761097852253,1001.6366
1761097852272,1001.6328
1761097852292,1001.65533
1761097852313,1001.6503
1761097852333,1001.6452
1761097852353,1001.6122
1761097852373,1001.5347
1761097852393,1001.52734
1761097852412,1001.5147
1761097852432,1001.53345
1761097852453,1001.5553
1761097852472,1001.5558
1761097852493,1001.5736
1761097852513,1001.5647
1761097852533,1001.53125
1761097852554,1001.5319
1761097852573,1001.5039
1761097852592,1001.5247
1761097852613,1001.54144
1761097852633,1001.5688
1761097852653,1001.66266
1761097852673,1001.6839
1761097852693,1001.72235
1761097852714,1001.7089
1761097852733,1001.72784
1761097852753,1001.7636
1761097852772,1001.8344
1761097852792,1001.8799
1761097852812,1001.9491
1761097852833,1001.95734
1761097852853,1001.8981
1761097852873,1001.8047
1761097852894,1001.7386
1761097852913,1001.66754
1761097852933,1001.6314
1761097852952,1001.5833
1761097852973,1001.5784
1761097852993,1001.53064
1761097853013,1001.53955
1761097853033,1001.5081
1761097853054,1001.55206
1761097853073,1001.54315
1761097853092,1001.5866
1761097853113,1001.5944
1761097853133,1001.60254
1761097853153,1001.61536
1761097853173,1001.6191
1761097853193,1001.6383
1761097853214,1001.66815
1761097853233,1001.6783
1761097853252,1001.72546
1761097853272,1001.73285
1761097853293,1001.7063
1761097853312,1001.65063
1761097853333,1001.6278
1761097853353,1001.67017
1761097853373,1001.78503
1761097853393,1001.8263
1761097853413,1001.78174
1761097853432,1001.7006
1761097853453,1001.59015
1761097853473,1001.5141
1761097853493,1001.47363
1761097853513,1001.4453
1761097853533,1001.4477
1761097853552,1001.4481
1761097853573,1001.5005
1761097853592,1001.5091
1761097853613,1001.5089
1761097853633,1001.5097
1761097853653,1001.5124
1761097853673,1001.5297
1761097853694,1001.5216
1761097853714,1001.52814
1761097853733,1001.54126
1761097853752,1001.59143
1761097853772,1001.73535
1761097853792,1001.7991
1761097853813,1001.8721
1761097853833,1001.91736
1761097853853,1001.84875
1761097853874,1001.84314
1761097853893,1001.78894
1761097853912,1001.7427
1761097853933,1001.70844
1761097853953,1001.68097
1761097853972,1001.6352
1761097853993,1001.6403
1761097854013,1001.61816
1761097854034,1001.59454
1761097854054,1001.5594
1761097854073,1001.52875
1761097854092,1001.51953
1761097854113,1001.49286
1761097854133,1001.4427
1761097854153,1001.4252
1761097854174,1001.43286
1761097854194,1001.40674
1761097854213,1001.39343
1761097854233,1001.403
1761097854254,1001.447
1761097854272,1001.4983
1761097854292,1001.5189
1761097854312,1001.54236
1761097854333,1001.5594
1761097854353,1001.60706
1761097854373,1001.67065
1761097854392,1001.71564
1761097854413,1001.7714
1761097854433,1001.78174
1761097854452,1001.8741
1761097854472,1001.8786
1761097854494,1001.8083
1761097854514,1001.73346
1761097854534,1001.6866
1761097854553,1001.66437
1761097854572,1001.65674
1761097854592,1001.66205
1761097854613,1001.5883
1761097854633,1001.4958
1761097854653,1001.41956
1761097854674,1001.3594
1761097854694,1001.343
1761097854713,1001.29816
1761097854733,1001.2658
1761097854753,1001.28503
1761097854772,1001.3111
1761097854792,1001.375
1761097854813,1001.3947
1761097854833,1001.43097
1761097854853,1001.47406
1761097854872,1001.46844
1761097854893,1001.528
1761097854913,1001.60205
1761097854933,1001.7125
1761097854952,1001.8286
1761097854973,1001.83484
1761097854993,1001.79755
1761097855013,1001.72656
1761097855033,1001.6983
1761097855053,1001.6852
1761097855073,1001.6719
1761097855092,1001.6163
1761097855113,1001.61676
1761097855133,1001.58765
1761097855153,1001.6177
1761097855174,1001.5954
1761097855194,1001.59674
1761097855213,1001.5825
1761097855233,1001.55457
1761097855255,1001.54266
1761097855272,1001.5225
1761097855293,1001.513
1761097855313,1001.47766
1761097855333,1001.47394
1761097855354,1001.43567
1761097855373,1001.4495
1761097855393,1001.47284
1761097855413,1001.455
1761097855433,1001.47516
1761097855453,1001.49567
1761097855473,1001.5233
1761097855493,1001.5322
1761097855514,1001.58453
1761097855533,1001.60455
1761097855553,1001.6321
1761097855573,1001.66534
1761097855593,1001.6917
1761097855613,1001.6897
1761097855633,1001.66815
1761097855653,1001.6422
1761097855674,1001.60205
1761097855694,1001.6331
1761097855713,1001.688
1761097855733,1001.77594
1761097855753,1001.77893
1761097855772,1001.72845
1761097855793,1001.6794
1761097855813,1001.58563
1761097855833,1001.5192
1761097855854,1001.4444
1761097855873,1001.42126
1761097855892,1001.4044
1761097855912,1001.3922
1761097855932,1001.39734
1761097855953,1001.39874
1761097855973,1001.42175
1761097855994,1001.4247
1761097856014,1001.4133
1761097856033,1001.4414
1761097856052,1001.53766
1761097856073,1001.5839
1761097856093,1001.6533
1761097856114,1001.74927
1761097856133,1001.8114
1761097856154,1001.843
1761097856174,1001.8227
1761097856193,1001.78735
1761097856213,1001.72266
1761097856233,1001.6825
1761097856253,1001.59906
1761097856273,1001.5583
1761097856292,1001.59784
1761097856313,1001.63745
1761097856334,1001.61957
1761097856353,1001.613
1761097856373,1001.58923
1761097856392,1001.5784
1761097856413,1001.5608
1761097856432,1001.5383
1761097856453,1001.5516
1761097856473,1001.52203
1761097856493,1001.5024
1761097856513,1001.48065
1761097856532,1001.47473
1761097856553,1001.4964
1761097856572,1001.47266
1761097856593,1001.4592
1761097856613,1001.4366
1761097856634,1001.3894
1761097856654,1001.3833
1761097856674,1001.41364
1761097856693,1001.47296
1761097856713,1001.566
1761097856733,1001.6403
1761097856752,1001.6822
1761097856772,1001.72424
1761097856793,1001.7011
1761097856813,1001.6985
1761097856833,1001.7028
1761097856852,1001.67645
1761097856873,1001.6428
1761097856892,1001.60156
1761097856913,1001.54956
1761097856933,1001.53656
1761097856953,1001.4974
1761097856973,1001.48926
1761097856994,1001.4266
1761097857014,1001.41174
1761097857033,1001.4014
1761097857053,1001.3738
1761097857072,1001.3856
1761097857092,1001.41003
1761097857113,1001.441
1761097857133,1001.4937
1761097857153,1001.5169
1761097857174,1001.61957
1761097857193,1001.6924
1761097857213,1001.72375
1761097857233,1001.71844
1761097857253,1001.6878
1761097857272,1001.66205
1761097857293,1001.6758
1761097857314,1001.693
1761097857334,1001.7341
1761097857352,1001.6977
1761097857373,1001.6494
1761097857392,1001.64
1761097857412,1001.6338
1761097857433,1001.60516
1761097857453,1001.59564
1761097857473,1001.53546
1761097857493,1001.4645
1761097857513,1001.4252
1761097857532,1001.4233
1761097857552,1001.4513
1761097857572,1001.40393
1761097857593,1001.3339
1761097857613,1001.2538
1761097857633,1001.208
1761097857653,1001.1763
1761097857673,1001.16254
1761097857693,1001.23376
1761097857713,1001.205
1761097857733,1001.2622
1761097857753,1001.262
1761097857772,1001.27484
1761097857793,1001.3297
1761097857813,1001.3741
1761097857834,1001.40265
1761097857853,1001.4222
1761097857873,1001.42114
1761097857893,1001.43677
1761097857912,1001.4902
1761097857933,1001.4988
1761097857953,1001.498
1761097857973,1001.49146
1761097857994,1001.5083
1761097858013,1001.5183
1761097858033,1001.5167
1761097858053,1001.5088
1761097858073,1001.46454
1761097858093,1001.41187
1761097858113,1001.3727
1761097858134,1001.29205
1761097858154,1001.29895
1761097858173,1001.2705
1761097858193,1001.2736
1761097858214,1001.29126
1761097858233,1001.29517
1761097858253,1001.3274
1761097858274,1001.30096
1761097858293,1001.3294
1761097858313,1001.36816
1761097858332,1001.36456
1761097858352,1001.36237
1761097858372,1001.36786
1761097858392,1001.40094
1761097858412,1001.3955
1761097858433,1001.4011
1761097858453,1001.433
1761097858473,1001.43207
1761097858493,1001.4603
1761097858512,1001.4589
1761097858532,1001.46625
1761097858552,1001.47784
1761097858572,1001.5033
1761097858592,1001.5083
1761097858613,1001.548
1761097858633,1001.53406
1761097858654,1001.5569
1761097858673,1001.53424
1761097858693,1001.5038
1761097858713,1001.48267
1761097858733,1001.4486
1761097858753,1001.42535
1761097858773,1001.4261
1761097858793,1001.3997
1761097858813,1001.4478
1761097858832,1001.4658
1761097858852,1001.48535
1761097858872,1001.48566
1761097858892,1001.47705
1761097858912,1001.47345
1761097858933,1001.4794
1761097858953,1001.4711
1761097858974,1001.4922
1761097858993,1001.4641
1761097859013,1001.46313
1761097859033,1001.4644
1761097859053,1001.4335
1761097859073,1001.4133
1761097859093,1001.41174
1761097859113,1001.40656
1761097859133,1001.4086
1761097859154,1001.3802
1761097859173,1001.3953
1761097859193,1001.3816
1761097859213,1001.3856
1761097859233,1001.39984
1761097859253,1001.43097
1761097859273,1001.4305
1761097859293,1001.4269
1761097859313,1001.42377
1761097859332,1001.42847
1761097859353,1001.42255
1761097859372,1001.4338
1761097859392,1001.4392
1761097859412,1001.4219
1761097859433,1001.41595
1761097859453,1001.4564
1761097859473,1001.4552
1761097859493,1001.5019
1761097859512,1001.53656
1761097859532,1001.5511
1761097859552,1001.5685
1761097859573,1001.5696
1761097859593,1001.5159
1761097859613,1001.4536
1761097859633,1001.47626
1761097859653,1001.4397
1761097859673,1001.4456
1761097859693,1001.4506
1761097859713,1001.48145
1761097859733,1001.4639
1761097859753,1001.47485
1761097859774,1001.4506
1761097859793,1001.4344
1761097859813,1001.3936
1761097859833,1001.3966
1761097859852,1001.3845
1761097859872,1001.3916
1761097859892,1001.41254
1761097859913,1001.41565
1761097859933,1001.39874
1761097859953,1001.3817
1761097859973,1001.3675
1761097859993,1001.3875
1761097860012,1001.4483
1761097860032,1001.4922
1761097860052,1001.54816
1761097860072,1001.5866
1761097860093,1001.5775
1761097860113,1001.5875
1761097860134,1001.5704
1761097860153,1001.5875
1761097860173,1001.5708
1761097860193,1001.6191
1761097860213,1001.6211
1761097860233,1001.59784
1761097860253,1001.58344
1761097860273,1001.5544
1761097860293,1001.5297
1761097860312,1001.49207
1761097860333,1001.4614
1761097860353,1001.4302
1761097860373,1001.42957
1761097860393,1001.4086
1761097860413,1001.3922
1761097860433,1001.3863
1761097860454,1001.3713
1761097860474,1001.3838
1761097860492,1001.3925
1761097860513,1001.4261
1761097860532,1001.4275
1761097860553,1001.4219
1761097860573,1001.4266
1761097860593,1001.40796
1761097860614,1001.4414
1761097860634,1001.4625
1761097860653,1001.5111
1761097860673,1001.5508
1761097860693,1001.5769
1761097860713,1001.5805
1761097860733,1001.55396
1761097860753,1001.52814
1761097860775,1001.5632
1761097860793,1001.60223
1761097860812,1001.6152
1761097860832,1001.6533
1761097860852,1001.608
1761097860872,1001.5833
1761097860893,1001.5117
1761097860913,1001.48114
1761097860933,1001.4547
1761097860953,1001.4552
1761097860972,1001.4355
1761097860992,1001.40485
1761097861012,1001.387
1761097861032,1001.3838
1761097861053,1001.39703
1761097861073,1001.4556
1761097861093,1001.5145
1761097861113,1001.60425
1761097861135,1001.65204
1761097861153,1001.70984
1761097861173,1001.7211
1761097861193,1001.6966
1761097861213,1001.6839
1761097861233,1001.67114
1761097861253,1001.6816
1761097861276,1001.6814
1761097861293,1001.6988
1761097861312,1001.66565
1761097861333,1001.6741
1761097861352,1001.6608
1761097861372,1001.6469
1761097861392,1001.6194
1761097861413,1001.53516
1761097861433,1001.47015
1761097861453,1001.41113
1761097861472,1001.4072
1761097861492,1001.39484
1761097861512,1001.4417
1761097861533,1001.42035
1761097861553,1001.423
1761097861573,1001.3736
1761097861593,1001.35376
1761097861613,1001.3394
1761097861633,1001.4
1761097861653,1001.41656
1761097861673,1001.4327
1761097861693,1001.4374
1761097861713,1001.4408
1761097861733,1001.4427
1761097861753,1001.46783
1761097861774,1001.48846
1761097861793,1001.498
1761097861812,1001.49677
1761097861832,1001.4969
1761097861852,1001.54987
1761097861872,1001.54004
1761097861893,1001.5433
1761097861914,1001.5745
1761097861933,1001.60675
1761097861953,1001.60986
1761097861973,1001.5727
1761097861992,1001.5638
1761097862013,1001.54156
1761097862033,1001.55457
1761097862053,1001.54376
1761097862073,1001.47363
1761097862093,1001.4183
1761097862114,1001.3683
1761097862133,1001.3727
1761097862153,1001.387
1761097862173,1001.3761
1761097862193,1001.35864
1761097862213,1001.3183
1761097862233,1001.34784
1761097862254,1001.34424
1761097862275,1001.3558
1761097862292,1001.36285
1761097862312,1001.3961
1761097862332,1001.41614
1761097862352,1001.4338
1761097862372,1001.4961
1761097862393,1001.5558
1761097862413,1001.6311
1761097862433,1001.6586
1761097862453,1001.6244
1761097862473,1001.5858
1761097862492,1001.4891
1761097862512,1001.4558
1761097862532,1001.47144
1761097862553,1001.5075
1761097862573,1001.4938
1761097862593,1001.4344
1761097862614,1001.4016
1761097862632,1001.3955
1761097862653,1001.3967
1761097862673,1001.41956
1761097862693,1001.39624
1761097862713,1001.3691
1761097862733,1001.30035
1761097862754,1001.27203
1761097862774,1001.267
1761097862792,1001.2631
1761097862812,1001.28766
1761097862832,1001.28015
1761097862852,1001.2983
1761097862873,1001.3483
1761097862893,1001.36456
1761097862913,1001.3828
1761097862934,1001.3958
1761097862953,1001.4513
1761097862973,1001.4525
1761097862993,1001.5077
1761097863013,1001.52765
1761097863033,1001.54535
1761097863053,1001.53674
1761097863074,1001.5153
1761097863093,1001.4505
1761097863112,1001.40625
1761097863133,1001.403
1761097863154,1001.4539
1761097863173,1001.498
1761097863193,1001.4891
1761097863213,1001.4499
1761097863233,1001.39764
1761097863254,1001.33954
1761097863274,1001.2705
1761097863293,1001.2488
1761097863312,1001.29706
1761097863332,1001.2463
1761097863352,1001.2549
1761097863373,1001.2591
1761097863393,1001.3088
1761097863413,1001.3063
1761097863432,1001.33484
1761097863453,1001.3361
1761097863473,1001.3241
1761097863494,1001.3738
1761097863512,1001.42896
1761097863532,1001.4708
1761097863552,1001.4636
1761097863573,1001.4783
1761097863593,1001.4715
1761097863612,1001.4622
1761097863633,1001.47424
1761097863652,1001.46423
1761097863672,1001.40845
1761097863693,1001.3844
1761097863713,1001.3663
1761097863733,1001.3252
1761097863753,1001.36786
1761097863773,1001.39343
1761097863793,1001.4428
1761097863812,1001.4519
1761097863832,1001.4475
1761097863852,1001.3961
1761097863873,1001.3274
1761097863893,1001.3331
1761097863913,1001.33765
1761097863933,1001.3239
1761097863952,1001.315
1761097863973,1001.34753
1761097863995,1001.3444
1761097864014,1001.322
1761097864038,1001.3192
1761097864052,1001.30396
1761097864073,1001.3027
1761097864093,1001.3261
1761097864112,1001.34033
1761097864132,1001.3222
1761097864152,1001.3782
1761097864172,1001.38
1761097864197,1001.36597
1761097864231,1001.4094
1761097864251,1001.4358
1761097864271,1001.46484
1761097864292,1001.45844
1761097864311,1001.4505
1761097864331,1001.64453
1761097864351,1001.6389
1761097864371,1001.5844
1761097864392,1001.5147
1761097864412,1001.39465
1761097864441,1001.27814
1761097864461,1001.2464
1761097864475,1001.2976
1761097864491,1001.36957
1761097864511,1001.4506
1761097864531,1001.58453
1761097864551,1001.70844
1761097864571,1001.8005
1761097864592,1001.7997
1761097864611,1001.77344
1761097864631,1001.74536
1761097864651,1001.6819
1761097864672,1001.638
1761097864691,1001.6183
1761097864711,1001.59796
1761097864731,1001.58594
1761097864752,1001.66986
1761097864771,1001.72406
1761097864791,1001.6977
1761097864811,1001.66223
1761097864831,1001.6464
1761097864851,1001.5522
1761097864871,1001.5602
1761097864892,1001.58734
1761097864912,1001.6431
1761097864932,1001.6985
1761097864951,1001.7355
1761097864971,1001.72784
1761097864991,1001.7472
1761097865011,1001.73737
1761097865031,1001.6882
1761097865052,1001.5811
1761097865072,1001.5175
1761097865092,1001.5131
1761097865111,1001.4986
1761097865131,1001.4478
1761097865152,1001.3877
1761097865171,1001.40393
1761097865191,1001.3917
1761097865211,1001.3922
1761097865232,1001.4502
1761097865252,1001.43427
1761097865271,1001.443
1761097865291,1001.47925
1761097865311,1001.4905
1761097865331,1001.5141
1761097865351,1001.513
1761097865371,1001.4988
1761097865391,1001.5141
1761097865412,1001.51953
1761097865431,1001.60516
1761097865451,1001.60187
1761097865471,1001.60767
1761097865491,1001.53455
1761097865511,1001.4583
1761097865531,1001.3796
1761097865552,1001.3761
1761097865573,1001.4502
1761097865591,1001.4955
1761097865611,1001.5102
1761097865631,1001.47266
1761097865651,1001.3786
1761097865671,1001.2634
1761097865691,1001.1963
1761097865712,1001.1331
1761097865732,1001.08704
1761097865752,1001.03546
1761097865771,1001.06
1761097865791,1001.04376
1761097865811,1001.0444
1761097865831,1001.0541
1761097865851,1001.0736
1761097865871,1001.10547
1761097865892,1001.1464
1761097865912,1001.16315
1761097865931,1001.23816
1761097865952,1001.28906
1761097865971,1001.35754
1761097865991,1001.40625
1761097866011,1001.4389
1761097866031,1001.41113
1761097866052,1001.41296
1761097866073,1001.4033
1761097866091,1001.4044
1761097866111,1001.4266
1761097866131,1001.3928
1761097866151,1001.3909
1761097866171,1001.3025
1761097866191,1001.26843
1761097866212,1001.2625
1761097866232,1001.26843
1761097866252,1001.3169
1761097866271,1001.3906
1761097866291,1001.43427
1761097866311,1001.4294
1761097866331,1001.4314
1761097866351,1001.3666
1761097866372,1001.3375
1761097866392,1001.29865
1761097866412,1001.2972
1761097866431,1001.24426
1761097866451,1001.1752
1761097866471,1001.15704
1761097866492,1001.15
1761097866511,1001.1491
1761097866532,1001.1271
1761097866552,1001.1869
1761097866572,1001.1933
1761097866591,1001.1921
1761097866611,1001.1928
1761097866631,1001.1997
1761097866651,1001.17145
1761097866671,1001.1386
1761097866691,1001.0861
1761097866712,1001.0872
1761097866732,1001.09937
1761097866751,1001.0897
1761097866771,1001.08734
1761097866792,1001.08875
1761097866811,1001.10205
1761097866831,1001.0897
1761097866851,1001.11017
1761097866872,1001.1882
1761097866893,1001.2691
1761097866911,1001.29376
1761097866931,1001.3228
1761097866951,1001.3691
1761097866971,1001.41284
1761097866991,1001.48346
1761097867011,1001.5661
1761097867032,1001.6257
1761097867053,1001.65094
1761097867073,1001.6319
1761097867091,1001.55145
1761097867112,1001.4333
1761097867131,1001.3721
1761097867151,1001.34564
1761097867171,1001.33234
1761097867192,1001.3216
1761097867212,1001.2783
1761097867232,1001.2308
1761097867251,1001.22406
1761097867271,1001.1811
1761097867291,1001.2133
1761097867311,1001.1889
1761097867332,1001.1461
1761097867353,1001.0789
1761097867372,1001.0805
1761097867392,1001.10205
1761097867411,1001.135
1761097867431,1001.137
1761097867451,1001.17456
1761097867471,1001.202
1761097867491,1001.2056
1761097867512,1001.2183
1761097867532,1001.2569
1761097867552,1001.28143
1761097867571,1001.30176
1761097867591,1001.3697
1761097867611,1001.4094
1761097867631,1001.445
1761097867651,1001.48267
1761097867671,1001.46454
1761097867692,1001.43567
1761097867712,1001.4313
1761097867732,1001.4489
1761097867751,1001.52344
1761097867771,1001.5147
1761097867791,1001.49097
1761097867811,1001.41046
1761097867831,1001.3347
1761097867852,1001.2549
1761097867872,1001.2588
1761097867892,1001.28687
1761097867911,1001.268
1761097867931,1001.2616
1761097867952,1001.2616
1761097867971,1001.24567
1761097867991,1001.2586
1761097868012,1001.2578
1761097868032,1001.2678
1761097868053,1001.256
1761097868072,1001.2561
1761097868091,1001.28766
1761097868111,1001.34503
1761097868131,1001.385
1761097868151,1001.41235
1761097868172,1001.40955
1761097868191,1001.3867
1761097868212,1001.35504
1761097868231,1001.3782
1761097868251,1001.4916
1761097868271,1001.59155
1761097868291,1001.60956
1761097868311,1001.5247
1761097868332,1001.4366
1761097868352,1001.3498
1761097868372,1001.27344
1761097868392,1001.21204
1761097868412,1001.1958
1761097868431,1001.1235
1761097868451,1001.083
1761097868471,1001.0639
1761097868491,1001.0624
1761097868512,1001.10565
1761097868532,1001.16614
1761097868552,1001.1958
1761097868572,1001.20734
1761097868591,1001.22974
1761097868611,1001.2597
1761097868631,1001.3202
1761097868651,1001.3733
1761097868671,1001.40314
1761097868691,1001.43
1761097868713,1001.4316
1761097868731,1001.4333
1761097868751,1001.46063
1761097868771,1001.4511
1761097868791,1001.41437
1761097868811,1001.36237
1761097868831,1001.34973
1761097868852,1001.3144
1761097868872,1001.2833
1761097868891,1001.21124
1761097868911,1001.1372
1761097868931,1001.09845
1761097868952,1001.03925
1761097868971,1000.9938
1761097868991,1001.0205
1761097869012,1001.0244
1761097869033,1001.04767
1761097869053,1001.0855
1761097869072,1001.0611
1761097869091,1001.09595
1761097869111,1001.10486
1761097869131,1001.1319
1761097869152,1001.1275
1761097869171,1001.1174
1761097869192,1001.1183
1761097869212,1001.1258
1761097869232,1001.15656
1761097869251,1001.21265
1761097869271,1001.23846
1761097869291,1001.2686
1761097869311,1001.2697
1761097869332,1001.2844
1761097869352,1001.36676
1761097869372,1001.3835
1761097869391,1001.40063
1761097869411,1001.27423
1761097869432,1001.23865
1761097869452,1001.22375
1761097869471,1001.196
1761097869492,1001.23566
1761097869512,1001.21124
1761097869532,1001.17505
1761097869551,1001.10455
1761097869572,1001.04297
1761097869591,1001.0647
1761097869611,1001.10516
1761097869631,1001.10535
1761097869652,1001.1288
1761097869671,1001.1339
1761097869692,1001.09955
1761097869712,1001.1228
1761097869731,1001.1224
1761097869751,1001.1397
1761097869771,1001.12067
1761097869791,1001.1841
1761097869812,1001.2438
1761097869833,1001.3081
1761097869852,1001.39734
1761097869873,1001.4325
1761097869891,1001.41473
1761097869912,1001.35175
1761097869931,1001.2722
1761097869952,1001.21204
1761097869971,1001.2422
1761097869992,1001.2505
1761097870012,1001.27686
1761097870032,1001.29645
1761097870052,1001.3049
1761097870072,1001.2733
1761097870091,1001.2222
1761097870111,1001.14484
1761097870132,1001.0774
1761097870154,1001.04877
1761097870171,1001.0632
1761097870192,1001.0783
1761097870211,1001.0716
1761097870231,1001.0731
1761097870252,1001.04535
1761097870271,1001.0828
1761097870291,1001.0525
1761097870312,1001.0969
1761097870332,1001.135
1761097870352,1001.16315
1761097870373,1001.17847
1761097870391,1001.1974
1761097870411,1001.23346
1761097870431,1001.2541
1761097870451,1001.2775
1761097870472,1001.3114
1761097870492,1001.3277
1761097870513,1001.35205
1761097870532,1001.3658
1761097870551,1001.35645
1761097870572,1001.3116
1761097870591,1001.2424
1761097870611,1001.2544
1761097870632,1001.3108
1761097870652,1001.34125
1761097870672,1001.35486
1761097870692,1001.3161
1761097870711,1001.2758
1761097870731,1001.1669
1761097870751,1001.0469
1761097870771,1001.0069
1761097870791,1000.97034
1761097870812,1000.9575
1761097870833,1000.97064
1761097870852,1001.0131
1761097870871,1001.03516
1761097870891,1001.0636
1761097870912,1001.0469
1761097870931,1001.0922
1761097870951,1001.11707
1761097870972,1001.1872
1761097870992,1001.27954
1761097871012,1001.3714
1761097871031,1001.42255
1761097871051,1001.4297
1761097871072,1001.43427
1761097871092,1001.4382
1761097871112,1001.40735
1761097871132,1001.40125
1761097871152,1001.4392
1761097871172,1001.4308
1761097871192,1001.4477
1761097871211,1001.4294
1761097871231,1001.43207
1761097871251,1001.3952
1761097871271,1001.378
1761097871291,1001.3202
1761097871312,1001.2514
1761097871332,1001.1811
1761097871352,1001.11316
1761097871371,1001.10315
1761097871391,1001.12
1761097871411,1001.1367
1761097871431,1001.16534
1761097871452,1001.1917
1761097871472,1001.1978
1761097871492,1001.2488
1761097871512,1001.22955
1761097871532,1001.2003
1761097871551,1001.16724
1761097871571,1001.15765
1761097871591,1001.1921
1761097871612,1001.2524
1761097871631,1001.2491
1761097871652,1001.28973
1761097871675,1001.3224
1761097871691,1001.30566
1761097871711,1001.2625
1761097871731,1001.2008
1761097871751,1001.1847
1761097871771,1001.21655
1761097871791,1001.28503
1761097871812,1001.29694
1761097871832,1001.1989
1761097871852,1001.1278
1761097871871,1001.0696
1761097871892,1000.9794
1761097871911,1000.91895
1761097871932,1000.9022
1761097871951,1000.89923
1761097871972,1000.92377
1761097871992,1000.9647
1761097872012,1001.02625
1761097872031,1001.1314
1761097872051,1001.24207
1761097872071,1001.3594
1761097872091,1001.35266
1761097872112,1001.29144
1761097872131,1001.1847
1761097872152,1001.1158
1761097872172,1001.10486
1761097872191,1001.123
1761097872211,1001.1328
1761097872231,1001.16235
1761097872251,1001.1558
1761097872272,1001.09845
1761097872292,1001.0808
1761097872312,1001.0759
1761097872332,1001.11847
1761097872351,1001.1363
1761097872371,1001.126
1761097872391,1001.0891
1761097872411,1001.05206
1761097872431,1001.0594
1761097872452,1001.063
1761097872472,1001.03906
1761097872493,1001.0658
1761097872512,1000.9808
1761097872532,1001.003
1761097872551,1001.03
1761097872571,1001.0674
1761097872591,1001.0661
1761097872612,1001.03143
1761097872632,1001.0586
1761097872652,1001.0563
1761097872672,1001.0814
1761097872691,1001.0519
1761097872711,1001.08203
1761097872731,1001.14984
1761097872751,1001.21655
1761097872771,1001.29126
1761097872793,1001.2944
1761097872812,1001.2583
1761097872832,1001.23285
1761097872852,1001.23206
1761097872872,1001.23096
1761097872891,1001.2449
1761097872911,1001.20734
1761097872931,1001.1305
1761097872952,1001.1271
1761097872972,1001.1395
1761097872992,1001.2024
1761097873012,1001.2172
1761097873031,1001.22015
1761097873051,1001.183
1761097873071,1001.15784
1761097873092,1001.1367
1761097873112,1001.09875
1761097873132,1001.0811
1761097873152,1001.1069
1761097873172,1001.0858
1761097873191,1001.0813
1761097873211,1001.0808
1761097873231,1001.04926
1761097873251,1000.9989
1761097873272,1001.0119
1761097873291,1001.04425
1761097873312,1001.02765
1761097873332,1001.03705
1761097873351,1001.01
1761097873371,1001.04126
1761097873391,1001.061
1761097873411,1001.1464
1761097873431,1001.21484
1761097873452,1001.21985
1761097873472,1001.2377
1761097873492,1001.29095
1761097873511,1001.3238
1761097873532,1001.3666
1761097873551,1001.3633
1761097873571,1001.3389
1761097873591,1001.29785
1761097873612,1001.2733
1761097873632,1001.2691
1761097873652,1001.27423
1761097873671,1001.27954
1761097873691,1001.3289
1761097873711,1001.3383
1761097873731,1001.3083
1761097873751,1001.2583
1761097873771,1001.1736
1761097873791,1001.1213
1761097873812,1001.09924
1761097873832,1001.0891
1761097873851,1001.10657
1761097873871,1001.08
1761097873891,1001.0575
1761097873911,1001.04767
1761097873931,1001.05145
1761097873951,1001.0742
1761097873972,1001.08673
1761097873992,1001.09174
1761097874011,1001.09595
1761097874031,1001.1374
1761097874051,1001.16364
1761097874071,1001.22485
1761097874092,1001.34015
1761097874112,1001.3856
1761097874132,1001.376
1761097874152,1001.29126
1761097874171,1001.22675
1761097874191,1001.15924
1761097874211,1001.15204
1761097874231,1001.2078
1761097874251,1001.28253
1761097874272,1001.3217
1761097874292,1001.3144
1761097874313,1001.2614
1761097874331,1001.1978
1761097874351,1001.16736
1761097874371,1001.15393
1761097874391,1001.10754
1761097874411,1001.0803
1761097874432,1001.04297
1761097874453,1001.015
1761097874472,1001.0192
1761097874493,1001.0251
1761097874512,1001.0483
1761097874531,1000.9938
1761097874551,1001.0714
1761097874572,1001.09937
1761097874592,1001.09766
1761097874612,1001.09656
1761097874632,1001.14453
1761097874653,1001.1494
1761097874672,1001.20734
1761097874691,1001.30035
1761097874711,1001.3358
1761097874731,1001.3364
1761097874752,1001.33
1761097874772,1001.3369
1761097874792,1001.41046
1761097874812,1001.55316
1761097874831,1001.5716
1761097874851,1001.5636
1761097874872,1001.5067
1761097874891,1001.3683
1761097874912,1001.2042
1761097874932,1001.0655
1761097874952,1001.0003
1761097874972,1000.97394
1761097874991,1000.97345
1761097875012,1001.04504
1761097875031,1001.0936
1761097875052,1001.11646
1761097875071,1001.0891
1761097875092,1001.10345
1761097875112,1001.1278
1761097875132,1001.17737
1761097875153,1001.2503
1761097875174,1001.2605
1761097875191,1001.2577
1761097875211,1001.2441
1761097875231,1001.24036
1761097875252,1001.2571
1761097875273,1001.2662
1761097875292,1001.23926
1761097875312,1001.1967
1761097875332,1001.238
1761097875351,1001.30396
1761097875371,1001.3411
1761097875391,1001.35516
1761097875411,1001.2766
1761097875432,1001.1813
1761097875452,1001.04895
1761097875472,1000.91907
1761097875491,1000.8674
1761097875511,1000.83453
1761097875532,1000.85767
1761097875551,1000.8289
1761097875572,1000.7616
1761097875592,1000.6561
1761097875612,1000.78674
1761097875633,1000.8363
1761097875651,1000.87427
1761097875671,1000.84985
1761097875691,1000.8903
1761097875711,1000.8747
1761097875731,1000.84784
1761097875751,1000.9072
1761097875772,1001.0205
1761097875792,1001.02454
1761097875812,1000.9478
1761097875831,1000.895
1761097875851,1000.85565
1761097875871,1000.85236
1761097875891,1000.983
1761097875911,1001.03766
1761097875932,1001.14813
1761097875953,1001.2077
1761097875972,1001.2369
1761097875991,1001.2361
1761097876011,1001.22906
1761097876032,1001.1947
1761097876051,1001.17786
1761097876072,1001.09875
1761097876092,1001.0197
1761097876112,1000.983
1761097876132,1001.0011
1761097876152,1001.0102
1761097876171,1000.9872
1761097876192,1000.9999
1761097876211,1001.0164
1761097876231,1001.01984
1761097876252,1001.03394
1761097876272,1001.05316
1761097876292,1001.1266
1761097876311,1001.15656
1761097876331,1001.1839
1761097876352,1001.15656
1761097876371,1001.1378
1761097876391,1001.15656
1761097876412,1001.1705
1761097876432,1001.21344
1761097876452,1001.2628
1761097876472,1001.2386
1761097876491,1001.15234
1761097876511,1001.0789
1761097876531,1001.028
1761097876552,1001.0159
1761097876571,1001.03
1761097876591,1001.05096
1761097876612,1001.05206
1761097876632,1000.9989
1761097876651,1000.9591
1761097876671,1000.9269
1761097876692,1000.8794
1761097876711,1000.8766
1761097876731,1000.8838
1761097876752,1000.8886
1761097876772,1000.8955
1761097876792,1000.8855
1761097876811,1000.8757
1761097876831,1000.8884
1761097876851,1000.8994
1761097876871,1000.9255
1761097876891,1000.90753
1761097876912,1000.9108
1761097876934,1000.9216
1761097876952,1000.9488
1761097876971,1000.99817
1761097876991,1001.0105
1761097877011,1001.03094
1761097877031,1001.0841
1761097877051,1001.1302
1761097877071,1001.1381
1761097877091,1001.153
1761097877112,1001.14624
1761097877133,1001.11456
1761097877151,1001.11426
1761097877172,1001.0958
1761097877191,1001.04926
1761097877211,1001.03723
1761097877231,1000.9908
1761097877251,1000.97565
1761097877272,1000.983
1761097877292,1001.02747
1761097877311,1001.0149
1761097877331,1001.0269
1761097877351,1000.99036
1761097877371,1000.97815
1761097877391,1000.98206
1761097877412,1000.9556
1761097877432,1000.9527
1761097877452,1000.9509
1761097877471,1000.9272
1761097877491,1000.9422
1761097877511,1000.9425
1761097877531,1000.9346
1761097877552,1000.9552
1761097877572,1000.9508
1761097877592,1000.99036
1761097877612,1000.98566
1761097877632,1001.0055
1761097877651,1001.0305
1761097877672,1001.0675
1761097877692,1001.09393
1761097877711,1001.10504
1761097877732,1001.1282
1761097877752,1001.1461
1761097877772,1001.1716
1761097877792,1001.1263
1761097877811,1001.10144
1761097877831,1001.0585
1761097877851,1001.0561
1761097877871,1001.0639
1761097877891,1001.0681
1761097877911,1001.0136
1761097877932,1000.97644
1761097877952,1000.90234
1761097877971,1000.8994
1761097877991,1000.8735
1761097878011,1000.86346
1761097878031,1000.85986
1761097878052,1000.8633
1761097878072,1000.8316
1761097878094,1000.8461
1761097878112,1000.92316
1761097878131,1001.0095
1761097878152,1001.0685
1761097878171,1001.0649
1761097878191,1001.0831
1761097878211,1001.1222
1761097878231,1001.15924
1761097878252,1001.17096
1761097878273,1001.2042
1761097878291,1001.22687
1761097878311,1001.24
1761097878331,1001.1925
1761097878351,1001.17255
1761097878371,1001.12036
1761097878391,1001.1191
1761097878412,1001.0674
1761097878433,1001.02814
1761097878451,1001.04114
1761097878471,1001.0241
1761097878491,1001.018
1761097878511,1000.9528
1761097878531,1000.9183
1761097878552,1000.8886
1761097878573,1000.8792
1761097878592,1000.8902
1761097878613,1000.9255
1761097878631,1000.90985
1761097878651,1000.8777
1761097878671,1000.85223
1761097878692,1000.8747
1761097878711,1000.86096
1761097878732,1000.8785
1761097878752,1000.876
1761097878772,1000.895
1761097878791,1000.8836
1761097878811,1000.8986
1761097878833,1000.89813
1761097878851,1000.9008
1761097878871,1000.8672
1761097878891,1000.86127
1761097878912,1000.8994
1761097878932,1000.898
1761097878951,1000.90796
1761097878971,1000.89923
1761097878991,1000.91223
1761097879012,1000.92957
1761097879031,1000.96844
1761097879052,1000.97046
1761097879073,1000.97687
1761097879093,1000.9489
1761097879113,1000.90564
1761097879132,1000.9322
1761097879151,1000.9597
1761097879171,1000.97095
1761097879191,1000.9719
1761097879211,1000.96643
1761097879231,1000.91846
1761097879252,1000.86127
1761097879272,1000.84985
1761097879291,1000.881
1761097879311,1000.90656
1761097879332,1000.91534
1761097879351,1000.92926
1761097879371,1000.91785
1761097879392,1000.91956
1761097879412,1000.9446
1761097879433,1000.9449
1761097879451,1000.958
1761097879471,1000.9386
1761097879491,1000.9808
1761097879511,1000.9555
1761097879531,1000.98267
1761097879552,1001.0019
1761097879572,1001.0616
1761097879593,1001.03455
1761097879612,1001.03546
1761097879631,1001.08624
1761097879651,1001.10126
1761097879671,1001.10504
1761097879691,1001.0688
1761097879711,1000.9916
1761097879731,1000.9086
1761097879752,1000.8669
1761097879772,1000.8936
1761097879791,1000.8824
1761097879811,1000.9216
1761097879831,1000.91156
1761097879851,1000.8895
1761097879872,1000.8583
1761097879892,1000.85474
1761097879912,1000.876
1761097879932,1000.91614
1761097879951,1000.91766
1761097879971,1000.9011
1761097879991,1000.887
1761097880011,1000.8375
1761097880031,1000.84656
1761097880051,1000.84625
1761097880072,1000.8714
1761097880092,1000.8777
1761097880111,1000.8627
1761097880131,1000.8722
1761097880152,1000.8788
1761097880172,1000.8966
1761097880191,1000.90643
1761097880211,1000.86127
1761097880231,1000.8836
1761097880252,1000.8821
1761097880272,1000.8763
1761097880291,1001.09595
1761097880311,1001.1833
1761097880331,1001.1433
1761097880351,1001.0458
1761097880371,1000.9569
