1761098689114,1002.28894
1761098689135,1002.3099
1761098689155,1002.3333
1761098689174,1002.36316
1761098689194,1002.3203
1761098689215,1002.2511
1761098689235,1002.1902
1761098689254,1002.1288
1761098689275,1002.10864
1761098689295,1002.01953
1761098689315,1002.0311
1761098689335,1002.0586
1761098689355,1002.1244
1761098689374,1002.1858
1761098689394,1002.30396
1761098689414,1002.40265
1761098689435,1002.43427
1761098689455,1002.42346
1761098689475,1002.4261
1761098689496,1002.37067
1761098689515,1002.2641
1761098689535,1002.24567
1761098689554,1002.21906
1761098689574,1002.20703
1761098689595,1002.17377
1761098689615,1002.1827
1761098689635,1002.1894
1761098689656,1002.1847
1761098689674,1002.1882
1761098689694,1002.1917
1761098689715,1002.17126
1761098689735,1002.1555
1761098689755,1002.16364
1761098689776,1002.14703
1761098689795,1002.14624
1761098689816,1002.16125
1761098689836,1002.193
1761098689856,1002.2147
1761098689876,1002.2197
1761098689896,1002.20874
1761098689915,1002.2125
1761098689936,1002.1985
1761098689955,1002.1878
1761098689975,1002.1844
1761098689996,1002.2047
1761098690015,1002.2172
1761098690035,1002.22205
1761098690055,1002.2617
1761098690075,1002.2638
1761098690095,1002.23096
1761098690115,1002.23425
1761098690136,1002.2194
1761098690156,1002.1886
1761098690175,1002.1458
1761098690195,1002.0311
1761098690215,1001.8061
1761098690235,1001.7105
1761098690255,1001.7158
1761098690275,1001.6978
1761098690296,1001.6907
1761098690316,1001.71277
1761098690335,1001.72534
1761098690356,1001.7519
1761098690376,1001.74536
1761098690395,1001.7391
1761098690414,1001.7496
1761098690436,1001.7769
1761098690455,1001.7958
1761098690475,1001.7969
1761098690494,1001.8358
1761098690515,1001.8663
1761098690535,1001.8825
1761098690555,1001.8675
1761098690575,1001.91046
1761098690595,1001.90564
1761098690615,1001.91425
1761098690636,1001.9382
1761098690656,1001.9467
1761098690676,1001.9583
1761098690695,1001.96674
1761098690715,1001.96704
1761098690735,1001.96844
1761098690755,1001.96893
1761098690775,1001.92896
1761098690795,1001.92847
1761098690816,1001.9372
1761098690836,1001.9036
1761098690855,1001.91144
1761098690875,1001.9044
1761098690895,1001.92285
1761098690916,1001.9216
1761098690936,1001.8782
1761098690955,1001.9241
1761098690975,1001.90625
1761098690995,1001.9094
1761098691015,1001.92816
1761098691043,1001.91644
1761098691059,1001.9439
1761098691074,1001.90985
1761098691095,1001.9024
1761098691115,1001.91675
1761098691135,1001.923
1761098691155,1001.91003
1761098691175,1001.90643
1761098691195,1001.96173
1761098691215,1001.9383
1761098691235,1001.92285
1761098691255,1001.9255
1761098691275,1001.9324
1761098691295,1001.9313
1761098691316,1001.96344
1761098691335,1001.9619
1761098691355,1001.97546
1761098691375,1001.98395
1761098691395,1002.0025
1761098691415,1002.0113
1761098691435,1002.03
1761098691456,1002.03345
1761098691475,1002.0681
1761098691495,1002.071
1761098691515,1002.0569
1761098691534,1002.0555
1761098691554,1002.0852
1761098691575,1002.0866
1761098691595,1002.09625
1761098691616,1002.0947
1761098691635,1002.09033
1761098691655,1002.10156
1761098691675,1002.08624
1761098691695,1002.0724
1761098691715,1002.0714
1761098691735,1002.0739
1761098691755,1002.09143
1761098691775,1002.0836
1761098691795,1002.09814
1761098691815,1002.09406
1761098691835,1002.10706
1761098691855,1002.1291
1761098691875,1002.1364
1761098691895,1002.1188
1761098691915,1002.12177
1761098691935,1002.1214
1761098691956,1002.1252
1761098691975,1002.10675
1761098691994,1002.09375
1761098692015,1002.1072
1761098692035,1002.09955
1761098692055,1002.08875
1761098692075,1002.108
1761098692095,1002.1069
1761098692116,1002.08923
1761098692136,1002.09424
1761098692156,1002.1194
1761098692176,1002.1136
1761098692195,1002.121
1761098692215,1002.1224
1761098692235,1002.131
1761098692256,1002.1188
1761098692276,1002.10986
1761098692297,1002.1453
1761098692316,1002.1105
1761098692336,1002.1272
1761098692356,1002.11426
1761098692376,1002.11127
1761098692395,1002.10547
1761098692415,1002.0672
1761098692436,1002.01843
1761098692459,1002.0134
1761098692476,1002.02484
1761098692495,1002.0597
1761098692515,1002.09656
1761098692535,1002.1349
1761098692555,1002.143
1761098692575,1002.1453
1761098692595,1002.18066
1761098692616,1002.1836
1761098692636,1002.178
1761098692656,1002.1736
1761098692676,1002.1824
1761098692695,1002.16766
1761098692715,1002.17596
1761098692735,1002.1863
1761098692755,1002.2002
1761098692775,1002.16095
1761098692796,1002.12
1761098692816,1002.1285
1761098692836,1002.1497
1761098692855,1002.15753
1761098692876,1002.11066
1761098692895,1002.11456
1761098692916,1002.1191
1761098692935,1002.1408
1761098692956,1002.1436
1761098692974,1002.16046
1761098692995,1002.1466
1761098693015,1002.1555
1761098693035,1002.1569
1761098693060,1002.15564
1761098693075,1002.16516
1761098693095,1002.17926
1761098693116,1002.1525
1761098693135,1002.16187
1761098693155,1002.1694
1761098693174,1002.1586
1761098693194,1002.16223
1761098693215,1002.15564
1761098693236,1002.14343
1761098693255,1002.1278
1761098693275,1002.11786
1761098693296,1002.11816
1761098693315,1002.11646
1761098693335,1002.16345
1761098693355,1002.1561
1761098693375,1002.15735
1761098693395,1002.15125
1761098693415,1002.1775
1761098693435,1002.1788
1761098693456,1002.1986
1761098693475,1002.2034
1761098693495,1002.20844
1761098693515,1002.20483
1761098693535,1002.23785
1761098693555,1002.1949
1761098693575,1002.20734
1761098693595,1002.1905
1761098693616,1002.16907
1761098693636,1002.1658
1761098693655,1002.15765
1761098693675,1002.1174
1761098693695,1002.136
1761098693715,1002.16003
1761098693735,1002.16785
1761098693756,1002.21313
1761098693777,1002.2296
1761098693796,1002.24567
1761098693815,1002.24146
1761098693836,1002.2667
1761098693855,1002.2736
1761098693876,1002.27625
1761098693896,1002.30096
1761098693916,1002.2822
1761098693936,1002.27985
1761098693956,1002.2463
1761098693975,1002.2521
1761098693995,1002.23456
1761098694015,1002.23157
1761098694035,1002.23145
1761098694055,1002.1963
1761098694075,1002.1969
1761098694096,1002.177
1761098694116,1002.1516
1761098694135,1002.1486
1761098694155,1002.1416
1761098694175,1002.17206
1761098694195,1002.1991
1761098694215,1002.1961
1761098694236,1002.22565
1761098694256,1002.2308
1761098694276,1002.2641
1761098694295,1002.2436
1761098694316,1002.2477
1761098694336,1002.263
1761098694355,1002.2366
1761098694376,1002.24316
1761098694396,1002.2441
1761098694416,1002.23364
1761098694436,1002.21594
1761098694456,1002.22504
1761098694474,1002.1794
1761098694494,1002.2045
1761098694515,1002.1788
1761098694535,1002.1736
1761098694555,1002.1508
1761098694575,1002.1938
1761098694596,1002.22156
1761098694616,1002.22656
1761098694635,1002.22455
1761098694655,1002.22516
1761098694675,1002.2519
1761098694695,1002.24146
1761098694715,1002.2599
1761098694735,1002.2636
1761098694755,1002.2477
1761098694776,1002.2619
1761098694796,1002.2383
1761098694816,1002.23956
1761098694835,1002.2497
1761098694855,1002.23035
1761098694876,1002.2188
1761098694896,1002.1956
1761098694916,1002.1708
1761098694936,1002.15894
1761098694955,1002.17426
1761098694975,1002.21094
1761098694995,1002.2366
1761098695015,1002.2294
1761098695035,1002.24927
1761098695058,1002.2486
1761098695075,1002.2478
1761098695096,1002.26886
1761098695115,1002.2438
1761098695135,1002.2603
1761098695154,1002.2613
1761098695175,1002.2595
1761098695195,1002.2697
1761098695215,1002.2716
1761098695235,1002.2702
1761098695255,1002.23175
1761098695276,1002.208
1761098695295,1002.2009
1761098695315,1002.15753
1761098695334,1002.1122
1761098695355,1002.1333
1761098695375,1002.16046
1761098695395,1002.16486
1761098695415,1002.1905
1761098695435,1002.186
1761098695455,1002.18176
1761098695474,1002.17285
1761098695494,1002.1913
1761098695515,1002.1896
1761098695535,1002.22095
1761098695555,1002.22314
1761098695575,1002.24426
1761098695595,1002.23846
1761098695616,1002.2553
1761098695635,1002.2508
1761098695655,1002.2369
1761098695675,1002.22394
1761098695695,1002.21234
1761098695715,1002.1752
1761098695736,1002.1708
1761098695756,1002.2031
1761098695776,1002.2659
1761098695795,1002.2772
1761098695816,1002.2659
1761098695836,1002.2514
1761098695855,1002.22266
1761098695876,1002.2402
1761098695896,1002.2528
1761098695916,1002.2708
1761098695937,1002.28143
1761098695955,1002.2714
1761098695974,1002.2703
1761098695994,1002.28784
1761098696015,1002.3008
1761098696035,1002.28125
1761098696055,1002.2764
1761098696076,1002.2505
1761098696096,1002.24066
1761098696115,1002.2025
1761098696135,1002.2027
1761098696155,1002.197
1761098696176,1002.2151
1761098696195,1002.2355
1761098696215,1002.2383
1761098696236,1002.2711
1761098696256,1002.2655
1761098696275,1002.2564
1761098696295,1002.1947
1761098696315,1002.1875
1761098696336,1002.1955
1761098696355,1002.2045
1761098696375,1002.23004
1761098696396,1002.1975
1761098696415,1002.22986
1761098696437,1002.21124
1761098696456,1002.23364
1761098696476,1002.2056
1761098696495,1002.1978
1761098696515,1002.1811
1761098696535,1002.2019
1761098696555,1002.2405
1761098696575,1002.28564
1761098696596,1002.273
1761098696615,1002.27844
1761098696635,1002.27313
1761098696655,1002.2633
1761098696675,1002.2725
1761098696695,1002.26733
1761098696715,1002.22705
1761098696736,1002.2606
1761098696756,1002.23535
1761098696775,1002.22925
1761098696795,1002.22266
1761098696815,1002.22906
1761098696836,1002.2058
1761098696856,1002.22156
1761098696876,1002.193
1761098696896,1002.16644
1761098696917,1002.1769
1761098696936,1002.15704
1761098696956,1002.2703
1761098696975,1002.3244
1761098696995,1002.32
1761098697015,1002.2739
1761098697036,1002.2411
1761098697055,1002.2047
1761098697075,1002.1839
1761098697095,1002.1721
1761098697114,1002.2005
1761098697134,1002.1755
1761098697155,1002.1805
1761098697175,1002.1744
1761098697195,1002.1822
1761098697215,1002.137
1761098697236,1002.1462
1761098697256,1002.14484
1761098697275,1002.148
1761098697295,1002.12
1761098697315,1002.1252
1761098697335,1002.0772
1761098697355,1002.05457
1761098697375,1002.003
1761098697395,1002.0025
1761098697415,1002.0074
1761098697435,1002.0697
1761098697455,1002.10986
1761098697475,1002.123
1761098697494,1002.16534
1761098697514,1002.1855
1761098697535,1002.1869
1761098697555,1002.17487
1761098697575,1002.17346
1761098697596,1002.1865
1761098697615,1002.1814
1761098697635,1002.1917
1761098697655,1002.1889
1761098697675,1002.17126
1761098697695,1002.1697
1761098697715,1002.1522
1761098697735,1002.15674
1761098697756,1002.137
1761098697776,1002.10925
1761098697795,1002.0947
1761098697816,1002.0575
1761098697836,1002.0633
1761098697855,1002.0905
1761098697875,1002.11346
1761098697896,1002.1386
1761098697917,1002.1597
1761098697936,1002.1858
1761098697956,1002.1875
1761098697975,1002.2022
1761098697994,1002.1983
1761098698014,1002.23126
1761098698035,1002.1886
1761098698055,1002.1882
1761098698076,1002.1599
1761098698096,1002.14874
1761098698116,1002.17535
1761098698135,1002.1977
1761098698155,1002.1892
1761098698175,1002.17535
1761098698196,1002.15985
1761098698216,1002.15564
1761098698236,1002.1264
1761098698257,1002.09204
1761098698275,1002.1133
1761098698295,1002.08374
1761098698315,1002.1236
1761098698335,1002.1514
1761098698355,1002.1853
1761098698376,1002.21173
1761098698397,1002.2103
1761098698417,1002.2485
1761098698436,1002.21814
1761098698455,1002.22424
1761098698475,1002.23395
1761098698494,1002.1986
1761098698515,1002.22797
1761098698535,1002.23846
1761098698555,1002.2258
1761098698576,1002.22394
1761098698596,1002.2333
1761098698615,1002.1892
1761098698635,1002.21063
1761098698655,1002.196
1761098698675,1002.17175
1761098698695,1002.1766
1761098698715,1002.16785
1761098698736,1002.1586
1761098698756,1002.16296
1761098698776,1002.1411
1761098698795,1002.1491
1761098698815,1002.16724
1761098698835,1002.1497
1761098698855,1002.183
1761098698875,1002.14954
1761098698895,1002.1794
1761098698915,1002.1892
1761098698934,1002.1786
1761098698955,1002.2009
1761098698975,1002.14923
1761098698995,1002.1313
1761098699015,1002.1442
1761098699035,1002.11066
1761098699055,1002.1383
1761098699075,1002.10016
1761098699095,1002.0947
1761098699115,1002.1141
1761098699135,1002.1069
1761098699155,1002.15393
1761098699175,1002.18286
1761098699195,1002.2031
1761098699216,1002.2089
1761098699236,1002.1956
1761098699257,1002.1931
1761098699275,1002.2047
1761098699295,1002.1872
1761098699315,1002.1958
1761098699336,1002.185
1761098699356,1002.18286
1761098699377,1002.2055
1761098699396,1002.22626
1761098699416,1002.22296
1761098699435,1002.21375
1761098699455,1002.1913
1761098699475,1002.17236
1761098699495,1002.12177
1761098699515,1002.155
1761098699535,1002.18176
1761098699555,1002.14484
1761098699576,1002.1199
1761098699595,1002.1486
1761098699616,1002.155
1761098699635,1002.16644
1761098699655,1002.2002
1761098699675,1002.2147
1761098699695,1002.1999
1761098699715,1002.2083
1761098699736,1002.21765
1761098699755,1002.2141
1761098699775,1002.21893
1761098699795,1002.2539
1761098699815,1002.2141
1761098699836,1002.233
1761098699856,1002.22034
1761098699876,1002.1999
1761098699896,1002.17957
1761098699915,1002.1505
1761098699935,1002.20483
1761098699956,1002.20984
1761098699977,1002.1917
1761098699995,1002.1978
1761098700015,1002.2016
1761098700035,1002.2045
1761098700055,1002.23175
1761098700076,1002.23206
1761098700095,1002.2444
1761098700115,1002.23456
1761098700135,1002.23236
1761098700156,1002.23926
1761098700175,1002.243
1761098700195,1002.23505
1761098700215,1002.2444
1761098700235,1002.23145
1761098700255,1002.22437
1761098700275,1002.17847
1761098700295,1002.15515
1761098700315,1002.1224
1761098700335,1002.10297
1761098700356,1002.1191
1761098700377,1002.2377
1761098700397,1002.23236
1761098700416,1002.1772
1761098700435,1002.16223
1761098700456,1002.15454
1761098700476,1002.16614
1761098700495,1002.16394
1761098700515,1002.1871
1761098700536,1002.1866
1761098700556,1002.1814
1761098700576,1002.2067
1761098700595,1002.1942
1761098700615,1002.1894
1761098700635,1002.1775
1761098700655,1002.15765
1761098700675,1002.1455
1761098700696,1002.1298
1761098700716,1002.1416
1761098700736,1002.1941
1761098700755,1002.22205
1761098700776,1002.28406
1761098700795,1002.30316
1761098700815,1002.29626
1761098700835,1002.2571
1761098700856,1002.2408
1761098700876,1002.2044
1761098700896,1002.1899
1761098700915,1002.2005
1761098700936,1002.2022
1761098700956,1002.2089
1761098700975,1002.1883
1761098700996,1002.1955
1761098701015,1002.1955
1761098701035,1002.1769
1761098701056,1002.1899
1761098701075,1002.1811
1761098701095,1002.1997
1761098701115,1002.16815
1761098701135,1002.1558
1761098701155,1002.17456
1761098701175,1002.2553
1761098701195,1002.41034
1761098701215,1002.3281
1761098701235,1002.22614
1761098701255,1002.185
1761098701275,1002.1321
1761098701295,1002.1478
1761098701315,1002.14923
1761098701336,1002.1314
1761098701356,1002.1175
1761098701377,1002.155
1761098701397,1002.14343
1761098701416,1002.1522
1761098701435,1002.1597
1761098701456,1002.1732
1761098701475,1002.2139
1761098701496,1002.2056
1761098701515,1002.2008
1761098701535,1002.1841
1761098701557,1002.16815
1761098701575,1002.1405
1761098701595,1002.17847
1761098701615,1002.18
1761098701635,1002.30176
1761098701655,1002.2972
1761098701675,1002.15515
1761098701695,1002.1141
1761098701716,1002.1428
1761098701735,1002.1345
1761098701755,1002.16455
1761098701775,1002.1555
1761098701795,1002.1472
1761098701815,1002.1441
1761098701837,1002.1383
1761098701856,1002.15704
1761098701877,1002.142
1761098701897,1002.1255
1761098701915,1002.1392
1761098701936,1002.11096
1761098701955,1002.1302
1761098701976,1002.1475
1761098701995,1002.1186
1761098702015,1002.1321
1761098702035,1002.1736
1761098702056,1002.22455
1761098702075,1002.22723
1761098702095,1002.197
1761098702115,1002.15314
1761098702135,1002.173
1761098702155,1002.1761
1761098702176,1002.15985
1761098702196,1002.16223
1761098702216,1002.18317
1761098702236,1002.1882
1761098702255,1002.1985
1761098702275,1002.1924
1761098702295,1002.1941
1761098702315,1002.22156
1761098702336,1002.1986
1761098702356,1002.2061
1761098702375,1002.2172
1761098702396,1002.2424
1761098702416,1002.2517
1761098702435,1002.28406
1761098702455,1002.28424
1761098702475,1002.253
1761098702495,1002.22266
1761098702515,1002.2561
1761098702535,1002.2466
1761098702556,1002.1808
1761098702575,1002.17816
1761098702595,1002.15015
1761098702616,1002.1658
1761098702635,1002.15515
1761098702655,1002.19
1761098702676,1002.1364
1761098702696,1002.1408
1761098702716,1002.15674
1761098702735,1002.1377
1761098702756,1002.1227
1761098702776,1002.1267
1761098702796,1002.10986
1761098702815,1002.10254
1761098702836,1002.0805
1761098702856,1002.0775
1761098702876,1002.0689
1761098702896,1002.0936
1761098702915,1002.09766
1761098702936,1002.0875
1761098702956,1002.11066
1761098702975,1002.09674
1761098702995,1002.126
1761098703015,1002.1188
1761098703036,1002.1158
1761098703055,1002.1297
1761098703076,1002.11786
1761098703096,1002.1155
1761098703115,1002.1436
1761098703135,1002.136
1761098703156,1002.1303
1761098703176,1002.11127
1761098703196,1002.10144
1761098703217,1002.0763
1761098703236,1002.0911
1761098703256,1002.0858
1761098703276,1002.0836
1761098703295,1002.0717
1761098703316,1002.10187
1761098703336,1002.1083
1761098703356,1002.1347
1761098703376,1002.1544
1761098703396,1002.1414
1761098703416,1002.1417
1761098703435,1002.14923
1761098703456,1002.16187
1761098703475,1002.16425
1761098703495,1002.17786
1761098703515,1002.1811
1761098703536,1002.15985
1761098703556,1002.1783
1761098703575,1002.15735
1761098703595,1002.1525
1761098703615,1002.15344
1761098703635,1002.1335
1761098703656,1002.11816
1761098703675,1002.1094
1761098703695,1002.10065
1761098703715,1002.11426
1761098703736,1002.123
1761098703755,1002.1299
1761098703775,1002.1372
1761098703795,1002.1161
1761098703815,1002.1361
1761098703836,1002.1505
1761098703856,1002.1356
1761098703876,1002.16956
1761098703895,1002.1478
1761098703915,1002.16223
1761098703935,1002.1311
1761098703955,1002.1522
1761098703976,1002.12036
1761098703995,1002.10315
1761098704015,1002.0822
1761098704035,1002.0772
1761098704055,1002.0775
1761098704075,1002.0678
1761098704095,1002.0619
1761098704116,1002.0717
1761098704135,1002.09125
1761098704155,1002.0822
1761098704175,1002.1119
1761098704196,1002.0972
1761098704215,1002.1138
1761098704235,1002.1431
1761098704255,1002.1364
1761098704275,1002.1386
1761098704295,1002.1291
1761098704315,1002.1497
1761098704336,1002.1202
1761098704356,1002.1594
1761098704376,1002.1402
1761098704395,1002.15283
1761098704416,1002.11285
1761098704436,1002.10315
1761098704455,1002.0827
1761098704476,1002.05145
1761098704495,1002.083
1761098704515,1002.0769
1761098704536,1002.08954
1761098704555,1002.10223
1761098704576,1002.11237
1761098704595,1002.1136
1761098704615,1002.09906
1761098704635,1002.1105
1761098704655,1002.1152
1761098704675,1002.1158
1761098704696,1002.14923
1761098704715,1002.15643
1761098704735,1002.16724
1761098704755,1002.1388
1761098704775,1002.15784
1761098704795,1002.15625
1761098704815,1002.1453
1761098704836,1002.1221
1761098704856,1002.1325
1761098704875,1002.09546
1761098704895,1002.0694
1761098704917,1002.03625
1761098704935,1002.0628
1761098704956,1002.03595
1761098704976,1002.0788
1761098704995,1002.09015
1761098705015,1002.1161
1761098705036,1002.1447
1761098705055,1002.1846
1761098705075,1002.1963
1761098705095,1002.1974
1761098705115,1002.2031
1761098705135,1002.1814
1761098705155,1002.1836
1761098705175,1002.1719
1761098705196,1002.16595
1761098705216,1002.1442
1761098705236,1002.1503
1761098705255,1002.108
1761098705275,1002.10406
1761098705295,1002.0641
1761098705316,1002.0152
1761098705336,1002.0119
1761098705356,1002.0258
1761098705376,1002.0486
1761098705395,1002.04785
1761098705417,1002.11426
1761098705436,1002.1094
1761098705456,1002.135
1761098705476,1002.1381
1761098705495,1002.15125
1761098705516,1002.16284
1761098705535,1002.15845
1761098705555,1002.155
1761098705575,1002.16425
1761098705595,1002.16187
1761098705615,1002.16876
1761098705635,1002.15125
1761098705656,1002.16656
1761098705676,1002.1399
1761098705696,1002.1324
1761098705715,1002.09674
1761098705735,1002.02875
1761098705755,1002.0247
1761098705775,1002.0275
1761098705795,1002.0261
1761098705815,1002.0563
1761098705836,1002.10455
1761098705856,1002.1116
1761098705875,1002.1433
1761098705895,1002.15875
1761098705915,1002.1805
1761098705935,1002.1894
1761098705955,1002.1825
1761098705975,1002.16425
1761098705995,1002.1847
1761098706015,1002.16705
1761098706035,1002.1583
1761098706055,1002.16376
1761098706075,1002.1392
1761098706095,1002.1319
1761098706115,1002.1219
1761098706135,1002.0911
1761098706155,1002.0286
1761098706175,1002.05066
1761098706195,1002.023
1761098706214,1002.0639
1761098706235,1002.0664
1761098706255,1002.10925
1761098706275,1002.1266
1761098706295,1002.1363
1761098706316,1002.1544
1761098706336,1002.1425
1761098706355,1002.1519
1761098706375,1002.14923
1761098706395,1002.145
1761098706415,1002.14734
1761098706435,1002.15265
1761098706455,1002.1317
1761098706475,1002.1324
1761098706495,1002.1383
1761098706516,1002.1282
1761098706535,1002.11346
1761098706555,1002.03143
1761098706575,1002.03937
1761098706595,1002.02313
1761098706615,1002.0513
1761098706635,1002.08813
1761098706655,1002.1219
1761098706675,1002.1327
1761098706695,1002.18097
1761098706715,1002.16284
1761098706735,1002.1833
1761098706755,1002.195
1761098706775,1002.1986
1761098706795,1002.196
1761098706815,1002.2019
1761098706835,1002.20703
1761098706855,1002.1871
1761098706875,1002.1808
1761098706896,1002.17926
1761098706915,1002.17096
1761098706935,1002.1525
1761098706955,1002.09265
1761098706976,1002.0574
1761098706996,1002.07
1761098707015,1002.09
1761098707035,1002.0664
1761098707055,1002.0008
1761098707075,1002.02625
1761098707095,1002.071
1761098707115,1002.0958
1761098707135,1002.0697
1761098707155,1002.08875
1761098707176,1002.1111
1761098707196,1002.0745
1761098707215,1002.1147
1761098707235,1002.1205
1761098707255,1002.1177
1761098707275,1002.1397
1761098707295,1002.15515
1761098707315,1002.1414
1761098707336,1002.1363
1761098707356,1002.1272
1761098707375,1002.1303
1761098707395,1002.1547
1761098707415,1002.128
1761098707435,1002.10876
1761098707456,1002.1285
1761098707475,1002.1747
1761098707495,1002.1497
1761098707515,1002.1794
1761098707535,1002.15204
1761098707555,1002.15753
1761098707575,1002.1411
1761098707595,1002.1391
1761098707615,1002.15894
1761098707635,1002.16547
1761098707656,1002.15625
1761098707676,1002.15894
1761098707695,1002.1658
1761098707715,1002.16003
1761098707735,1002.12427
1761098707756,1002.1289
1761098707775,1002.10254
1761098707795,1002.08923
1761098707815,1002.1255
1761098707836,1002.18207
1761098707856,1002.1409
1761098707876,1002.0875
1761098707895,1002.0605
1761098707915,1002.0772
1761098707935,1002.0828
1761098707955,1002.1111
1761098707976,1002.1155
1761098707996,1002.08984
1761098708014,1002.0933
1761098708035,1002.11597
1761098708055,1002.10876
1761098708075,1002.10297
1761098708095,1002.136
1761098708115,1002.11847
1761098708135,1002.1361
1761098708156,1002.11255
1761098708176,1002.0853
1761098708195,1002.04346
1761098708215,1002.0077
1761098708235,1001.97705
1761098708255,1002.0081
1761098708275,1002.0383
1761098708295,1002.072
1761098708316,1002.0847
1761098708337,1002.11176
1761098708355,1002.1197
1761098708375,1002.15344
1761098708395,1002.1411
1761098708415,1002.1472
1761098708436,1002.16187
1761098708455,1002.16425
1761098708476,1002.1794
1761098708497,1002.1633
1761098708514,1002.16364
1761098708535,1002.16547
1761098708555,1002.1224
1761098708575,1002.1033
1761098708595,1002.0869
1761098708615,1002.06067
1761098708636,1002.02454
1761098708657,1001.97095
1761098708675,1001.99536
1761098708695,1002.03375
1761098708716,1002.04926
1761098708735,1002.08875
1761098708755,1002.09766
1761098708776,1002.0836
1761098708796,1002.108
1761098708816,1002.08594
1761098708836,1002.0925
1761098708855,1002.0919
1761098708875,1002.10394
1761098708895,1002.1105
1761098708916,1002.1271
1761098708935,1002.128
1761098708955,1002.108
1761098708976,1002.1241
1761098708996,1002.1214
1761098709015,1002.10187
1761098709035,1002.04407
1761098709055,1002.0286
1761098709075,1002.0086
1761098709095,1002.03424
1761098709115,1002.0502
1761098709136,1002.06
1761098709156,1002.09644
1761098709176,1002.1158
1761098709195,1002.1413
1761098709215,1002.1561
1761098709235,1002.16705
1761098709255,1002.16425
1761098709275,1002.1871
1761098709295,1002.18207
1761098709316,1002.1913
1761098709335,1002.17926
1761098709355,1002.16364
1761098709375,1002.1483
1761098709395,1002.09796
1761098709415,1002.0872
1761098709435,1002.05145
1761098709455,1002.02454
1761098709476,1001.96924
1761098709497,1001.92255
1761098709515,1001.933
1761098709534,1001.9655
1761098709555,1002.0113
1761098709577,1002.0769
1761098709595,1002.08344
1761098709615,1002.11017
1761098709636,1002.10406
1761098709656,1002.10706
1761098709675,1002.11707
1761098709696,1002.1586
1761098709716,1002.1306
1761098709735,1002.1467
1761098709755,1002.1413
1761098709775,1002.1138
1761098709795,1002.1158
1761098709816,1002.09796
1761098709835,1002.1105
1761098709855,1002.0642
1761098709875,1002.04486
1761098709895,1002.0183
1761098709915,1001.98035
1761098709935,1001.97424
1761098709956,1002.013
1761098709976,1002.072
1761098709995,1002.1136
1761098710015,1002.16907
1761098710035,1002.1752
1761098710055,1002.1561
1761098710075,1002.1841
1761098710096,1002.15924
1761098710115,1002.16394
1761098710135,1002.173
1761098710155,1002.1799
1761098710175,1002.1558
1761098710195,1002.1597
1761098710214,1002.1466
1761098710234,1002.10876
1761098710254,1002.08594
1761098710275,1002.04047
1761098710295,1001.9994
1761098710316,1001.9722
1761098710335,1001.9485
1761098710355,1001.9553
1761098710375,1001.99347
1761098710395,1001.9994
1761098710415,1002.0011
1761098710435,1002.03687
1761098710456,1002.0549
1761098710477,1002.0455
1761098710496,1002.0791
1761098710515,1002.0864
1761098710535,1002.1008
1761098710555,1002.10767
1761098710575,1002.09656
1761098710596,1002.09985
1761098710617,1002.0833
1761098710637,1002.1072
1761098710655,1002.09766
1761098710676,1002.09753
1761098710696,1002.0883
1761098710715,1002.0502
1761098710735,1001.97766
1761098710755,1001.9556
1761098710775,1001.96124
1761098710796,1001.9983
1761098710816,1002.04565
1761098710835,1002.0774
1761098710855,1002.11066
1761098710875,1002.11487
1761098710895,1002.10547
1761098710915,1002.1189
1761098710936,1002.1275
1761098710956,1002.1472
1761098710976,1002.1478
1761098710995,1002.1444
1761098711014,1002.142
1761098711035,1002.1763
1761098711055,1002.17035
1761098711075,1002.1236
1761098711095,1002.11395
1761098711116,1002.1068
1761098711135,1002.0625
1761098711155,1001.9711
1761098711175,1001.9683
1761098711195,1001.9541
1761098711215,1001.97925
1761098711235,1002.0219
1761098711256,1002.0574
1761098711276,1002.0538
1761098711297,1002.0599
1761098711316,1002.04425
1761098711336,1002.0655
1761098711356,1002.0519
1761098711376,1002.05206
1761098711395,1002.04504
1761098711415,1002.0589
1761098711436,1002.046
1761098711456,1002.0472
1761098711476,1002.08203
1761098711495,1002.08234
1761098711514,1002.0632
1761098711534,1002.055
1761098711555,1002.0083
1761098711575,1001.9919
1761098711595,1001.9989
1761098711615,1002.0296
1761098711636,1002.0747
1761098711655,1002.09564
1761098711676,1002.10876
1761098711695,1002.1166
1761098711715,1002.1336
1761098711735,1002.1469
1761098711755,1002.15845
1761098711775,1002.15735
1761098711795,1002.16895
1761098711815,1002.15704
1761098711835,1002.16125
1761098711855,1002.1633
1761098711875,1002.16675
1761098711895,1002.1583
1761098711916,1002.1456
1761098711936,1002.10565
1761098711956,1002.0872
1761098711976,1002.03723
1761098711995,1002.0681
1761098712015,1002.0724
1761098712034,1002.0244
1761098712055,1002.04376
1761098712075,1002.0513
1761098712095,1002.06
1761098712116,1002.0968
1761098712136,1002.0702
1761098712155,1002.0706
1761098712175,1002.055
1761098712195,1002.0767
1761098712215,1002.0544
1761098712235,1002.0502
1761098712256,1002.0761
1761098712276,1002.1161
1761098712296,1002.11395
1761098712316,1002.11346
1761098712334,1002.1233
1761098712355,1002.11176
1761098712375,1002.03
1761098712395,1001.97363
1761098712415,1001.90656
1761098712435,1001.92926
1761098712457,1001.97485
1761098712475,1002.0011
1761098712495,1002.04425
1761098712514,1002.0655
1761098712534,1002.0886
1761098712554,1002.08704
1761098712575,1002.12036
1761098712595,1002.1347
1761098712617,1002.1308
1761098712637,1002.137
1761098712655,1002.16785
1761098712676,1002.1399
1761098712695,1002.1344
1761098712715,1002.11255
1761098712736,1002.15015
1761098712756,1002.10345
1761098712776,1002.09705
1761098712796,1002.0713
1761098712816,1002.0269
1761098712836,1002.0194
1761098712855,1002.0047
1761098712875,1002.02
1761098712895,1002.0333
1761098712916,1002.08594
1761098712936,1002.0972
1761098712957,1002.09625
1761098712975,1002.10394
1761098712995,1002.09906
1761098713014,1002.1083
1761098713035,1002.09534
1761098713055,1002.0853
1761098713075,1002.11395
1761098713095,1002.11786
1761098713116,1002.1126
1761098713135,1002.09406
1761098713156,1002.10516
1761098713175,1002.09503
1761098713196,1002.03613
1761098713215,1002.0005
1761098713235,1001.97516
1761098713255,1002.02423
1761098713275,1002.06177
1761098713296,1002.11786
1761098713315,1002.10254
1761098713335,1002.11487
1761098713355,1002.1249
1761098713375,1002.12177
1761098713395,1002.1327
1761098713415,1002.1333
1761098713435,1002.14624
1761098713457,1002.1405
1761098713475,1002.1328
1761098713495,1002.1205
1761098713515,1002.12
1761098713535,1002.1514
1761098713555,1002.1402
1761098713575,1002.11127
1761098713596,1002.12067
1761098713616,1002.09125
1761098713635,1002.066
1761098713655,1002.0239
1761098713675,1001.9988
1761098713695,1001.9925
1761098713715,1002.0444
1761098713736,1002.0759
1761098713756,1002.0839
1761098713776,1002.0883
1761098713796,1002.09033
1761098713815,1002.0722
1761098713836,1002.0972
1761098713855,1002.09625
1761098713876,1002.0778
1761098713895,1002.0944
1761098713915,1002.10626
1761098713935,1002.0864
1761098713956,1002.1227
1761098713975,1002.1263
1761098713996,1002.133
1761098714014,1002.1333
1761098714035,1002.0678
1761098714055,1002.04987
1761098714076,1002.0164
1761098714095,1002.03394
1761098714116,1002.074
1761098714135,1002.0649
1761098714155,1002.10614
1761098714175,1002.10095
1761098714195,1002.09235
1761098714215,1002.09283
1761098714235,1002.11487
1761098714255,1002.1292
1761098714276,1002.121
1761098714295,1002.1291
1761098714315,1002.145
1761098714335,1002.1383
1761098714355,1002.09973
1761098714376,1002.108
1761098714396,1002.0728
1761098714416,1002.03296
1761098714436,1002.0071
1761098714457,1002.0071
1761098714476,1001.9963
1761098714495,1002.0122
1761098714515,1002.0041
1761098714535,1002.0247
1761098714555,1002.0519
1761098714575,1002.08344
1761098714595,1002.0714
1761098714616,1002.0932
1761098714635,1002.11646
1761098714656,1002.1133
1761098714676,1002.1299
1761098714695,1002.09033
1761098714715,1002.09906
1761098714736,1002.09863
1761098714756,1002.0794
1761098714775,1002.0983
1761098714795,1002.11316
1761098714815,1002.08923
1761098714835,1002.0792
1761098714855,1002.0697
1761098714875,1002.0437
1761098714895,1002.0781
1761098714915,1002.11707
1761098714935,1002.1428
1761098714955,1002.1417
1761098714975,1002.14954
1761098714995,1002.15704
1761098715014,1002.12427
1761098715035,1002.1395
1761098715055,1002.1267
1761098715075,1002.1366
1761098715097,1002.16034
1761098715117,1002.14624
1761098715136,1002.137
1761098715156,1002.1453
1761098715175,1002.137
1761098715196,1002.1441
1761098715215,1002.15015
1761098715236,1002.1136
1761098715256,1002.09845
1761098715276,1002.0833
1761098715295,1002.0897
1761098715315,1002.0635
1761098715336,1002.083
1761098715355,1002.0647
1761098715375,1002.06067
1761098715396,1002.09143
1761098715415,1002.3391
1761098715435,1002.53485
1761098715455,1002.588
1761098715474,1002.59814
1761098715494,1002.4449
1761098715514,1002.1327
1761098715534,1002.04254
1761098715555,1002.03937
1761098715575,1002.0583
1761098715595,1002.04205
1761098715615,1002.0583
1761098715635,1002.0447
1761098715655,1002.0211
1761098715675,1002.02124
1761098715695,1002.011
1761098715715,1001.9983
1761098715735,1002.0103
1761098715755,1001.9961
1761098715775,1002.0155
1761098715795,1002.0219
1761098715815,1002.0297
1761098715835,1002.0583
1761098715855,1002.03644
1761098715875,1002.0544
1761098715896,1002.072
1761098715916,1002.0741
1761098715936,1002.04425
1761098715955,1002.04614
1761098715976,1002.0549
1761098715996,1002.048
1761098716014,1002.0544
1761098716035,1002.05316
1761098716055,1002.04407
1761098716076,1002.03503
1761098716096,1002.02875
1761098716116,1001.998
1761098716135,1002.0095
1761098716155,1001.96204
1761098716175,1001.9675
1761098716195,1001.9891
1761098716215,1002.0027
1761098716235,1002.01
1761098716256,1002.0519
1761098716275,1002.0194
1761098716295,1002.0383
1761098716315,1002.03174
1761098716335,1001.9999
1761098716355,1002.04004
1761098716376,1002.0155
1761098716396,1002.02423
1761098716417,1002.0272
1761098716436,1002.0086
1761098716455,1002.0014
1761098716475,1001.9758
1761098716496,1001.9305
1761098716516,1001.91614
1761098716535,1001.8913
1761098716555,1001.85754
1761098716575,1001.84906
1761098716596,1001.85284
1761098716615,1001.89624
1761098716635,1001.8967
1761098716655,1001.9364
1761098716675,1001.96783
1761098716695,1001.98157
1761098716715,1002.0122
1761098716735,1002.0111
1761098716756,1002.03455
1761098716775,1002.048
1761098716795,1002.0113
1761098716815,1002.0145
1761098716835,1002.0113
1761098716855,1002.0191
1761098716876,1001.9947
1761098716896,1001.97394
1761098716916,1001.9697
1761098716936,1001.9472
1761098716956,1001.8856
1761098716976,1001.86487
1761098716996,1001.8239
1761098717016,1001.78784
1761098717035,1001.84125
1761098717055,1001.86017
1761098717076,1001.92847
1761098717096,1001.9991
1761098717116,1002.0188
1761098717135,1002.03204
1761098717156,1002.0069
1761098717176,1002.0111
1761098717196,1002.0067
1761098717216,1002.0244
1761098717236,1002.0117
1761098717256,1001.9955
1761098717275,1001.98425
1761098717295,1001.99927
1761098717315,1002.0167
1761098717336,1002.0297
1761098717355,1001.99457
1761098717376,1001.9972
1761098717396,1001.93854
1761098717416,1001.8444
1761098717436,1001.8311
1761098717455,1001.83923
1761098717475,1001.8828
1761098717496,1001.9545
1761098717516,1001.9902
1761098717535,1002.0202
1761098717555,1002.0513
1761098717576,1002.0755
1761098717597,1002.0719
1761098717615,1002.0755
1761098717636,1002.08203
1761098717656,1002.09
1761098717676,1002.09973
1761098717695,1002.0742
1761098717715,1002.0855
1761098717736,1002.055
1761098717756,1002.0713
1761098717775,1002.0095
1761098717795,1002.0011
1761098717816,1001.938
1761098717836,1001.92126
1761098717856,1001.8722
1761098717876,1001.8764
1761098717896,1001.91595
1761098717917,1001.9536
1761098717936,1001.955
1761098717955,1002.0044
1761098717975,1002.0125
1761098717995,1002.023
1761098718017,1002.02423
1761098718035,1002.04376
1761098718055,1002.0763
1761098718075,1002.0547
1761098718095,1002.0483
1761098718115,1002.078
1761098718136,1002.08813
1761098718155,1002.0672
1761098718176,1002.0908
1761098718195,1002.0911
1761098718216,1002.03644
1761098718236,1002.0083
1761098718257,1001.9602
1761098718276,1001.933
1761098718295,1001.92267
1761098718316,1001.9421
1761098718335,1001.9719
1761098718356,1002.0089
1761098718376,1002.0561
1761098718396,1002.0613
1761098718416,1002.072
1761098718436,1002.09204
1761098718455,1002.09705
1761098718475,1002.0925
1761098718495,1002.0922
1761098718515,1002.04504
1761098718535,1002.04236
1761098718555,1002.0333
1761098718576,1002.03815
1761098718595,1001.98145
1761098718615,1001.9602
1761098718636,1001.9319
1761098718655,1001.9939
1761098718675,1001.9938
1761098718695,1002.0114
1761098718715,1002.0742
1761098718735,1002.0616
1761098718755,1002.063
1761098718774,1002.04425
1761098718794,1002.0527
1761098718814,1002.04144
1761098718835,1002.075
1761098718854,1002.03534
1761098718875,1002.04926
1761098718896,1002.03925
1761098718917,1002.04816
1761098718936,1002.0628
1761098718955,1002.05347
1761098718976,1002.04736
1761098718995,1001.98926
1761098719016,1001.9509
1761098719035,1001.8847
1761098719055,1001.84265
1761098719076,1001.8936
1761098719095,1001.9427
1761098719115,1002.0071
1761098719135,1002.04126
1761098719156,1002.0483
1761098719175,1002.073
1761098719196,1002.08954
1761098719216,1002.08563
1761098719235,1002.08
1761098719256,1002.10187
1761098719277,1002.10345
1761098719294,1002.1108
1761098719315,1002.10754
1761098719334,1002.0847
1761098719355,1002.0671
1761098719375,1002.03687
1761098719395,1001.9833
1761098719416,1001.9644
1761098719435,1001.91113
1761098719456,1001.8895
1761098719475,1001.8683
1761098719495,1001.8895
1761098719516,1001.9247
1761098719535,1001.98315
1761098719555,1002.0194
1761098719576,1002.0021
1761098719595,1001.99316
1761098719615,1002.058
1761098719635,1002.0444
1761098719655,1002.04285
1761098719675,1002.02374
1761098719695,1002.04004
1761098719715,1002.04047
1761098719736,1002.02515
1761098719755,1002.03
1761098719775,1001.9989
1761098719795,1001.98254
1761098719815,1001.90393
1761098719835,1001.8782
1761098719855,1001.84375
1761098719876,1001.8822
1761098719896,1001.9197
1761098719916,1001.98346
1761098719936,1002.028
1761098719956,1002.0788
1761098719976,1002.0769
1761098719995,1002.0758
1761098720016,1002.10614
1761098720035,1002.08453
1761098720055,1002.0769
1761098720076,1002.0797
1761098720094,1002.10864
1761098720114,1002.08813
1761098720135,1002.08203
1761098720155,1002.0635
1761098720175,1002.04987
1761098720195,1002.0142
1761098720215,1002.0
1761098720236,1001.9577
1761098720255,1001.9288
1761098720275,1001.90765
1761098720295,1001.92426
1761098720315,1001.97614
1761098720335,1002.03595
1761098720355,1002.04895
1761098720376,1002.03204
1761098720396,1002.0383
1761098720415,1002.02875
1761098720436,1002.02313
1761098720456,1002.0214
1761098720475,1002.0025
1761098720495,1002.0095
1761098720516,1002.0046
1761098720535,1002.04144
1761098720555,1002.03284
1761098720575,1002.02423
1761098720594,1002.0297
1761098720615,1001.99176
1761098720634,1001.9467
1761098720655,1001.95
1761098720675,1001.9453
1761098720695,1001.96814
1761098720716,1001.9911
1761098720736,1001.9986
1761098720755,1002.0153
1761098720775,1002.023
1761098720795,1002.013
1761098720815,1002.0122
1761098720835,1002.055
1761098720856,1002.02423
1761098720876,1002.02924
1761098720897,1002.0483
1761098720917,1002.08
1761098720935,1002.0635
1761098720955,1002.05316
1761098720975,1002.0739
1761098720995,1002.0522
1761098721015,1002.03204
1761098721035,1002.0058
1761098721055,1001.98047
1761098721074,1001.96564
1761098721095,1001.9417
1761098721115,1001.92737
1761098721135,1001.9277
1761098721155,1001.9417
1761098721176,1001.9622
1761098721195,1001.9594
1761098721216,1001.9619
1761098721236,1001.97614
1761098721256,1001.9891
1761098721276,1001.97906
1761098721295,1001.98206
1761098721315,1001.9966
1761098721335,1001.9841
1761098721356,1002.0086
1761098721376,1001.97864
1761098721396,1001.98145
1761098721417,1001.9949
1761098721435,1001.9675
1761098721455,1001.9355
1761098721475,1001.85986
1761098721495,1001.8231
1761098721515,1001.81
1761098721535,1001.8728
1761098721555,1001.91895
1761098721575,1001.98175
1761098721595,1001.9969
1761098721615,1002.02203
1761098721635,1002.05145
1761098721656,1002.061
1761098721676,1002.0569
1761098721697,1002.0661
1761098721716,1002.05566
1761098721735,1002.0852
1761098721755,1002.0646
1761098721775,1002.0646
1761098721796,1002.0591
1761098721816,1002.0594
1761098721836,1002.0047
1761098721856,1001.9866
1761098721876,1001.9486
1761098721896,1001.91394
1761098721915,1001.9047
1761098721935,1001.8772
1761098721955,1001.8822
1761098721976,1001.91846
1761098721996,1001.9633
1761098722016,1001.9556
1761098722035,1001.9514
1761098722056,1001.92926
1761098722075,1001.9397
1761098722095,1001.943
1761098722115,1001.97003
1761098722135,1001.9694
1761098722155,1001.9913
1761098722175,1001.9743
1761098722196,1001.9955
1761098722217,1001.9941
1761098722236,1001.9969
1761098722256,1001.9913
1761098722275,1001.96423
1761098722295,1001.9072
1761098722315,1001.8583
1761098722335,1001.84235
1761098722356,1001.868
1761098722376,1001.90796
1761098722396,1001.9658
1761098722416,1002.0113
1761098722435,1002.04706
1761098722455,1002.0703
1761098722475,1002.04236
1761098722496,1002.0756
1761098722516,1002.0717
1761098722535,1002.0791
1761098722555,1002.0983
1761098722575,1002.10175
1761098722595,1002.0875
1761098722615,1002.09015
1761098722635,1002.09564
1761098722655,1002.0925
1761098722675,1002.0541
1761098722696,1002.0019
1761098722715,1001.9424
1761098722735,1001.8986
1761098722755,1001.91785
1761098722775,1001.9417
1761098722795,1001.92035
1761098722815,1001.97095
1761098722835,1002.0003
1761098722855,1001.9919
1761098722876,1001.97906
1761098722895,1002.01843
1761098722915,1002.01953
1761098722935,1002.04706
1761098722955,1002.03595
1761098722975,1002.03955
1761098722996,1002.0486
1761098723016,1002.04706
1761098723035,1002.0141
1761098723054,1002.03
1761098723075,1002.03265
1761098723095,1002.011
1761098723115,1001.9417
1761098723135,1001.92395
1761098723155,1001.8769
1761098723176,1001.87177
1761098723196,1001.8867
1761098723216,1001.9377
1761098723235,1001.99207
1761098723255,1002.001
1761098723275,1002.0052
1761098723295,1002.02673
1761098723316,1002.03784
1761098723336,1002.05145
1761098723356,1002.03253
1761098723377,1002.03534
1761098723395,1002.02734
1761098723416,1002.0678
1761098723436,1002.04364
1761098723455,1002.0574
1761098723475,1002.0056
1761098723496,1001.98145
1761098723516,1001.92676
1761098723538,1001.9022
1761098723554,1001.89624
1761098723575,1001.96924
1761098723595,1001.97986
1761098723615,1001.9919
1761098723635,1001.99536
1761098723655,1001.96735
1761098723675,1001.9872
1761098723696,1001.9925
1761098723715,1002.02124
1761098723735,1002.04047
1761098723754,1002.02814
1761098723774,1002.0344
1761098723794,1002.0502
1761098723814,1002.03656
1761098723835,1002.05707
1761098723855,1002.0764
1761098723875,1002.0706
1761098723894,1002.0491
1761098723914,1002.025
1761098723934,1001.98895
1761098723954,1001.9371
1761098723974,1001.9955
1761098723995,1002.0202
1761098724015,1002.02814
1761098724035,1002.0111
1761098724054,1002.02734
1761098724075,1002.0658
1761098724094,1002.04004
1761098724116,1002.03314
1761098724134,1002.0233
1761098724155,1002.0161
1761098724175,1002.04285
1761098724196,1002.03815
1761098724215,1002.0144
1761098724236,1002.0219
1761098724255,1002.0233
1761098724275,1002.03
1761098724295,1002.0067
1761098724315,1002.0033
1761098724335,1001.9509
1761098724355,1001.8747
1761098724375,1001.84064
1761098724395,1001.8022
1761098724414,1001.8331
1761098724435,1001.8755
1761098724455,1001.945
1761098724475,1001.9489
1761098724495,1001.9297
1761098724515,1001.9492
1761098724535,1001.96906
1761098724555,1001.9503
1761098724575,1001.9414
1761098724595,1001.98016
1761098724615,1001.98236
1761098724635,1001.97675
1761098724655,1001.96954
1761098724676,1001.98505
1761098724695,1001.95953
1761098724715,1001.9636
1761098724735,1001.95844
1761098724755,1001.89874
1761098724775,1001.84424
1761098724795,1001.78503
1761098724816,1001.7844
1761098724835,1001.8286
1761098724856,1001.8861
1761098724875,1001.9497
1761098724895,1001.9442
1761098724916,1001.995
1761098724935,1001.97614
1761098724955,1001.9974
1761098724975,1002.0244
1761098724995,1002.0147
1761098725015,1002.03766
1761098725035,1002.0561
1761098725055,1002.0383
1761098725075,1002.04767
1761098725095,1002.028
1761098725115,1002.0142
1761098725135,1001.98535
1761098725155,1001.9436
1761098725176,1001.8966
1761098725196,1001.85535
1761098725216,1001.8644
1761098725235,1001.8939
1761098725255,1001.90204
1761098725275,1001.93
1761098725295,1001.97986
1761098725315,1001.9417
1761098725335,1001.9647
1761098725356,1001.936
1761098725375,1001.9444
1761098725395,1001.9577
1761098725415,1001.9541
1761098725435,1001.96515
1761098725455,1001.97156
1761098725476,1001.96643
1761098725496,1001.99176
1761098725515,1001.9647
1761098725535,1001.9425
1761098725555,1001.9313
1761098725575,1001.86536
1761098725595,1001.8142
1761098725615,1001.816
1761098725635,1001.84924
1761098725655,1001.9005
1761098725675,1001.892
1761098725696,1001.9405
1761098725715,1001.98047
1761098725735,1001.9986
1761098725755,1001.98126
1761098725775,1001.9966
1761098725795,1001.99
1761098725815,1001.9908
1761098725835,1001.9999
1761098725856,1001.97894
1761098725877,1001.97156
1761098725895,1001.97003
1761098725915,1001.993
1761098725935,1001.955
1761098725955,1001.92816
1761098725975,1001.9366
1761098725996,1001.91626
1761098726016,1001.8897
1761098726037,1001.892
1761098726055,1001.91315
1761098726075,1001.9319
1761098726096,1001.9475
1761098726115,1001.9594
1761098726135,1001.9263
1761098726156,1001.9553
1761098726175,1001.97675
1761098726195,1001.9733
1761098726215,1001.98145
1761098726236,1001.9941
1761098726255,1001.97986
1761098726275,1001.97015
1761098726295,1001.98395
1761098726315,1001.9941
1761098726336,1001.97125
1761098726356,1001.9722
1761098726375,1001.9545
1761098726396,1001.9581
1761098726415,1001.8864
1761098726435,1001.86426
1761098726455,1001.84644
1761098726475,1001.8842
1761098726496,1001.9044
1761098726516,1001.9283
1761098726536,1001.97595
1761098726555,1001.97986
1761098726575,1002.0008
1761098726595,1002.0064
1761098726615,1002.023
1761098726636,1002.0145
1761098726656,1002.03284
1761098726677,1002.048
1761098726696,1002.0219
1761098726716,1002.02454
1761098726735,1002.0064
1761098726756,1001.98175
1761098726775,1001.99
1761098726796,1001.943
1761098726816,1001.89984
1761098726836,1001.89
1761098726856,1001.8914
1761098726875,1001.9019
1761098726895,1001.8994
1761098726915,1001.96875
1761098726935,1001.97766
1761098726955,1001.97925
1761098726976,1001.98236
1761098726996,1001.9894
1761098727016,1001.9961
1761098727035,1002.01
1761098727055,1002.0197
1761098727075,1001.9999
1761098727095,1002.0038
1761098727115,1001.98755
1761098727135,1002.02875
1761098727156,1002.02423
1761098727176,1001.97156
1761098727195,1001.9369
1761098727215,1001.9275
1761098727235,1001.89453
1761098727255,1001.89923
1761098727275,1001.9405
1761098727295,1001.9622
1761098727315,1002.0025
1761098727335,1002.0216
1761098727355,1002.01843
1761098727375,1002.0266
1761098727395,1002.05145
1761098727415,1002.03503
1761098727435,1002.0533
1761098727455,1002.0497
1761098727475,1002.04846
1761098727496,1002.03687
1761098727516,1002.04205
1761098727535,1002.0261
1761098727555,1002.0208
1761098727575,1001.9961
1761098727595,1001.98425
1761098727615,1001.9833
1761098727636,1001.945
1761098727656,1001.92505
1761098727676,1001.91003
1761098727696,1001.9011
1761098727715,1001.9044
1761098727736,1001.92456
1761098727756,1001.9658
1761098727776,1001.95734
1761098727796,1001.9913
1761098727816,1001.9991
1761098727836,1002.0077
1761098727855,1002.0158
1761098727876,1001.99176
1761098727896,1001.98145
1761098727916,1001.9927
1761098727936,1001.9938
1761098727956,1001.995
1761098727976,1001.9996
1761098727997,1001.9961
1761098728016,1001.9569
1761098728035,1001.92267
1761098728054,1001.92737
1761098728074,1001.90283
1761098728095,1001.91406
1761098728115,1001.8917
1761098728135,1001.91125
1761098728156,1001.90533
1761098728176,1001.9277
1761098728195,1001.91876
1761098728215,1001.9495
1761098728235,1001.9597
1761098728255,1001.98285
1761098728275,1001.9534
1761098728296,1001.96735
1761098728316,1001.9661
1761098728336,1001.9808
1761098728355,1001.95984
1761098728375,1001.9527
1761098728395,1001.9553
1761098728415,1001.9883
1761098728435,1001.9619
1761098728456,1001.96173
1761098728476,1001.97424
1761098728496,1001.9405
1761098728516,1001.9388
1761098728536,1001.9216
1761098728555,1001.9327
1761098728574,1001.9502
1761098728596,1001.9489
1761098728615,1001.97504
1761098728635,1001.9581
1761098728656,1001.9866
1761098728675,1001.9733
1761098728695,1001.97125
1761098728716,1001.98065
1761098728735,1001.9722
1761098728756,1001.9672
1761098728776,1001.97363
1761098728795,1001.97723
1761098728816,1001.97705
1761098728837,1001.9733
1761098728855,1001.96515
1761098728875,1001.9433
1761098728895,1001.9508
1761098728915,1001.91925
1761098728935,1001.86487
1761098728956,1001.8533
1761098728976,1001.8655
1761098728996,1001.8927
1761098729015,1001.9072
1761098729035,1001.9489
1761098729055,1001.96375
1761098729075,1001.98486
1761098729095,1001.98785
1761098729115,1001.99316
1761098729135,1001.99536
1761098729156,1002.0017
1761098729175,1002.0194
1761098729195,1002.003
1761098729215,1002.02515
1761098729235,1002.03503
1761098729255,1002.02594
1761098729275,1002.01953
1761098729295,1002.0255
1761098729315,1002.012
1761098729336,1002.0013
1761098729355,1001.98627
1761098729375,1001.92346
1761098729395,1001.90796
1761098729415,1001.85364
1761098729435,1001.8788
1761098729455,1001.86676
1761098729475,1001.89954
1761098729496,1001.90875
1761098729515,1001.93
1761098729535,1001.9416
1761098729555,1001.92346
1761098729575,1001.9427
1761098729595,1001.9455
1761098729615,1001.9508
1761098729635,1001.9672
1761098729655,1001.9439
1761098729675,1001.98254
1761098729695,1001.98285
1761098729715,1001.97974
1761098729735,1001.97253
1761098729755,1001.9567
1761098729775,1001.9428
1761098729795,1001.9299
1761098729815,1001.90204
1761098729835,1001.88
1761098729855,1001.90015
1761098729875,1001.91907
1761098729895,1001.95593
1761098729915,1001.9514
1761098729935,1001.9911
1761098729955,1001.9891
1761098729976,1002.0094
1761098729996,1002.0078
1761098730015,1002.0086
1761098730035,1002.0191
1761098730054,1002.0178
1761098730075,1002.02234
1761098730095,1002.02594
1761098730115,1002.02374
1761098730135,1002.048
1761098730156,1002.0569
1761098730174,1002.023
1761098730194,1002.05676
1761098730215,1002.03265
1761098730235,1001.9722
1761098730255,1001.9514
1761098730275,1001.9086
1761098730295,1001.8683
1761098730316,1001.89233
1761098730335,1001.905
1761098730355,1001.887
1761098730375,1001.91064
1761098730395,1001.90173
1761098730415,1001.90894
1761098730436,1001.90656
1761098730455,1001.9339
1761098730477,1001.9492
1761098730495,1001.9492
1761098730515,1001.95593
1761098730535,1001.9722
1761098730555,1001.96643
1761098730575,1001.99347
1761098730595,1001.9877
1761098730615,1001.97906
1761098730636,1001.9502
1761098730656,1001.9383
1761098730675,1001.9505
1761098730695,1001.91766
1761098730715,1001.881
1761098730735,1001.936
1761098730755,1001.9294
1761098730775,1001.9531
1761098730797,1001.9991
1761098730815,1001.9977
1761098730835,1002.0007
1761098730855,1002.0016
1761098730874,1002.017
1761098730895,1002.0039
1761098730915,1002.0142
1761098730935,1002.04346
1761098730955,1002.028
1761098730977,1002.02594
1761098730996,1002.0099
1761098731015,1002.0058
1761098731035,1001.99176
1761098731055,1001.9908
1761098731075,1001.9605
1761098731095,1001.936
1761098731115,1001.91736
1761098731135,1001.92395
1761098731155,1001.91504
1761098731175,1001.91614
1761098731195,1001.9497
1761098731215,1001.92346
1761098731235,1001.90625
1761098731255,1001.9086
1761098731275,1001.91406
1761098731296,1001.9347
1761098731316,1001.91956
1761098731335,1001.92096
1761098731355,1001.92957
1761098731375,1001.9316
1761098731395,1001.9364
1761098731415,1001.9386
1761098731435,1001.9456
1761098731455,1001.9511
1761098731476,1001.9369
1761098731496,1001.9336
1761098731515,1001.8955
1761098731535,1001.8888
1761098731554,1001.8914
1761098731575,1001.8849
1761098731595,1001.9385
1761098731615,1001.91675
1761098731636,1001.9481
1761098731655,1001.97974
1761098731676,1001.96594
1761098731696,1001.9592
1761098731715,1001.9581
1761098731735,1001.98395
1761098731755,1001.98486
1761098731776,1001.97723
1761098731796,1001.96423
1761098731817,1001.97723
1761098731835,1001.98065
1761098731855,1001.9633
1761098731875,1001.97974
1761098731895,1001.9383
1761098731915,1001.9297
1761098731936,1001.91956
1761098731955,1001.92426
1761098731976,1001.8897
1761098731995,1001.8852
1761098732015,1001.90656
1761098732035,1001.91895
1761098732054,1001.9219
1761098732075,1001.9436
1761098732095,1001.9502
1761098732116,1001.9553
1761098732135,1001.9625
1761098732155,1001.9538
1761098732175,1002.0019
1761098732195,1001.9641
1761098732215,1001.9697
1761098732235,1002.0028
1761098732255,1001.9985
1761098732276,1001.95953
1761098732296,1001.98425
1761098732316,1001.96313
1761098732336,1001.9511
1761098732355,1001.9378
1761098732375,1001.91364
1761098732395,1001.91223
1761098732416,1001.90643
1761098732436,1001.9408
1761098732456,1001.9099
1761098732476,1001.9327
1761098732495,1001.9299
1761098732515,1001.97363
1761098732536,1001.963
1761098732554,1001.9647
1761098732575,1001.97546
1761098732595,1001.97394
1761098732616,1001.9866
1761098732636,1002.0044
1761098732656,1002.0116
1761098732675,1001.9989
1761098732695,1002.0027
1761098732715,1002.04376
1761098732736,1002.0272
1761098732756,1002.0275
1761098732776,1002.0124
1761098732796,1001.9758
1761098732816,1001.9558
1761098732836,1001.9489
1761098732856,1001.928
1761098732875,1001.9516
1761098732895,1001.9344
1761098732916,1001.96173
1761098732936,1001.96765
1761098732955,1001.983
1761098732975,1001.97845
1761098732996,1001.993
1761098733015,1001.9439
1761098733035,1001.9697
1761098733055,1001.9902
1761098733075,1001.9927
1761098733095,1001.97626
1761098733115,1001.9865
1761098733136,1001.96484
1761098733155,1001.9952
1761098733176,1001.9566
1761098733196,1001.9636
1761098733215,1001.9316
1761098733235,1001.9
1761098733255,1001.8892
1761098733275,1001.8619
1761098733296,1001.8972
1761098733315,1001.9083
1761098733335,1001.90704
1761098733355,1001.943
1761098733375,1001.9474
1761098733395,1001.9541
1761098733415,1001.9469
1761098733436,1001.97156
1761098733456,1001.97504
1761098733476,1001.98004
1761098733496,1001.9947
1761098733515,1002.0022
1761098733536,1002.0164
1761098733555,1002.0064
1761098733575,1002.02875
1761098733595,1002.0077
1761098733615,1002.0069
1761098733636,1001.99567
1761098733655,1001.9564
1761098733675,1001.92004
1761098733695,1001.8917
1761098733715,1001.85266
1761098733735,1001.8347
1761098733755,1001.8672
1761098733775,1001.928
1761098733796,1001.94
1761098733815,1001.9661
1761098733835,1002.0002
1761098733855,1001.9686
1761098733875,1001.97815
1761098733895,1001.9925
1761098733915,1002.0297
1761098733936,1001.9888
1761098733956,1001.9891
1761098733975,1001.97864
1761098733995,1001.98114
1761098734016,1001.9581
1761098734036,1001.9586
1761098734055,1001.9539
1761098734075,1001.92126
1761098734095,1001.89233
1761098734115,1001.8775
1761098734135,1001.8897
1761098734155,1001.9008
1761098734175,1001.92737
1761098734195,1001.9388
1761098734216,1001.9556
1761098734236,1001.98145
1761098734256,1001.9719
1761098734276,1002.0081
1761098734296,1001.98236
1761098734316,1002.02484
1761098734335,1002.0466
1761098734356,1002.0297
1761098734376,1002.0522
1761098734396,1002.04034
1761098734416,1002.0516
1761098734436,1002.0269
1761098734457,1002.0081
1761098734476,1001.9924
1761098734496,1001.9655
1761098734515,1001.91187
1761098734535,1001.8867
1761098734555,1001.90656
1761098734575,1001.92395
1761098734596,1001.9583
1761098734616,1001.96906
1761098734635,1001.98364
1761098734655,1001.97736
1761098734675,1001.97675
1761098734695,1001.97864
1761098734715,1002.0036
1761098734736,1001.996
1761098734755,1001.9866
1761098734775,1001.97675
1761098734795,1001.96765
1761098734815,1001.9686
1761098734835,1001.9866
1761098734855,1001.968
1761098734875,1001.96893
1761098734896,1001.96515
1761098734916,1001.89594
1761098734936,1001.90924
1761098734956,1001.905
1761098734975,1001.92285
1761098734996,1001.9485
1761098735016,1001.98004
1761098735035,1001.9989
1761098735056,1001.99677
1761098735075,1002.0083
1761098735095,1001.99207
1761098735116,1002.02454
1761098735135,1001.99536
1761098735155,1002.0044
1761098735175,1002.013
1761098735195,1001.99066
1761098735215,1002.02203
1761098735235,1002.0094
1761098735256,1001.995
1761098735277,1001.99677
1761098735297,1001.96484
1761098735316,1001.9502
1761098735336,1001.96344
1761098735355,1001.96893
1761098735375,1001.9508
1761098735396,1001.9397
1761098735416,1001.98517
1761098735436,1001.98236
1761098735455,1002.0044
1761098735475,1001.9794
1761098735496,1002.0049
1761098735515,1002.0024
1761098735535,1001.9986
1761098735558,1001.9985
1761098735575,1001.9989
1761098735595,1002.0074
1761098735616,1001.98785
1761098735635,1001.9938
1761098735655,1001.97125
1761098735676,1001.95593
1761098735694,1001.9708
1761098735715,1001.9522
1761098735735,1001.90753
1761098735755,1001.9005
1761098735776,1001.8836
1761098735795,1001.8889
1761098735815,1001.92346
1761098735835,1001.96375
1761098735855,1001.96674
1761098735875,1001.97736
1761098735895,1001.98065
1761098735915,1002.0061
1761098735936,1001.9986
1761098735955,1002.0102
1761098735976,1002.03503
1761098735996,1002.017
1761098736015,1001.9883
1761098736036,1002.0099
1761098736056,1001.9972
1761098736075,1001.9567
1761098736095,1001.9794
1761098736116,1001.97455
1761098736135,1001.9327
1761098736155,1001.9333
1761098736175,1001.92035
1761098736195,1001.92676
1761098736215,1001.9441
1761098736236,1001.96643
1761098736257,1001.9628
1761098736276,1001.9883
1761098736296,1001.96484
1761098736316,1001.98987
1761098736335,1001.9891
1761098736356,1001.9841
1761098736376,1002.01
1761098736396,1001.97534
1761098736417,1001.9977
1761098736436,1001.9936
1761098736455,1001.9869
1761098736475,1002.0002
1761098736495,1001.97473
1761098736516,1001.96094
1761098736535,1001.9558
1761098736555,1001.91504
1761098736575,1001.9094
1761098736595,1001.92456
1761098736615,1001.928
1761098736635,1001.9364
1761098736655,1001.93066
1761098736675,1001.9474
1761098736695,1001.968
1761098736715,1001.97736
1761098736735,1001.97546
1761098736755,1001.96985
1761098736776,1001.97516
1761098736795,1001.9961
1761098736815,1001.98035
1761098736835,1002.013
1761098736855,1002.0134
1761098736875,1002.0092
1761098736896,1001.99567
1761098736915,1002.0108
1761098736935,1002.0035
1761098736955,1001.9686
1761098736975,1001.9697
1761098736995,1001.9541
1761098737015,1001.9495
1761098737035,1001.96924
1761098737055,1001.9575
1761098737075,1001.9538
1761098737095,1001.98645
1761098737115,1001.9883
1761098737135,1001.97687
1761098737155,1001.9911
1761098737175,1001.98114
1761098737195,1002.0002
1761098737215,1002.017
1761098737235,1002.008
1761098737255,1002.0222
1761098737275,1001.9833
1761098737295,1001.998
1761098737315,1001.983
1761098737335,1001.99036
1761098737355,1001.96564
1761098737375,1001.97845
1761098737396,1001.9486
1761098737416,1001.9581
1761098737436,1001.9311
1761098737455,1001.93066
1761098737475,1001.9277
1761098737495,1001.9564
1761098737515,1001.9697
1761098737535,1001.97046
1761098737555,1001.98486
1761098737576,1001.9847
1761098737596,1001.9869
1761098737615,1001.98535
1761098737635,1002.0202
1761098737655,1002.0095
1761098737675,1002.01733
1761098737695,1002.013
1761098737716,1002.0172
1761098737735,1002.015
1761098737756,1002.01843
1761098737776,1002.0216
1761098737795,1002.0061
1761098737815,1002.0111
1761098737835,1002.0089
1761098737855,1001.98755
1761098737876,1001.9628
1761098737895,1001.9602
1761098737916,1001.963
1761098737935,1001.9261
1761098737955,1001.9364
1761098737975,1001.9581
1761098737995,1001.958
1761098738015,1001.97736
1761098738035,1001.9902
1761098738055,1001.99036
1761098738075,1002.0161
1761098738096,1002.0145
1761098738115,1002.02313
1761098738135,1002.017
1761098738155,1002.0056
1761098738175,1002.0189
1761098738195,1002.028
1761098738215,1002.0272
1761098738235,1002.03143
1761098738255,1002.03644
1761098738276,1002.0142
1761098738296,1001.9905
1761098738315,1001.92706
1761098738335,1001.9405
1761098738355,1002.0003
1761098738375,1001.9866
1761098738396,1001.99066
1761098738416,1001.9936
1761098738436,1002.0153
1761098738455,1002.05176
1761098738476,1002.05786
1761098738495,1002.02905
1761098738515,1002.04065
1761098738536,1002.03265
1761098738556,1002.03955
1761098738575,1002.05347
1761098738595,1002.03705
1761098738615,1002.0533
1761098738635,1002.02313
1761098738655,1002.03906
1761098738675,1002.02423
1761098738695,1002.0069
1761098738716,1001.9902
1761098738735,1001.96234
1761098738756,1001.9492
1761098738775,1001.9472
1761098738795,1001.9413
1761098738815,1001.91113
1761098738835,1001.92096
1761098738855,1001.9547
1761098738875,1001.97253
1761098738895,1001.9661
1761098738915,1001.96094
1761098738936,1001.99146
1761098738955,1002.0142
1761098738975,1002.02515
1761098738995,1002.0225
1761098739015,1001.9964
1761098739036,1002.0041
1761098739056,1002.0214
1761098739076,1002.0111
1761098739095,1002.03564
1761098739115,1001.9497
1761098739135,1001.90344
1761098739155,1001.86176
1761098739175,1001.91785
1761098739195,1001.9541
1761098739216,1001.99066
1761098739236,1001.98004
1761098739256,1001.98987
1761098739275,1001.99207
1761098739296,1002.0128
1761098739315,1001.9936
1761098739335,1002.0019
1761098739355,1001.9877
1761098739375,1002.0086
1761098739395,1002.0053
1761098739416,1002.0167
1761098739435,1002.02124
1761098739455,1001.99066
1761098739475,1002.0044
1761098739496,1001.97375
1761098739517,1001.97034
1761098739535,1001.9602
1761098739556,1001.9481
1761098739575,1001.9602
1761098739594,1001.92456
1761098739615,1001.9413
1761098739635,1001.92377
1761098739655,1001.955
1761098739675,1001.9622
1761098739696,1001.9436
1761098739715,1001.95734
1761098739735,1001.97424
1761098739755,1001.96375
1761098739775,1001.9655
1761098739794,1001.98486
1761098739815,1001.96643
1761098739835,1001.98645
1761098739855,1001.993
1761098739875,1001.96533
1761098739895,1001.96564
1761098739916,1001.97845
1761098739936,1001.9449
1761098739955,1001.90814
1761098739975,1001.9316
1761098739995,1001.9569
1761098740015,1001.9661
1761098740035,1001.9894
1761098740056,1002.0019
1761098740076,1001.9869
1761098740094,1002.0095
1761098740115,1002.0181
1761098740134,1002.02844
1761098740154,1002.0552
1761098740174,1002.02814
1761098740195,1002.0703
1761098740215,1002.058
1761098740235,1002.0641
1761098740254,1002.0652
1761098740275,1002.06177
1761098740294,1002.04095
1761098740315,1002.0594
1761098740334,1002.04254
1761098740354,1001.9986
1761098740375,1001.9872
1761098740395,1001.97205
1761098740416,1001.96
1761098740435,1001.96484
1761098740455,1001.96515
1761098740474,1001.9913
1761098740495,1002.0035
1761098740515,1001.97687
1761098740535,1002.02313
1761098740555,1002.0113
1761098740575,1002.0025
1761098740595,1001.9941
1761098740615,1002.0142
1761098740635,1001.99347
1761098740655,1001.9986
1761098740674,1001.995
1761098740695,1001.9866
1761098740715,1001.97144
1761098740735,1001.9697
1761098740754,1001.9427
1761098740774,1001.9014
1761098740794,1001.8966
1761098740815,1001.89453
1761098740835,1001.91925
1761098740855,1001.9486
1761098740875,1001.95734
1761098740896,1001.97876
1761098740915,1001.9908
1761098740935,1002.0022
1761098740955,1001.97626
1761098740975,1001.99426
1761098740995,1001.99536
1761098741015,1002.0014
1761098741035,1002.02673
1761098741056,1002.0164
1761098741075,1002.0041
1761098741094,1001.9975
1761098741115,1001.9972
1761098741135,1001.99347
1761098741156,1001.97815
1761098741175,1001.9722
1761098741195,1001.97516
1761098741216,1001.9541
1761098741236,1001.9433
1761098741255,1001.9622
1761098741275,1001.9625
1761098741295,1001.9358
1761098741315,1001.9492
1761098741335,1001.9539
1761098741355,1001.9733
1761098741375,1001.97974
1761098741396,1001.9641
1761098741415,1001.98364
1761098741435,1002.03644
1761098741456,1002.0311
1761098741475,1002.03345
1761098741496,1002.03644
1761098741516,1002.0611
1761098741535,1002.0717
1761098741556,1002.0533
1761098741575,1002.0758
1761098741595,1002.04895
1761098741615,1002.0283
1761098741635,1002.05145
1761098741655,1002.0322
1761098741676,1002.04004
1761098741696,1002.03143
1761098741715,1002.03937
1761098741737,1002.03625
1761098741755,1002.0319
1761098741775,1002.0522
1761098741795,1002.0255
1761098741816,1002.04126
1761098741836,1002.04706
1761098741856,1002.0272
1761098741876,1002.0419
1761098741897,1002.0525
1761098741916,1002.29626
1761098741934,1002.53937
1761098741955,1002.54596
1761098741974,1002.54736
1761098741994,1002.36255
1761098742015,1002.04016
1761098742035,1001.92126
1761098742055,1001.9517
1761098742075,1001.9528
1761098742096,1001.9708
1761098742114,1001.97064
1761098742134,1001.958
1761098742155,1001.9661
1761098742175,1001.97754
1761098742195,1001.9719
1761098742215,1001.98785
1761098742236,1001.97437
1761098742255,1001.98895
1761098742275,1001.9966
1761098742295,1001.99567
1761098742315,1002.0092
1761098742335,1002.0131
1761098742355,1001.99817
1761098742376,1002.0138
1761098742395,1002.0233
1761098742415,1001.9941
1761098742436,1001.98035
1761098742456,1001.97424
1761098742476,1001.98846
1761098742496,1001.9511
1761098742516,1001.9388
1761098742536,1001.91705
1761098742556,1001.8933
1761098742576,1001.9347
1761098742594,1001.9344
1761098742614,1001.92316
1761098742635,1001.9424
1761098742655,1001.9438
1761098742675,1001.92596
1761098742695,1001.91736
1761098742715,1001.9407
1761098742735,1001.9417
1761098742755,1001.93286
1761098742775,1001.9499
1761098742795,1001.9567
1761098742815,1001.97034
1761098742835,1001.97705
1761098742855,1001.97266
1761098742875,1001.96094
1761098742895,1001.9563
1761098742915,1001.96344
1761098742936,1001.9363
1761098742955,1001.9222
1761098742975,1001.9016
1761098742995,1001.8891
1761098743015,1001.8806
1761098743036,1001.85425
1761098743056,1001.8783
1761098743076,1001.8925
1761098743095,1001.9244
1761098743115,1001.9444
1761098743135,1001.946
1761098743155,1001.9594
1761098743175,1001.9497
1761098743195,1001.96094
1761098743215,1001.9491
1761098743235,1001.96
1761098743255,1001.96313
1761098743275,1001.9503
1761098743295,1001.9444
1761098743315,1001.9446
1761098743335,1001.9263
1761098743355,1001.9275
1761098743375,1001.9008
1761098743396,1001.86926
1761098743415,1001.8641
1761098743435,1001.8875
1761098743455,1001.8956
1761098743476,1001.92676
1761098743495,1001.9453
1761098743515,1001.9569
1761098743535,1001.97363
1761098743556,1001.9783
1761098743577,1001.97546
1761098743595,1001.98346
1761098743615,1001.9711
1761098743635,1001.97546
1761098743655,1002.0014
1761098743675,1002.0145
1761098743696,1001.9999
1761098743716,1002.0189
1761098743735,1001.9919
1761098743755,1001.99207
1761098743775,1001.9672
1761098743795,1001.9486
1761098743815,1001.91785
1761098743835,1001.8674
1761098743856,1001.8302
1761098743876,1001.80786
1761098743895,1001.8185
1761098743915,1001.8422
1761098743936,1001.8983
1761098743956,1001.92236
1761098743975,1001.92816
1761098743995,1001.91406
1761098744016,1001.92255
1761098744036,1001.9528
1761098744055,1001.968
1761098744075,1001.96344
1761098744095,1001.9619
1761098744115,1001.9655
1761098744135,1001.9972
1761098744155,1002.0172
1761098744175,1001.9983
1761098744196,1001.98096
1761098744216,1001.9489
1761098744235,1001.9358
1761098744255,1001.8909
1761098744275,1001.8394
1761098744296,1001.875
1761098744316,1001.85815
1761098744336,1001.91345
1761098744357,1001.9433
1761098744377,1001.97253
1761098744396,1001.99207
1761098744415,1002.0099
1761098744435,1002.03986
1761098744456,1002.0522
1761098744475,1002.0103
1761098744496,1002.0358
1761098744516,1002.0497
1761098744537,1002.0696
1761098744555,1002.0483
1761098744575,1002.0652
1761098744594,1002.04785
1761098744615,1002.03204
1761098744635,1002.0145
1761098744655,1002.0113
1761098744676,1001.98486
1761098744696,1001.958
1761098744716,1001.9291
1761098744736,1001.9158
1761098744756,1001.8952
1761098744775,1001.90643
1761098744795,1001.9377
1761098744816,1001.9641
1761098744836,1001.97034
1761098744856,1001.97784
1761098744876,1001.98785
1761098744896,1001.9641
1761098744916,1001.97205
1761098744936,1001.983
1761098744955,1001.97565
1761098744976,1001.9861
1761098744996,1002.017
1761098745016,1001.9925
1761098745036,1002.0025
1761098745056,1001.98175
1761098745076,1001.9594
1761098745096,1001.96765
1761098745114,1001.8986
1761098745135,1001.86206
1761098745155,1001.85925
1761098745175,1001.8663
1761098745195,1001.92596
1761098745215,1001.9319
1761098745236,1001.98706
1761098745255,1001.9924
1761098745275,1002.0205
1761098745295,1002.03564
1761098745315,1002.03296
1761098745335,1002.03784
1761098745356,1002.0103
1761098745377,1002.0294
1761098745396,1002.03687
1761098745415,1002.0074
1761098745435,1002.0071
1761098745456,1001.98157
1761098745476,1001.97797
1761098745496,1001.97687
1761098745516,1001.97473
1761098745537,1001.9533
1761098745556,1001.9369
1761098745575,1001.9417
1761098745594,1001.9222
1761098745615,1001.9494
1761098745635,1001.9427
1761098745655,1001.98004
1761098745676,1001.9644
1761098745696,1001.98486
1761098745716,1002.0041
1761098745736,1002.0074
1761098745756,1002.0011
1761098745775,1002.0072
1761098745795,1002.0044
1761098745816,1002.0128
1761098745836,1002.0178
1761098745857,1002.011
1761098745876,1002.01
1761098745895,1001.993
1761098745916,1001.9775
1761098745935,1001.9527
1761098745956,1001.9556
1761098745975,1001.9353
1761098745996,1001.9636
1761098746016,1001.96954
1761098746037,1001.95734
1761098746055,1001.97986
1761098746075,1001.97595
1761098746095,1001.995
1761098746115,1002.008
1761098746135,1002.0117
1761098746155,1002.0089
1761098746176,1002.02563
1761098746196,1002.0261
1761098746216,1002.03564
1761098746235,1002.0272
1761098746255,1002.02954
1761098746275,1002.03503
1761098746295,1002.02423
1761098746316,1002.0183
1761098746336,1002.0119
1761098746356,1002.0091
1761098746375,1001.9955
1761098746395,1001.98114
1761098746415,1001.9641
1761098746435,1001.96735
1761098746455,1001.99
1761098746475,1002.0211
1761098746495,1002.0703
1761098746515,1002.0632
1761098746536,1002.0691
1761098746556,1002.1097
1761098746575,1002.1221
1761098746595,1002.1516
1761098746615,1002.1349
1761098746635,1002.1269
1761098746655,1002.1091
1761098746675,1002.0724
1761098746696,1002.0739
1761098746716,1002.03723
1761098746735,1002.01843
1761098746755,1002.0202
1761098746775,1001.96313
1761098746795,1001.97296
1761098746816,1001.97424
1761098746835,1002.0016
1761098746856,1002.03845
1761098746875,1002.0589
1761098746895,1002.1058
1761098746915,1002.1236
1761098746935,1002.1155
1761098746955,1002.09845
1761098746975,1002.09235
1761098746996,1002.09894
1761098747017,1002.0763
1761098747035,1002.0844
1761098747056,1002.07
1761098747075,1002.0805
1761098747094,1002.09
1761098747115,1002.0774
1761098747135,1002.0784
1761098747155,1002.08453
1761098747176,1002.0772
1761098747196,1002.0728
1761098747215,1002.0155
1761098747235,1001.99176
1761098747255,1001.963
1761098747275,1001.9969
1761098747295,1002.03235
1761098747315,1002.006
1761098747336,1001.98755
1761098747356,1001.97437
1761098747375,1001.98035
1761098747395,1001.98456
1761098747415,1001.988
1761098747435,1001.98425
1761098747455,1001.9924
1761098747476,1001.98285
1761098747496,1001.99146
1761098747517,1001.98035
1761098747536,1001.9972
1761098747555,1001.96783
1761098747575,1002.025
1761098747595,1002.0046
1761098747615,1001.98175
1761098747635,1001.97363
1761098747655,1001.9508
1761098747676,1001.9963
1761098747695,1002.0294
1761098747715,1002.03986
1761098747735,1002.10364
1761098747755,1002.0791
1761098747775,1002.0677
1761098747796,1002.0775
1761098747816,1002.0794
1761098747837,1002.0564
1761098747856,1002.0742
1761098747876,1002.04706
1761098747896,1002.0661
1761098747916,1002.0875
1761098747944,1002.0736
1761098747955,1002.0811
1761098747975,1002.0652
1761098747996,1002.075
1761098748016,1002.0678
1761098748036,1002.04675
1761098748056,1002.0233
1761098748075,1001.9758
1761098748095,1001.9858
1761098748114,1001.9999
1761098748135,1001.99207
1761098748155,1001.9619
1761098748175,1001.9392
1761098748195,1001.9986
1761098748215,1001.9888
1761098748235,1001.9697
1761098748255,1001.9924
1761098748275,1001.97156
1761098748295,1002.01
1761098748315,1001.97925
1761098748336,1001.98535
1761098748356,1002.0211
1761098748376,1001.98035
1761098748395,1002.0067
1761098748415,1002.0038
1761098748435,1001.9927
1761098748456,1002.0036
1761098748476,1001.97034
1761098748496,1001.90955
1761098748516,1001.92145
1761098748536,1001.9016
1761098748555,1001.90656
1761098748576,1001.94904
1761098748595,1001.96674
1761098748615,1001.9925
1761098748635,1002.0092
1761098748655,1002.0025
1761098748676,1002.0025
1761098748696,1002.03394
1761098748716,1002.01953
1761098748735,1002.0266
1761098748756,1002.0583
1761098748776,1002.0038
1761098748796,1002.03094
1761098748816,1002.0017
1761098748836,1001.98627
1761098748856,1001.97723
1761098748876,1001.9841
1761098748896,1001.9553
1761098748916,1001.933
1761098748935,1001.9502
1761098748956,1001.97516
1761098748976,1001.97064
1761098748996,1001.96094
1761098749016,1001.97675
1761098749035,1002.0041
1761098749055,1001.97815
1761098749075,1002.0141
1761098749094,1002.0219
1761098749115,1002.0178
1761098749135,1002.0088
1761098749155,1002.0116
1761098749175,1002.0113
1761098749195,1002.0019
1761098749215,1001.98486
1761098749235,1002.0167
1761098749255,1001.998
1761098749275,1001.9999
1761098749296,1001.9485
1761098749317,1001.952
1761098749336,1001.9439
1761098749356,1001.9428
1761098749376,1001.9378
1761098749396,1001.9411
1761098749415,1001.9499
1761098749435,1001.97375
1761098749456,1001.945
1761098749476,1001.98004
1761098749496,1001.9758
1761098749516,1002.001
1761098749536,1001.996
1761098749556,1002.02625
1761098749576,1002.0164
1761098749595,1002.0188
1761098749615,1002.0117
1761098749635,1002.0191
1761098749656,1002.0308
1761098749676,1002.01953
1761098749695,1002.0008
1761098749715,1001.9999
1761098749735,1001.9611
1761098749755,1001.95593
1761098749775,1001.9517
1761098749796,1001.96625
1761098749816,1001.9517
1761098749836,1001.9338
1761098749856,1001.92175
1761098749877,1001.94226
1761098749895,1001.9514
1761098749916,1001.98236
1761098749935,1001.9997
1761098749955,1002.0216
1761098749976,1002.0233
1761098749996,1002.04956
1761098750015,1002.04175
1761098750035,1002.05536
1761098750056,1002.0294
1761098750076,1002.0189
1761098750095,1002.0258
1761098750115,1002.0022
1761098750135,1002.0007
1761098750155,1001.9619
1761098750176,1001.8931
1761098750195,1001.8199
1761098750216,1001.83093
1761098750235,1001.90533
1761098750255,1001.935
1761098750275,1002.0128
1761098750295,1002.0664
1761098750315,1002.0589
1761098750336,1002.0841
1761098750355,1002.10156
1761098750375,1002.09393
1761098750396,1002.0647
1761098750415,1002.0759
1761098750436,1002.0828
1761098750455,1002.08344
1761098750475,1002.09174
1761098750496,1002.0749
1761098750516,1002.0558
1761098750536,1002.0261
1761098750555,1002.013
1761098750575,1001.9833
1761098750597,1001.95984
1761098750615,1001.91907
1761098750635,1001.91547
1761098750656,1001.89233
1761098750675,1001.91223
1761098750695,1001.9538
1761098750715,1001.97687
1761098750735,1001.99066
1761098750755,1001.9911
1761098750775,1002.03375
1761098750796,1002.0189
1761098750816,1002.0216
1761098750836,1002.0292
1761098750855,1002.0447
1761098750875,1002.03424
1761098750894,1002.0152
1761098750915,1002.0167
1761098750935,1002.0206
1761098750956,1002.0163
1761098750976,1002.0011
1761098750997,1001.9553
1761098751018,1001.9364
1761098751036,1001.90344
1761098751056,1001.843
1761098751075,1001.85284
1761098751097,1001.89453
1761098751115,1001.9352
1761098751135,1001.91956
1761098751156,1001.9661
1761098751175,1001.98267
1761098751195,1002.0191
1761098751216,1001.9866
1761098751235,1002.0038
1761098751255,1002.03845
1761098751276,1002.04205
1761098751295,1002.04596
1761098751316,1002.0797
1761098751336,1002.09985
1761098751355,1002.0725
1761098751376,1002.0619
1761098751395,1002.05145
1761098751416,1002.02875
1761098751436,1001.98627
1761098751456,1001.9597
1761098751476,1001.9291
1761098751496,1001.91345
1761098751516,1001.9511
1761098751536,1001.9435
1761098751555,1001.97876
1761098751576,1001.993
1761098751595,1002.02374
1761098751615,1002.03345
1761098751635,1002.03345
1761098751656,1002.0236
1761098751675,1002.03156
1761098751696,1002.0519
1761098751715,1002.03613
1761098751735,1002.0336
1761098751755,1002.0616
1761098751775,1002.0563
1761098751795,1002.058
1761098751816,1002.0502
1761098751835,1002.02783
1761098751856,1001.98987
1761098751875,1001.9396
1761098751895,1001.8764
1761098751915,1001.8691
1761098751935,1001.8909
1761098751956,1001.9481
1761098751976,1001.9902
1761098751996,1002.03
1761098752015,1002.05286
1761098752036,1002.0564
1761098752055,1002.0774
1761098752075,1002.0844
1761098752096,1002.0905
1761098752115,1002.0825
1761098752135,1002.0889
1761098752156,1002.09314
1761098752175,1002.10645
1761098752194,1002.0708
1761098752215,1002.03516
1761098752235,1002.0164
1761098752255,1002.01
1761098752275,1001.9925
1761098752296,1001.96735
1761098752316,1001.9399
1761098752336,1001.9503
1761098752355,1001.9644
1761098752375,1001.9555
1761098752395,1001.9911
1761098752415,1001.99
1761098752435,1002.0122
1761098752456,1002.0145
1761098752476,1002.0233
1761098752495,1002.0136
1761098752516,1002.0169
1761098752535,1002.03394
1761098752555,1002.0142
1761098752575,1002.03455
1761098752596,1002.02924
1761098752615,1002.0253
1761098752635,1002.0188
1761098752656,1001.9916
1761098752676,1002.0244
1761098752695,1001.98846
1761098752715,1001.97565
1761098752736,1001.97974
1761098752756,1001.97125
1761098752776,1001.97784
1761098752796,1001.9605
1761098752817,1002.0002
1761098752836,1001.98517
1761098752855,1001.97614
1761098752876,1001.998
1761098752896,1001.98956
1761098752915,1002.04205
1761098752936,1002.0063
1761098752955,1002.0208
1761098752976,1002.023
1761098752996,1002.04297
1761098753016,1002.0602
1761098753035,1002.0664
1761098753055,1002.0583
1761098753075,1002.0577
1761098753096,1002.04987
1761098753115,1002.03174
1761098753136,1002.028
1761098753156,1002.0191
1761098753175,1002.0074
1761098753195,1002.0239
1761098753215,1001.98785
1761098753236,1001.97455
1761098753256,1001.99207
1761098753276,1001.9866
1761098753297,1002.0053
1761098753317,1002.0052
1761098753335,1002.0197
1761098753355,1002.0219
1761098753375,1002.02563
1761098753395,1002.055
1761098753415,1002.0308
1761098753435,1002.0233
1761098753456,1002.02673
1761098753476,1002.03174
1761098753495,1002.0703
1761098753515,1002.0641
1761098753536,1002.0522
1761098753555,1002.03894
1761098753576,1002.0408
1761098753595,1002.05206
1761098753615,1002.0636
1761098753636,1002.0522
1761098753655,1002.0713
1761098753675,1002.0839
1761098753696,1002.0925
1761098753715,1002.1097
1761098753735,1002.10406
1761098753756,1002.10547
1761098753777,1002.09656
1761098753796,1002.10986
1761098753816,1002.10126
1761098753836,1002.0797
1761098753855,1002.0853
1761098753875,1002.078
1761098753895,1002.08093
1761098753916,1002.05035
1761098753936,1002.03894
1761098753957,1002.03406
1761098753976,1002.02563
1761098753996,1001.9972
1761098754016,1001.98096
1761098754036,1001.98486
1761098754056,1001.9708
1761098754076,1001.958
1761098754096,1001.97723
1761098754115,1001.9694
1761098754135,1002.0191
1761098754155,1001.9891
1761098754175,1002.0014
1761098754195,1002.028
1761098754215,1002.0222
1761098754235,1002.04205
1761098754256,1002.03534
1761098754276,1002.0544
1761098754296,1002.03284
1761098754317,1002.03784
1761098754336,1002.0181
1761098754355,1002.0103
1761098754376,1002.0158
1761098754396,1001.9985
1761098754415,1002.0116
1761098754436,1001.9683
1761098754456,1001.9581
1761098754477,1001.9519
1761098754496,1001.97266
1761098754515,1001.9492
1761098754535,1001.96423
1761098754555,1001.9822
1761098754576,1001.98096
1761098754596,1001.9983
1761098754615,1001.9974
1761098754635,1002.0022
1761098754654,1002.0016
1761098754675,1002.0191
1761098754695,1002.0336
1761098754715,1002.03937
1761098754735,1002.02313
1761098754756,1002.03845
1761098754776,1002.02094
1761098754796,1002.03656
1761098754815,1001.99176
1761098754836,1001.99426
1761098754855,1001.9589
1761098754876,1001.9427
1761098754896,1001.9655
1761098754916,1001.96906
1761098754936,1001.98956
1761098754956,1002.0067
1761098754977,1002.0056
1761098754996,1002.0119
1761098755015,1002.0266
1761098755036,1001.9908
1761098755056,1002.04736
1761098755076,1002.04395
1761098755096,1002.0683
1761098755115,1002.04614
1761098755135,1002.03546
1761098755155,1002.03094
1761098755175,1002.0286
1761098755195,1002.0258
1761098755215,1002.0172
1761098755235,1002.0075
1761098755255,1001.98926
1761098755276,1001.98016
1761098755295,1001.97485
1761098755315,1001.9311
1761098755334,1001.933
1761098755355,1001.9481
1761098755375,1001.96906
1761098755395,1001.98395
1761098755415,1002.02234
1761098755435,1002.0244
1761098755455,1002.0013
1761098755476,1002.02374
1761098755496,1002.02423
1761098755515,1002.02673
1761098755535,1002.01843
1761098755555,1002.0239
1761098755576,1002.0214
1761098755596,1002.03986
1761098755616,1002.04565
1761098755635,1002.03314
1761098755655,1002.0219
1761098755675,1002.0117
1761098755695,1002.04486
1761098755715,1002.0178
1761098755735,1002.0025
1761098755755,1001.9633
1761098755776,1001.9602
1761098755796,1001.9628
1761098755815,1001.9385
1761098755835,1001.9509
1761098755856,1001.96765
1761098755876,1001.983
1761098755895,1002.0028
1761098755916,1002.0113
1761098755936,1002.0522
1761098755957,1002.0508
1761098755975,1002.04785
1761098755996,1002.02814
1761098756015,1002.04364
1761098756035,1002.0247
1761098756056,1002.0286
1761098756075,1002.04736
1761098756095,1002.02875
1761098756116,1002.008
1761098756135,1001.97784
1761098756155,1001.92847
1761098756175,1001.9047
1761098756195,1001.90796
1761098756215,1001.9563
1761098756235,1001.9902
1761098756256,1002.0145
1761098756276,1002.0696
1761098756297,1002.0733
1761098756315,1002.10754
1761098756335,1002.0861
1761098756356,1002.10156
1761098756376,1002.088
1761098756395,1002.123
1761098756415,1002.1175
1761098756439,1002.12177
1761098756457,1002.1472
1761098756476,1002.1425
1761098756495,1002.1316
1761098756516,1002.1419
1761098756536,1002.1278
1761098756556,1002.136
1761098756576,1002.1221
1761098756596,1002.0685
1761098756616,1002.0519
1761098756634,1002.0152
1761098756655,1002.0049
1761098756675,1002.02313
1761098756695,1002.0696
1761098756715,1002.0759
1761098756735,1002.1183
1761098756755,1002.0828
1761098756776,1002.0836
1761098756797,1002.0597
1761098756815,1002.0649
1761098756835,1002.09595
1761098756856,1002.09845
1761098756876,1002.0772
1761098756896,1002.0731
1761098756916,1002.0594
1761098756936,1002.1033
1761098756956,1002.08923
1761098756976,1002.0844
1761098756996,1002.0759
1761098757016,1002.02844
1761098757035,1001.9963
1761098757055,1001.9719
1761098757075,1001.99536
1761098757096,1002.0058
1761098757118,1002.04504
1761098757135,1002.0731
1761098757155,1002.0831
1761098757175,1002.10626
1761098757195,1002.1274
1761098757215,1002.1155
1761098757235,1002.11255
1761098757255,1002.12177
1761098757275,1002.10455
1761098757295,1002.0649
1761098757315,1002.0742
1761098757335,1002.0774
1761098757355,1002.0597
1761098757375,1002.0552
1761098757395,1002.02954
1761098757415,1002.04016
1761098757436,1002.04236
1761098757459,1001.96515
1761098757476,1001.9586
1761098757495,1001.96094
1761098757516,1001.96704
1761098757535,1002.0269
1761098757556,1002.06
1761098757576,1002.085
1761098757596,1002.0972
1761098757617,1002.1175
1761098757635,1002.12317
1761098757655,1002.10925
1761098757675,1002.10706
1761098757695,1002.1105
1761098757715,1002.0972
1761098757735,1002.0839
1761098757756,1002.0936
1761098757776,1002.0908
1761098757795,1002.0706
1761098757815,1002.05206
1761098757835,1002.0455
1761098757855,1002.0189
1761098757875,1001.9902
1761098757895,1001.9999
1761098757915,1001.9783
1761098757936,1001.98315
1761098757956,1001.9911
1761098757975,1001.9997
1761098757995,1002.0228
1761098758015,1002.0149
1761098758035,1002.04736
1761098758056,1002.0718
1761098758076,1002.0622
1761098758095,1002.0791
1761098758116,1002.0816
1761098758134,1002.08765
1761098758155,1002.0583
1761098758175,1002.0649
1761098758195,1002.04736
1761098758215,1002.0513
1761098758235,1002.0678
1761098758256,1002.04596
1761098758276,1002.0119
1761098758295,1002.0178
1761098758315,1001.9883
1761098758335,1001.9497
1761098758355,1001.9489
1761098758377,1001.97876
1761098758395,1002.0264
1761098758415,1002.0028
1761098758435,1002.0016
1761098758455,1002.0113
1761098758475,1002.0358
1761098758495,1002.0597
1761098758515,1002.0597
1761098758535,1002.0655
1761098758555,1002.04987
1761098758576,1002.04346
1761098758596,1002.0486
1761098758617,1002.0407
1761098758635,1002.0124
1761098758654,1002.0008
1761098758675,1002.0067
1761098758695,1002.03876
1761098758715,1002.04535
1761098758735,1002.0186
1761098758755,1001.98267
1761098758776,1001.98175
1761098758795,1001.96173
1761098758816,1001.958
1761098758835,1002.0
1761098758855,1002.0311
1761098758875,1002.0508
1761098758896,1002.05035
1761098758916,1002.07
1761098758937,1002.09143
1761098758956,1002.0872
1761098758975,1002.0822
1761098758996,1002.0911
1761098759015,1002.1111
1761098759035,1002.0983
1761098759056,1002.10815
1761098759076,1002.0853
1761098759099,1002.11676
1761098759118,1002.09766
1761098759135,1002.1228
1761098759155,1002.10645
1761098759174,1002.0781
1761098759195,1002.0749
1761098759215,1002.0541
1761098759235,1002.0408
1761098759256,1002.03937
1761098759276,1002.0297
1761098759295,1002.0081
1761098759315,1002.0272
1761098759335,1002.0419
1761098759355,1002.0516
1761098759374,1002.0519
1761098759395,1002.04034
1761098759415,1002.0455
1761098759436,1002.0736
1761098759455,1002.03876
1761098759475,1002.0561
1761098759496,1002.04626
1761098759515,1002.03394
1761098759535,1002.0522
1761098759556,1002.04767
1761098759576,1002.04486
1761098759596,1002.04315
1761098759616,1002.02374
1761098759635,1002.0333
1761098759655,1002.0074
1761098759675,1002.0294
1761098759695,1002.0058
1761098759715,1002.01
1761098759735,1002.04285
1761098759756,1002.04114
1761098759776,1002.03284
1761098759796,1002.04004
1761098759816,1002.053
1761098759836,1002.0691
1761098759856,1002.0541
1761098759876,1002.04016
1761098759895,1002.0455
1761098759916,1002.0611
1761098759936,1002.09283
1761098759956,1002.0574
1761098759975,1002.04565
1761098759996,1002.04596
1761098760015,1002.02783
1761098760035,1002.03424
1761098760055,1002.03204
1761098760075,1002.0035
1761098760096,1002.02234
1761098760115,1002.017
1761098760134,1002.02515
1761098760155,1002.03296
1761098760175,1002.03406
1761098760195,1002.0469
1761098760215,1002.0577
1761098760236,1002.0625
1761098760255,1002.03723
1761098760275,1002.063
1761098760295,1002.078
1761098760315,1002.06287
1761098760335,1002.0688
1761098760355,1002.0775
1761098760375,1002.0855
1761098760395,1002.04236
1761098760415,1002.0216
1761098760436,1002.03925
1761098760455,1002.0095
1761098760476,1002.0122
1761098760495,1001.998
1761098760515,1001.9955
1761098760535,1002.0105
1761098760556,1002.0161
1761098760576,1002.0214
1761098760596,1002.0574
1761098760615,1002.03534
1761098760635,1002.04047
1761098760654,1002.04626
1761098760675,1002.0538
1761098760695,1002.04175
1761098760715,1002.0558
1761098760736,1002.061
1761098760757,1002.0566
1761098760775,1002.0649
1761098760795,1002.0805
1761098760815,1002.03284
1761098760835,1002.04114
1761098760855,1002.0619
1761098760875,1002.0652
1761098760896,1002.0236
1761098760916,1002.03986
1761098760936,1002.03925
1761098760956,1002.03345
1761098760975,1002.04114
1761098760995,1002.03546
1761098761015,1002.03534
1761098761035,1002.03235
1761098761056,1002.072
1761098761075,1002.10535
1761098761096,1002.1116
1761098761115,1002.1186
1761098761134,1002.1235
1761098761154,1002.14343
1761098761175,1002.1455
1761098761195,1002.15015
1761098761215,1002.15643
1761098761235,1002.16064
1761098761255,1002.1344
1761098761275,1002.16956
1761098761295,1002.125
1761098761315,1002.125
1761098761335,1002.1216
1761098761355,1002.142
1761098761375,1002.1197
1761098761395,1002.1091
1761098761416,1002.1224
1761098761434,1002.1294
1761098761455,1002.1183
1761098761475,1002.1339
1761098761495,1002.14954
1761098761515,1002.1324
1761098761535,1002.1263
1761098761555,1002.1461
1761098761575,1002.1292
1761098761595,1002.1244
1761098761615,1002.11816
1761098761636,1002.11597
1761098761655,1002.1144
1761098761675,1002.12177
1761098761695,1002.10254
1761098761715,1002.0814
1761098761735,1002.1008
1761098761758,1002.0828
1761098761776,1002.09955
1761098761795,1002.1302
1761098761816,1002.22156
1761098761835,1002.29565
1761098761855,1002.2505
1761098761875,1002.15704
1761098761896,1002.1395
1761098761916,1002.11456
1761098761935,1002.1282
1761098761955,1002.22845
1761098761975,1002.16174
1761098761995,1002.1442
1761098762016,1002.1274
1761098762035,1002.10126
1761098762056,1002.11176
1761098762075,1002.1386
1761098762096,1002.11566
1761098762115,1002.1191
1761098762134,1002.14813
1761098762155,1002.125
1761098762175,1002.138
1761098762195,1002.1303
1761098762215,1002.1291
1761098762236,1002.14343
1761098762256,1002.11707
1761098762275,1002.1555
1761098762295,1002.195
1761098762315,1002.1935
1761098762335,1002.2581
1761098762355,1002.246
1761098762375,1002.2111
1761098762395,1002.4928
1761098762415,1002.6877
1761098762434,1002.6363
1761098762455,1002.4509
1761098762474,1002.27673
1761098762495,1002.1308
