1761099306323,1001.33844
1761099306343,1001.3055
1761099306363,1001.34235
1761099306384,1001.35547
1761099306403,1001.3816
1761099306424,1001.4216
1761099306444,1001.4236
1761099306464,1001.4458
1761099306484,1001.4511
1761099306504,1001.42847
1761099306524,1001.4861
1761099306544,1001.515
1761099306563,1001.53973
1761099306585,1001.7211
1761099306604,1001.9319
1761099306624,1002.03644
1761099306645,1002.0742
1761099306663,1002.0172
1761099306684,1001.9008
1761099306703,1001.79156
1761099306723,1001.8231
1761099306744,1001.9503
1761099306764,1002.03314
1761099306784,1002.03235
1761099306804,1002.0124
1761099306823,1002.02673
1761099306843,1001.97614
1761099306863,1001.9655
1761099306884,1001.9927
1761099306903,1001.9711
1761099306924,1002.0544
1761099306944,1002.0444
1761099306964,1002.0696
1761099306984,1002.0624
1761099307004,1002.0905
1761099307024,1002.0983
1761099307044,1002.0724
1761099307064,1002.06067
1761099307083,1002.02814
1761099307104,1002.0125
1761099307124,1001.9644
1761099307144,1001.85175
1761099307164,1001.73785
1761099307184,1001.7564
1761099307204,1001.7438
1761099307224,1001.79156
1761099307244,1001.8189
1761099307264,1001.9486
1761099307285,1002.09656
1761099307305,1002.1394
1761099307324,1002.09406
1761099307344,1002.0817
1761099307364,1002.22424
1761099307384,1001.8208
1761099307404,1001.7075
1761099307425,1001.724
1761099307444,1001.7447
1761099307465,1001.72815
1761099307484,1001.72656
1761099307504,1001.718
1761099307525,1001.6939
1761099307545,1001.7358
1761099307564,1001.74066
1761099307584,1001.7535
1761099307604,1001.7552
1761099307624,1001.7574
1761099307643,1001.7739
1761099307664,1001.77124
1761099307684,1001.77
1761099307704,1001.7597
1761099307724,1001.79254
1761099307744,1001.7566
1761099307764,1001.7747
1761099307785,1001.762
1761099307804,1001.78503
1761099307824,1001.79755
1761099307844,1001.7585
1761099307863,1001.80066
1761099307884,1001.80316
1761099307904,1001.79846
1761099307924,1001.8141
1761099307945,1001.8425
1761099307964,1001.84546
1761099307984,1001.8383
1761099308004,1001.8727
1761099308024,1001.8867
1761099308044,1001.90564
1761099308064,1001.89
1761099308084,1001.8866
1761099308104,1001.90814
1761099308124,1001.9299
1761099308144,1001.8967
1761099308164,1001.9363
1761099308183,1001.9394
1761099308204,1001.9277
1761099308223,1001.93066
1761099308244,1001.9341
1761099308269,1001.9433
1761099308284,1001.9325
1761099308303,1001.9382
1761099308323,1001.9397
1761099308343,1001.9616
1761099308363,1001.9877
1761099308384,1001.9611
1761099308404,1001.98004
1761099308424,1002.0011
1761099308445,1001.97504
1761099308464,1001.97266
1761099308483,1001.96735
1761099308504,1001.95703
1761099308524,1001.955
1761099308544,1001.97864
1761099308564,1001.968
1761099308584,1001.9636
1761099308604,1001.9528
1761099308623,1001.96423
1761099308644,1001.99036
1761099308663,1001.9894
1761099308684,1001.9891
1761099308704,1001.9991
1761099308724,1002.04236
1761099308744,1002.0269
1761099308764,1002.04004
1761099308785,1002.03534
1761099308804,1002.0533
1761099308824,1002.053
1761099308844,1002.04846
1761099308864,1002.0383
1761099308884,1002.0444
1761099308904,1002.09656
1761099308924,1002.066
1761099308945,1002.0674
1761099308965,1002.0611
1761099308984,1002.0717
1761099309004,1002.06067
1761099309024,1002.0125
1761099309044,1001.9891
1761099309066,1001.92505
1761099309084,1001.8794
1761099309104,1001.85864
1761099309123,1001.8884
1761099309144,1001.9261
1761099309163,1001.95593
1761099309184,1001.9963
1761099309204,1002.0178
1761099309224,1002.03564
1761099309244,1002.0614
1761099309264,1002.05035
1761099309283,1002.0647
1761099309304,1002.05927
1761099309323,1002.0742
1761099309343,1002.08954
1761099309364,1002.11255
1761099309384,1002.1288
1761099309404,1002.1213
1761099309424,1002.1024
1761099309444,1002.10016
1761099309463,1002.09143
1761099309484,1002.09863
1761099309504,1002.0794
1761099309524,1002.0703
1761099309545,1002.0745
1761099309564,1002.0577
1761099309584,1002.04956
1761099309604,1002.01
1761099309623,1001.91956
1761099309645,1001.958
1761099309663,1001.9955
1761099309684,1002.0163
1761099309704,1002.04205
1761099309724,1002.03815
1761099309745,1002.0802
1761099309765,1002.12
1761099309784,1002.1288
1761099309806,1002.1321
1761099309825,1002.12427
1761099309843,1002.17004
1761099309863,1002.17395
1761099309883,1002.16785
1761099309904,1002.19
1761099309925,1002.196
1761099309944,1002.1866
1761099309987,1002.1816
1761099310007,1002.1974
1761099310028,1002.21
1761099310047,1002.2155
1761099310067,1002.205
1761099310088,1002.21704
1761099310108,1002.21783
1761099310127,1002.2055
1761099310148,1002.2086
1761099310168,1002.1924
1761099310189,1002.17566
1761099310208,1002.17255
1761099310228,1002.15405
1761099310256,1002.16254
1761099310273,1002.10376
1761099310287,1002.0947
1761099310308,1002.087
1761099310328,1002.0725
1761099310348,1002.0717
1761099310368,1002.03656
1761099310388,1002.11237
1761099310408,1002.1419
1761099310428,1002.15674
1761099310448,1002.17096
1761099310468,1002.1658
1761099310488,1002.1864
1761099310509,1002.1967
1761099310528,1002.16876
1761099310548,1002.22314
1761099310568,1002.2736
1761099310588,1002.27875
1761099310609,1002.2983
1761099310628,1002.28845
1761099310648,1002.27844
1761099310669,1002.2876
1761099310688,1002.2599
1761099310708,1002.2594
1761099310728,1002.27094
1761099310748,1002.30316
1761099310768,1002.34393
1761099310788,1002.3075
1761099310808,1002.3111
1761099310829,1002.2933
1761099310848,1002.29755
1761099310868,1002.3108
1761099310889,1002.3333
1761099310908,1002.2983
1761099310928,1002.3083
1761099310949,1002.3933
1761099310969,1002.6889
1761099310989,1002.9905
1761099311009,1003.2058
1761099311028,1003.16815
1761099311049,1003.05096
1761099311068,1002.963
1761099311089,1002.9563
1761099311109,1002.938
1761099311129,1002.90015
1761099311149,1002.8258
1761099311169,1002.73315
1761099311188,1002.59784
1761099311208,1002.46875
1761099311228,1002.2613
1761099311248,1002.0844
1761099311268,1002.0103
1761099311288,1001.98206
1761099311309,1002.02124
1761099311328,1002.05035
1761099311348,1002.065
1761099311368,1002.0322
1761099311388,1001.98755
1761099311408,1001.98267
1761099311428,1001.98676
1761099311449,1002.02515
1761099311468,1002.1519
1761099311489,1002.0216
1761099311508,1002.0466
1761099311528,1002.0744
1761099311548,1002.1172
1761099311568,1002.1905
1761099311588,1002.3206
1761099311608,1002.468
1761099311629,1002.52124
1761099311649,1002.4636
1761099311670,1002.3824
1761099311688,1002.28253
1761099311708,1002.3991
1761099311728,1002.585
1761099311748,1002.8167
1761099311769,1003.2067
1761099311790,1003.6547
1761099311808,1004.2086
1761099311829,1004.41425
1761099311848,1004.4222
1761099311868,1004.0669
1761099311888,1003.6928
1761099311908,1003.4158
1761099311928,1003.1953
1761099311948,1002.89954
1761099311969,1002.5483
1761099311989,1002.2622
1761099312008,1001.96094
1761099312028,1001.78284
1761099312048,1001.73016
1761099312068,1001.66815
1761099312088,1001.6375
1761099312108,1001.7061
1761099312129,1001.99506
1761099312149,1002.45483
1761099312168,1002.4371
1761099312189,1002.4911
1761099312208,1002.4866
1761099312228,1002.3997
1761099312248,1002.202
1761099312270,1002.22266
1761099312288,1002.4438
1761099312308,1002.2805
1761099312329,1002.12067
1761099312348,1002.1305
1761099312367,1002.11646
1761099312388,1002.1069
1761099312408,1002.1811
1761099312428,1001.97424
1761099312448,1001.78625
1761099312468,1001.6777
1761099312488,1001.67126
1761099312508,1001.6277
1761099312528,1001.60516
1761099312547,1001.60645
1761099312567,1001.585
1761099312588,1001.60406
1761099312609,1001.6322
1761099312630,1001.64124
1761099312649,1001.66113
1761099312668,1001.7005
1761099312688,1001.7427
1761099312708,1001.8316
1761099312728,1001.98364
1761099312748,1002.1097
1761099312768,1002.2358
1761099312789,1002.5025
1761099312809,1002.5919
1761099312829,1002.61456
1761099312848,1002.68427
1761099312868,1002.6503
1761099312888,1002.6236
1761099312908,1002.54877
1761099312928,1002.40454
1761099312948,1002.35767
1761099312968,1002.41016
1761099312989,1002.3874
1761099313008,1002.1833
1761099313029,1001.9841
1761099313048,1001.827
1761099313069,1001.748
1761099313088,1001.6389
1761099313108,1001.5925
1761099313128,1001.65454
1761099313149,1001.65625
1761099313169,1001.7039
1761099313188,1001.7589
1761099313209,1002.0266
1761099313228,1002.0003
1761099313249,1001.92566
1761099313269,1002.0219
1761099313289,1002.3338
1761099313309,1002.6508
1761099313330,1003.10626
1761099313348,1003.34375
1761099313368,1003.3808
1761099313388,1003.4086
1761099313408,1003.218
1761099313429,1002.86426
1761099313449,1002.59814
1761099313469,1002.42255
1761099313488,1002.16455
1761099313509,1002.018
1761099313528,1002.15906
1761099313548,1002.15015
1761099313568,1002.2116
1761099313589,1002.23047
1761099313609,1001.96814
1761099313629,1001.7507
1761099313649,1001.73206
1761099313669,1001.6453
1761099313688,1001.6211
1761099313708,1001.5586
1761099313728,1001.518
1761099313748,1001.52515
1761099313769,1001.5388
1761099313789,1001.51984
1761099313809,1001.5233
1761099313828,1001.54517
1761099313848,1001.5671
1761099313868,1001.6058
1761099313888,1001.628
1761099313909,1001.6864
1761099313929,1001.7744
1761099313949,1001.86597
1761099313969,1001.875
1761099313988,1001.9538
1761099314008,1002.123
1761099314028,1002.23926
1761099314049,1002.322
1761099314068,1002.4539
1761099314089,1002.5041
1761099314109,1002.46204
1761099314129,1002.41974
1761099314148,1002.34174
1761099314168,1002.22687
1761099314188,1002.2505
1761099314209,1002.34454
1761099314229,1002.3608
1761099314249,1002.17145
1761099314268,1001.9552
1761099314288,1001.7583
1761099314308,1001.6741
1761099314327,1001.5852
1761099314348,1001.5605
1761099314368,1001.5814
1761099314388,1001.6249
1761099314408,1001.6442
1761099314428,1001.67017
1761099314448,1001.79736
1761099314469,1001.84515
1761099314488,1001.80066
1761099314509,1001.8142
1761099314528,1001.90015
1761099314548,1002.1353
1761099314568,1002.4311
1761099314588,1002.6555
1761099314608,1002.9086
1761099314629,1003.04004
1761099314648,1003.1411
1761099314668,1003.1555
1761099314689,1003.0186
1761099314708,1002.90735
1761099314729,1002.71735
1761099314748,1002.67004
1761099314769,1002.6418
1761099314789,1002.4402
1761099314808,1002.3044
1761099314828,1002.34033
1761099314848,1002.22064
1761099314868,1002.2094
1761099314888,1002.2566
1761099314909,1001.9966
1761099314928,1001.8394
1761099314949,1001.6925
1761099314968,1001.6286
1761099314988,1001.55096
1761099315008,1001.4686
1761099315029,1001.4363
1761099315048,1001.4592
1761099315068,1001.46674
1761099315088,1001.47253
1761099315109,1001.46454
1761099315129,1001.501
1761099315148,1001.53
1761099315168,1001.5283
1761099315188,1001.5822
1761099315208,1001.6864
1761099315229,1001.8319
1761099315249,1001.84656
1761099315269,1001.8942
1761099315289,1002.1392
1761099315310,1002.34
1761099315328,1002.3908
1761099315348,1002.52515
1761099315368,1002.5795
1761099315388,1002.61786
1761099315409,1002.5816
1761099315429,1002.46094
1761099315449,1002.29315
1761099315469,1002.2083
1761099315489,1002.28015
1761099315508,1002.3884
1761099315528,1002.3855
1761099315548,1002.08954
1761099315568,1001.85065
1761099315589,1001.7014
1761099315609,1001.5725
1761099315628,1001.4961
1761099315648,1001.48486
1761099315669,1001.5125
1761099315688,1001.58203
1761099315708,1001.5716
1761099315728,1001.6177
1761099315749,1001.67255
1761099315769,1001.77985
1761099315789,1001.76
1761099315808,1001.75
1761099315828,1001.72003
1761099315849,1001.7958
1761099315868,1001.9424
1761099315888,1002.42737
1761099315908,1002.70984
1761099315929,1002.8788
1761099315949,1003.0847
1761099315968,1003.16815
1761099315988,1003.22614
1761099316009,1003.1744
1761099316029,1002.99927
1761099316048,1002.73486
1761099316068,1002.4389
1761099316089,1002.2034
1761099316109,1002.0091
1761099316128,1001.83765
1761099316149,1001.89233
1761099316168,1001.99316
1761099316189,1002.2455
1761099316209,1002.1175
1761099316229,1001.77954
1761099316248,1001.7061
1761099316269,1001.65393
1761099316288,1001.6214
1761099316308,1001.5519
1761099316328,1001.4505
1761099316348,1001.4472
1761099316368,1001.42255
1761099316388,1001.4205
1761099316409,1001.41956
1761099316429,1001.4313
1761099316449,1001.47485
1761099316469,1001.4733
1761099316488,1001.5081
1761099316508,1001.5136
1761099316528,1001.5611
1761099316548,1001.5808
1761099316569,1001.59674
1761099316589,1001.708
1761099316609,1001.742
1761099316628,1001.7197
1761099316648,1001.7678
1761099316668,1001.838
1761099316688,1001.83704
1761099316709,1001.8088
1761099316728,1001.8049
1761099316749,1001.77954
1761099316769,1001.8263
1761099316788,1001.8792
1761099316808,1002.0013
1761099316828,1002.1252
1761099316848,1002.2014
1761099316869,1002.2753
1761099316889,1002.42065
1761099316909,1002.3903
1761099316929,1002.1375
1761099316948,1001.9008
1761099316968,1001.80176
1761099316988,1001.7441
1761099317008,1001.6961
1761099317028,1001.67255
1761099317048,1001.6878
1761099317068,1001.73956
1761099317089,1001.7013
1761099317109,1001.7248
1761099317128,1001.8808
1761099317148,1002.0128
1761099317168,1002.1239
1761099317188,1002.15656
1761099317208,1002.1931
1761099317229,1002.20886
1761099317249,1002.29956
1761099317269,1002.2536
1761099317289,1002.09125
1761099317308,1001.91473
1761099317328,1001.73376
1761099317348,1001.6177
1761099317369,1001.5697
1761099317388,1001.5769
1761099317408,1001.59235
1761099317429,1001.6442
1761099317448,1001.6969
1761099317468,1001.8372
1761099317488,1001.8906
1761099317508,1002.34985
1761099317528,1001.9382
1761099317548,1001.84515
1761099317569,1001.8314
1761099317590,1001.81116
1761099317608,1001.6847
1761099317629,1001.6569
1761099317649,1001.67957
1761099317668,1001.65765
1761099317688,1001.6409
1761099317708,1001.6483
1761099317728,1001.66595
1761099317749,1001.68066
1761099317768,1001.7061
1761099317788,1001.7125
1761099317809,1001.7427
1761099317828,1001.7391
1761099317848,1001.78534
1761099317869,1001.79565
1761099317888,1001.8611
1761099317909,1001.8775
1761099317929,1001.9456
1761099317948,1002.0774
1761099317968,1002.178
1761099317988,1002.202
1761099318008,1002.28564
1761099318028,1002.3805
1761099318048,1002.4286
1761099318069,1002.4539
1761099318089,1002.4534
1761099318108,1002.5131
1761099318129,1002.5139
1761099318148,1002.5053
1761099318168,1002.4655
1761099318188,1002.4208
1761099318208,1002.3157
1761099318229,1002.16644
1761099318249,1001.98486
1761099318268,1001.90894
1761099318288,1001.798
1761099318308,1001.7571
1761099318328,1001.77905
1761099318348,1001.78656
1761099318369,1001.74817
1761099318389,1001.8208
1761099318409,1002.0561
1761099318428,1002.1938
1761099318448,1002.3121
1761099318468,1002.54266
1761099318488,1002.85876
1761099318508,1003.2322
1761099318528,1003.5841
1761099318548,1003.6339
1761099318569,1003.376
1761099318589,1002.9578
1761099318608,1002.762
1761099318628,1002.821
1761099318648,1002.763
1761099318668,1002.6442
1761099318689,1002.458
1761099318710,1002.3684
1761099318729,1002.387
1761099318749,1002.15796
1761099318768,1001.8066
1761099318788,1001.5086
1761099318808,1001.501
1761099318828,1001.5697
1761099318848,1001.7005
1761099318868,1001.61847
1761099318889,1001.47754
1761099318909,1001.4475
1761099318929,1001.4382
1761099318948,1001.36285
1761099318969,1001.3757
1761099318989,1001.3925
1761099319008,1001.39984
1761099319029,1001.41473
1761099319048,1001.4719
1761099319069,1001.5044
1761099319088,1001.55347
1761099319108,1001.6136
1761099319128,1001.8077
1761099319148,1001.7517
1761099319168,1001.85614
1761099319188,1001.90765
1761099319209,1002.136
1761099319229,1002.4419
1761099319249,1002.55005
1761099319268,1002.6569
1761099319288,1002.6814
1761099319308,1002.6519
1761099319328,1002.5736
1761099319348,1002.448
1761099319369,1002.3083
1761099319388,1002.30707
1761099319409,1002.45734
1761099319429,1002.54706
1761099319449,1002.4133
1761099319468,1002.0714
1761099319488,1001.7571
1761099319509,1001.54987
1761099319528,1001.46094
1761099319549,1001.4219
1761099319569,1001.4219
1761099319588,1001.4336
1761099319609,1001.39734
1761099319628,1001.4219
1761099319648,1001.4619
1761099319668,1001.517
1761099319689,1001.62177
1761099319709,1001.6282
1761099319729,1001.7666
1761099319748,1002.1239
1761099319768,1002.3239
1761099319788,1002.6658
1761099319808,1002.9491
1761099319828,1003.0261
1761099319849,1002.85516
1761099319869,1002.678
1761099319889,1002.3788
1761099319909,1002.1119
1761099319928,1001.8864
1761099319949,1002.0203
1761099319969,1002.1395
1761099319989,1001.9586
1761099320008,1001.90796
1761099320029,1001.71625
1761099320049,1001.8094
1761099320069,1001.98987
1761099320089,1001.8608
1761099320108,1001.6266
1761099320128,1001.47284
1761099320148,1001.4414
1761099320169,1001.3964
1761099320189,1001.4258
1761099320209,1001.3688
1761099320229,1001.3817
1761099320248,1001.4016
1761099320268,1001.41205
1761099320288,1001.4644
1761099320309,1001.48157
1761099320328,1001.5114
1761099320348,1001.5758
1761099320369,1001.685
1761099320389,1001.8264
1761099320408,1001.9299
1761099320428,1002.08624
1761099320448,1002.3183
1761099320468,1002.5608
1761099320488,1002.7619
1761099320508,1002.95593
1761099320529,1003.04675
1761099320549,1003.0736
1761099320568,1002.98096
1761099320588,1002.7436
1761099320608,1002.40906
1761099320628,1002.29205
1761099320648,1002.47754
1761099320668,1002.5894
1761099320689,1002.4027
1761099320709,1002.0864
1761099320730,1001.77905
1761099320748,1001.5911
1761099320768,1001.4314
1761099320788,1001.35645
1761099320808,1001.28937
1761099320828,1001.30707
1761099320849,1001.3658
1761099320869,1001.3775
1761099320889,1001.41895
1761099320908,1001.5192
1761099320928,1001.55676
1761099320948,1001.5131
1761099320968,1001.5472
1761099320988,1001.6241
1761099321008,1001.83875
1761099321029,1002.1864
1761099321049,1002.5024
1761099321068,1002.7753
1761099321088,1002.9608
1761099321108,1003.0102
1761099321128,1003.0841
1761099321148,1003.0628
1761099321169,1002.92035
1761099321190,1002.6834
1761099321209,1002.47156
1761099321228,1002.17847
1761099321249,1001.8322
1761099321268,1001.68097
1761099321288,1001.84705
1761099321308,1001.7053
1761099321328,1001.8727
1761099321349,1001.93176
1761099321369,1001.5936
1761099321388,1001.4916
1761099321408,1001.3919
1761099321428,1001.36487
1761099321449,1001.2958
1761099321468,1001.29297
1761099321488,1001.30286
1761099321509,1001.28064
1761099321529,1001.26733
1761099321549,1001.285
1761099321568,1001.3083
1761099321589,1001.3358
1761099321609,1001.35815
1761099321628,1001.40393
1761099321649,1001.46124
1761099321669,1001.54755
1761099321689,1001.73645
1761099321709,1001.85175
1761099321728,1001.9641
1761099321748,1002.23596
1761099321768,1002.4463
1761099321788,1002.60364
1761099321808,1002.73846
1761099321828,1002.73737
1761099321849,1002.6997
1761099321869,1002.6147
1761099321888,1002.71124
1761099321908,1002.8425
1761099321928,1002.5167
1761099321948,1002.1995
1761099321968,1001.9291
1761099321988,1001.7038
1761099322008,1001.525
1761099322028,1001.4033
1761099322049,1001.3353
1761099322068,1001.28314
1761099322088,1001.28937
1761099322108,1001.35254
1761099322128,1001.35626
1761099322148,1001.3928
1761099322168,1001.5061
1761099322190,1001.58984
1761099322209,1001.5627
1761099322228,1001.6239
1761099322248,1001.7656
1761099322268,1002.05096
1761099322288,1002.5264
1761099322308,1002.77625
1761099322329,1002.92737
1761099322349,1003.04895
1761099322369,1003.08954
1761099322389,1002.9069
1761099322408,1002.4819
1761099322429,1002.1105
1761099322448,1001.8828
1761099322468,1001.6705
1761099322488,1001.7494
1761099322509,1001.9977
1761099322529,1001.85876
1761099322548,1001.98047
1761099322568,1001.84094
1761099322588,1001.65594
1761099322608,1001.5544
1761099322628,1001.5007
1761099322648,1001.4503
1761099322669,1001.34656
1761099322689,1001.27234
1761099322709,1001.2594
1761099322728,1001.24536
1761099322748,1001.2577
1761099322768,1001.2422
1761099322788,1001.2608
1761099322809,1001.28204
1761099322829,1001.29736
1761099322849,1001.3169
1761099322869,1001.36395
1761099322888,1001.4003
1761099322908,1001.4891
1761099322928,1001.5919
1761099322948,1001.6852
1761099322968,1001.74347
1761099322989,1001.97253
1761099323009,1002.1339
1761099323029,1002.2689
1761099323048,1002.3881
1761099323069,1002.3861
1761099323088,1002.29785
1761099323109,1002.1897
1761099323128,1002.0696
1761099323149,1002.198
1761099323169,1002.28815
1761099323189,1002.1716
1761099323208,1001.9616
1761099323228,1001.7919
1761099323249,1001.6708
1761099323268,1001.5661
1761099323288,1001.48096
1761099323308,1001.4086
1761099323329,1001.37427
1761099323349,1001.3227
1761099323369,1001.35345
1761099323388,1001.36066
1761099323408,1001.3636
1761099323429,1001.3558
1761099323448,1001.4055
1761099323468,1001.4525
1761099323489,1001.53033
1761099323508,1001.5822
1761099323529,1001.59424
1761099323548,1001.637
1761099323568,1001.67786
1761099323588,1001.762
1761099323608,1001.8302
1761099323628,1001.79596
1761099323648,1001.79706
1761099323669,1001.8597
1761099323689,1001.8942
1761099323708,1001.83734
1761099323728,1001.7408
1761099323748,1001.6425
1761099323768,1001.5947
1761099323788,1001.5155
1761099323808,1001.5147
1761099323829,1001.5358
1761099323849,1001.5502
1761099323868,1001.53894
1761099323888,1001.5577
1761099323908,1001.5647
1761099323928,1001.59845
1761099323948,1001.5864
1761099323968,1001.5511
1761099323989,1001.5269
1761099324009,1001.54486
1761099324028,1001.548
1761099324048,1001.5538
1761099324069,1001.573
1761099324088,1001.5594
1761099324108,1001.53375
1761099324128,1001.5511
1761099324149,1001.5568
1761099324169,1001.5646
1761099324189,1001.53534
1761099324208,1001.5433
1761099324228,1001.54376
1761099324248,1001.52344
1761099324269,1001.54926
1761099324289,1001.5767
1761099324308,1001.60284
1761099324328,1001.6633
1761099324348,1001.7024
1761099324368,1001.73206
1761099324389,1001.72095
1761099324409,1001.6978
1761099324428,1001.7517
1761099324449,1001.80536
1761099324468,1001.8186
1761099324489,1001.8674
1761099324509,1001.8845
1761099324528,1001.878
1761099324548,1001.91644
1761099324568,1002.0083
1761099324588,1002.09143
1761099324608,1002.08594
1761099324628,1002.1467
1761099324649,1002.18994
1761099324669,1002.1755
1761099324688,1002.11786
1761099324708,1002.0797
1761099324728,1002.0502
1761099324748,1002.0652
1761099324768,1001.96313
1761099324788,1001.873
1761099324808,1001.8216
1761099324829,1001.71906
1761099324849,1001.6377
1761099324868,1001.60266
1761099324889,1001.6533
1761099324908,1001.7944
1761099324929,1001.8705
1761099324948,1001.8211
1761099324968,1001.84875
1761099324988,1001.8202
1761099325009,1001.90173
1761099325028,1001.946
1761099325048,1001.9964
1761099325069,1002.08875
1761099325088,1002.1294
1761099325108,1002.15393
1761099325128,1002.0586
1761099325149,1001.80786
1761099325169,1001.6316
1761099325188,1001.5178
1761099325208,1001.46985
1761099325228,1001.4961
1761099325248,1001.4916
1761099325268,1001.52563
1761099325288,1001.6285
1761099325308,1001.7503
1761099325329,1002.5922
1761099325348,1002.0508
1761099325368,1001.7044
1761099325388,1001.6416
1761099325408,1001.705
1761099325428,1001.748
1761099325448,1001.67114
1761099325468,1001.66437
1761099325489,1001.65765
1761099325509,1001.6191
1761099325528,1001.561
1761099325548,1001.5283
1761099325568,1001.5564
1761099325588,1001.5525
1761099325608,1001.5688
1761099325629,1001.5716
1761099325649,1001.59314
1761099325669,1001.5944
1761099325689,1001.6199
1761099325708,1001.6091
1761099325728,1001.6486
1761099325748,1001.6303
1761099325768,1001.6136
1761099325789,1001.6316
1761099325809,1001.6333
1761099325829,1001.66925
1761099325848,1001.7108
1761099325868,1001.7574
1761099325888,1001.7652
1761099325910,1001.751
1761099325929,1001.80035
1761099325948,1001.79926
1761099325969,1001.8271
1761099325989,1001.8325
1761099326008,1001.86017
1761099326028,1001.8619
1761099326048,1001.78986
1761099326068,1001.703
1761099326088,1001.6491
1761099326108,1001.67145
1761099326129,1001.7183
1761099326149,1001.84674
1761099326169,1001.96704
1761099326188,1001.91724
1761099326208,1001.9261
1761099326229,1001.8711
1761099326248,1001.9658
1761099326268,1002.23627
1761099326288,1002.5611
1761099326309,1002.85034
1761099326329,1003.2461
1761099326348,1003.5767
1761099326369,1003.67487
1761099326388,1003.3821
1761099326408,1002.8089
1761099326429,1002.34595
1761099326448,1002.0689
1761099326469,1001.85706
1761099326489,1001.9585
1761099326508,1001.8383
1761099326528,1002.03235
1761099326548,1001.9533
1761099326568,1001.6286
1761099326588,1001.54675
1761099326609,1001.51
1761099326628,1001.46124
1761099326649,1001.4033
1761099326668,1001.40875
1761099326688,1001.4277
1761099326708,1001.41534
1761099326728,1001.41376
1761099326748,1001.4358
1761099326768,1001.4427
1761099326789,1001.47095
1761099326808,1001.4988
1761099326829,1001.5469
1761099326848,1001.613
1761099326868,1001.73816
1761099326888,1001.84796
1761099326908,1001.9655
1761099326928,1002.29846
1761099326948,1002.6194
1761099326969,1002.8647
1761099326989,1003.03986
1761099327009,1003.09674
1761099327028,1003.1369
1761099327049,1003.05817
1761099327068,1002.7625
1761099327088,1002.5105
1761099327108,1002.65594
1761099327129,1002.78656
1761099327149,1002.5116
1761099327169,1002.09955
1761099327188,1001.73486
1761099327208,1001.52515
1761099327228,1001.375
1761099327249,1001.29675
1761099327269,1001.2705
1761099327288,1001.2688
1761099327309,1001.2736
1761099327328,1001.29614
1761099327348,1001.35236
1761099327368,1001.385
1761099327388,1001.4994
1761099327408,1001.5069
1761099327428,1001.55927
1761099327449,1001.6514
1761099327469,1001.85266
1761099327488,1002.33234
1761099327508,1002.60095
1761099327529,1002.7847
1761099327548,1002.9305
1761099327568,1002.8772
1761099327589,1002.628
1761099327609,1002.3395
1761099327629,1002.0156
1761099327649,1001.7844
1761099327669,1001.5784
1761099327688,1001.61346
1761099327709,1001.72235
1761099327728,1001.61707
1761099327748,1001.7125
1761099327769,1001.5183
1761099327789,1001.3772
1761099327811,1001.33594
1761099327828,1001.3019
1761099327849,1001.28094
1761099327868,1001.2555
1761099327888,1001.2586
1761099327909,1001.2663
1761099327928,1001.2647
1761099327949,1001.2628
1761099327969,1001.2853
1761099327988,1001.28546
1761099328010,1001.33594
1761099328029,1001.3458
1761099328048,1001.3838
1761099328068,1001.42676
1761099328089,1001.4941
1761099328109,1001.6238
1761099328129,1001.6608
1761099328148,1001.762
1761099328168,1001.9363
1761099328188,1002.1299
1761099328208,1002.2966
1761099328228,1002.4313
1761099328248,1002.46564
1761099328268,1002.4711
1761099328289,1002.3736
1761099328309,1002.16907
1761099328328,1002.1191
1761099328348,1002.2494
1761099328368,1002.197
1761099328388,1002.09283
1761099328408,1001.84845
1761099328429,1001.65125
1761099328449,1001.5163
1761099328469,1001.39923
1761099328488,1001.3313
1761099328508,1001.29614
1761099328528,1001.2561
1761099328549,1001.28314
1761099328568,1001.29565
1761099328589,1001.3125
1761099328608,1001.35736
1761099328629,1001.52673
1761099328648,1001.5638
1761099328669,1001.558
1761099328689,1001.5685
1761099328708,1001.6947
1761099328728,1001.96344
1761099328748,1002.5078
1761099328769,1002.79315
1761099328789,1002.91797
1761099328808,1002.97906
1761099328828,1002.8819
1761099328848,1002.5858
1761099328868,1002.28253
1761099328888,1001.98785
1761099328909,1001.6889
1761099328929,1001.71924
1761099328949,1001.8295
1761099328969,1001.6289
1761099328989,1001.6291
1761099329008,1001.48785
1761099329028,1001.35504
1761099329049,1001.35767
1761099329068,1001.3164
1761099329089,1001.29626
1761099329109,1001.2667
1761099329129,1001.238
1761099329148,1001.2542
1761099329168,1001.2599
1761099329189,1001.2496
1761099329208,1001.2641
1761099329228,1001.2691
1761099329249,1001.2755
1761099329270,1001.30005
1761099329289,1001.3113
1761099329308,1001.34906
1761099329328,1001.39343
1761099329349,1001.4244
1761099329368,1001.54065
1761099329388,1001.615
1761099329409,1001.6272
1761099329429,1001.7622
1761099329450,1002.0447
1761099329469,1002.2703
1761099329488,1002.5066
1761099329508,1002.7541
1761099329528,1002.9297
1761099329548,1002.9316
1761099329568,1002.81067
1761099329590,1002.5948
1761099329609,1002.3247
1761099329629,1002.28094
1761099329649,1002.6597
1761099329668,1002.8144
1761099329688,1002.6141
1761099329708,1002.1399
1761099329728,1001.74036
1761099329749,1001.5078
1761099329769,1001.3655
1761099329789,1001.2532
1761099329808,1001.21
1761099329829,1001.1397
1761099329848,1001.1433
1761099329868,1001.193
1761099329889,1001.1994
1761099329909,1001.2405
1761099329928,1001.3136
1761099329949,1001.3647
1761099329969,1001.3791
1761099329988,1001.40234
1761099330008,1001.49097
1761099330030,1001.60394
1761099330048,1001.9453
1761099330068,1002.3391
1761099330089,1002.5761
1761099330109,1002.79004
1761099330129,1002.8259
1761099330148,1002.7477
1761099330169,1002.5577
1761099330189,1002.35657
1761099330209,1002.09015
1761099330228,1001.816
1761099330249,1001.4636
1761099330269,1001.5167
1761099330288,1001.6227
1761099330308,1001.435
1761099330328,1001.5072
1761099330348,1001.40063
1761099330370,1001.2633
1761099330389,1001.21564
1761099330409,1001.1896
1761099330429,1001.1858
1761099330449,1001.1456
1761099330468,1001.1719
1761099330489,1001.1763
1761099330508,1001.16614
1761099330528,1001.17346
1761099330549,1001.1931
1761099330568,1001.1977
1761099330589,1001.22705
1761099330609,1001.2513
1761099330628,1001.2567
1761099330648,1001.3239
1761099330668,1001.3472
1761099330688,1001.4949
1761099330709,1001.53253
1761099330728,1001.53766
1761099330749,1001.66345
1761099330769,1001.89233
1761099330788,1002.11316
1761099330808,1002.2522
1761099330828,1002.3752
1761099330848,1002.41925
1761099330868,1002.3955
1761099330888,1002.2525
1761099330909,1002.0472
1761099330929,1002.07355
1761099330948,1002.27814
1761099330968,1002.3397
1761099330988,1002.2655
1761099331008,1001.91003
1761099331028,1001.6519
1761099331049,1001.52374
1761099331070,1001.40625
1761099331089,1001.33844
1761099331109,1001.2649
1761099331128,1001.22314
1761099331148,1001.16504
1761099331168,1001.1938
1761099331188,1001.21423
1761099331208,1001.23206
1761099331228,1001.2739
1761099331249,1001.3085
1761099331269,1001.4694
1761099331288,1001.4636
1761099331308,1001.5163
1761099331329,1001.5933
1761099331348,1001.7567
1761099331368,1002.12036
1761099331389,1002.48145
1761099331409,1002.6981
1761099331429,1002.8661
1761099331448,1002.7027
1761099331468,1002.66547
1761099331489,1002.5469
1761099331509,1002.35156
1761099331528,1002.10876
1761099331548,1001.8422
1761099331569,1001.59454
1761099331589,1001.6138
1761099331608,1001.8244
1761099331628,1001.7424
1761099331648,1001.9431
1761099331669,1001.8322
1761099331688,1001.636
1761099331709,1001.59174
1761099331728,1001.5752
1761099331749,1001.5638
1761099331769,1001.40125
1761099331789,1001.30096
1761099331809,1001.2103
1761099331828,1001.1586
1761099331848,1001.1144
1761099331869,1001.0886
1761099331888,1001.078
1761099331908,1001.11206
1761099331928,1001.1205
1761099331948,1001.1389
1761099331968,1001.1442
1761099331988,1001.17786
1761099332008,1001.1888
1761099332028,1001.21625
1761099332048,1001.21893
1761099332069,1001.2175
1761099332089,1001.2656
1761099332108,1001.29407
1761099332128,1001.3238
1761099332148,1001.34283
1761099332168,1001.3366
1761099332188,1001.3355
1761099332208,1001.35706
1761099332229,1001.3964
1761099332249,1001.4511
1761099332268,1001.42175
1761099332289,1001.4639
1761099332308,1001.5128
1761099332328,1001.5794
1761099332348,1001.65814
1761099332368,1001.73065
1761099332389,1001.8132
1761099332409,1001.79285
1761099332429,1001.78345
1761099332448,1001.7067
1761099332469,1001.59796
1761099332488,1001.5019
1761099332509,1001.4522
1761099332529,1001.4216
1761099332549,1001.4272
1761099332569,1001.3858
1761099332589,1001.3928
1761099332608,1001.4422
1761099332629,1001.4499
1761099332648,1001.4575
1761099332668,1001.48535
1761099332688,1001.53314
1761099332708,1001.5922
1761099332729,1001.65094
1761099332749,1001.71765
1761099332769,1001.77765
1761099332788,1001.821
1761099332808,1001.83704
1761099332829,1001.8663
1761099332848,1001.84875
1761099332868,1001.7489
1761099332888,1001.6147
1761099332909,1001.5017
1761099332928,1001.41754
1761099332949,1001.3819
1761099332968,1001.35767
1761099332988,1001.34393
1761099333008,1001.3605
1761099333030,1001.41345
1761099333049,1001.5305
1761099333069,1001.66046
1761099333089,1001.9481
1761099333108,1001.7319
1761099333128,1001.5169
1761099333148,1001.4561
1761099333168,1001.4625
1761099333188,1001.5206
1761099333208,1001.5688
1761099333229,1001.48047
1761099333249,1001.4639
1761099333268,1001.4435
1761099333289,1001.3942
1761099333308,1001.3852
1761099333328,1001.39984
1761099333349,1001.3827
1761099333369,1001.3952
1761099333388,1001.3952
1761099333409,1001.405
1761099333428,1001.4222
1761099333449,1001.4639
1761099333469,1001.4519
1761099333488,1001.47986
1761099333508,1001.48047
1761099333529,1001.4938
1761099333549,1001.4964
1761099333569,1001.5136
1761099333588,1001.5038
1761099333608,1001.55035
1761099333628,1001.5878
1761099333648,1001.65845
1761099333668,1001.67566
1761099333689,1001.6911
1761099333709,1001.7697
1761099333729,1001.79315
1761099333748,1001.79614
1761099333769,1001.83203
1761099333788,1001.8231
1761099333808,1001.8121
1761099333828,1001.7524
1761099333848,1001.71674
1761099333868,1001.6972
1761099333889,1001.583
1761099333909,1001.5078
1761099333929,1001.49567
1761099333948,1001.48846
1761099333968,1001.5649
1761099333988,1001.78253
1761099334009,1001.78973
1761099334028,1001.7969
1761099334049,1001.78625
1761099334069,1001.79517
1761099334089,1001.8264
1761099334108,1001.8408
1761099334128,1001.93097
1761099334148,1002.018
1761099334169,1002.01843
1761099334188,1002.04956
1761099334209,1001.9311
1761099334229,1001.72784
1761099334248,1001.55206
1761099334268,1001.4427
1761099334288,1001.40985
1761099334308,1001.4531
1761099334328,1001.4358
1761099334348,1001.4302
1761099334368,1001.447
1761099334389,1001.4508
1761099334409,1001.4555
1761099334428,1001.6814
1761099334448,1001.6188
1761099334468,1001.4413
1761099334488,1001.40674
1761099334508,1001.4219
1761099334530,1001.4341
1761099334549,1001.4544
1761099334569,1001.4949
1761099334588,1001.4994
1761099334608,1001.4927
1761099334628,1001.5322
1761099334648,1001.6525
1761099334668,1001.77094
1761099334688,1001.9044
1761099334709,1002.15894
1761099334729,1002.4639
1761099334748,1002.7581
1761099334768,1002.99457
1761099334789,1003.1211
1761099334808,1003.15424
1761099334828,1003.10846
1761099334849,1002.91785
1761099334869,1002.68286
1761099334889,1002.5569
1761099334908,1002.6997
1761099334928,1002.6275
1761099334949,1002.40015
1761099334968,1001.9578
1761099334989,1001.55536
1761099335008,1001.3191
1761099335029,1001.2586
1761099335049,1001.2258
1761099335068,1001.1911
1761099335088,1001.2556
1761099335108,1001.2706
1761099335128,1001.3347
1761099335148,1001.33234
1761099335168,1001.3369
1761099335189,1001.3192
1761099335209,1001.3816
1761099335229,1001.54535
1761099335248,1001.73676
1761099335268,1002.03424
1761099335288,1002.5836
1761099335308,1002.92267
1761099335328,1003.17065
1761099335348,1003.1892
1761099335369,1003.03986
1761099335389,1002.6911
1761099335408,1002.3041
1761099335429,1001.97125
1761099335449,1001.6985
1761099335468,1001.4877
1761099335489,1001.72894
1761099335509,1001.78546
1761099335529,1001.767
1761099335549,1001.65265
1761099335568,1001.42737
1761099335588,1001.23126
1761099335608,1001.22156
1761099335628,1001.1766
1761099335648,1001.126
1761099335668,1001.05145
1761099335689,1001.0564
1761099335709,1001.0564
1761099335728,1001.0691
1761099335748,1001.0561
1761099335768,1001.05927
1761099335788,1001.1144
1761099335808,1001.1303
1761099335828,1001.1311
1761099335849,1001.1853
1761099335869,1001.22766
1761099335889,1001.39484
1761099335908,1001.4453
1761099335928,1001.4985
1761099335948,1001.638
1761099335968,1001.86316
1761099335989,1002.03406
1761099336009,1002.1275
1761099336029,1002.24347
1761099336049,1002.21063
1761099336068,1002.11957
1761099336089,1001.9447
1761099336108,1001.84644
1761099336128,1001.9294
1761099336148,1001.9558
1761099336169,1001.8211
1761099336189,1001.5253
1761099336209,1001.35376
1761099336228,1001.2719
1761099336248,1001.1705
1761099336268,1001.1191
1761099336288,1001.10565
1761099336308,1001.12
1761099336329,1001.11707
1761099336349,1001.1288
1761099336369,1001.2019
1761099336388,1001.29517
1761099336408,1001.393
1761099336428,1001.3822
1761099336448,1001.42487
1761099336468,1001.4883
1761099336489,1001.73395
1761099336509,1002.28986
1761099336529,1002.6097
1761099336549,1002.8022
1761099336568,1002.8663
1761099336588,1002.8189
1761099336608,1002.66254
1761099336629,1002.3867
1761099336648,1002.0336
1761099336668,1001.76843
1761099336689,1001.4439
1761099336709,1001.6882
1761099336728,1001.5847
1761099336749,1001.5605
1761099336768,1001.58234
1761099336788,1001.3652
1761099336808,1001.2025
1761099336828,1001.2033
1761099336849,1001.10376
1761099336869,1001.0724
1761099336889,1001.0205
1761099336909,1001.04364
1761099336928,1001.0616
1761099336948,1001.0731
1761099336969,1001.0706
1761099336989,1001.0822
1761099337009,1001.1044
1761099337029,1001.1194
1761099337049,1001.1345
1761099337069,1001.1896
1761099337088,1001.2471
1761099337108,1001.4378
1761099337128,1001.46454
1761099337149,1001.47687
1761099337169,1001.6177
1761099337189,1001.8405
1761099337209,1001.98157
1761099337228,1002.0872
1761099337248,1002.16223
1761099337268,1002.11487
1761099337289,1002.0486
1761099337308,1001.92206
1761099337329,1002.0755
1761099337349,1002.14844
1761099337369,1002.0733
1761099337388,1001.7944
1761099337408,1001.5228
1761099337428,1001.3597
1761099337449,1001.2555
1761099337469,1001.17035
1761099337488,1001.1172
1761099337509,1001.08875
1761099337529,1001.0613
1761099337549,1001.1191
1761099337568,1001.1439
1761099337589,1001.2091
1761099337608,1001.3072
1761099337629,1001.34985
1761099337649,1001.35535
1761099337668,1001.3688
1761099337689,1001.41516
1761099337708,1001.59546
1761099337728,1002.27905
1761099337748,1002.517
1761099337768,1002.7377
1761099337788,1002.8306
1761099337808,1002.8444
1761099337829,1002.7425
1761099337849,1002.5547
1761099337868,1002.28174
1761099337888,1001.9408
1761099337908,1001.41174
1761099337929,1001.59796
1761099337948,1001.6319
1761099337968,1001.52893
1761099337989,1001.4745
1761099338009,1001.4244
1761099338029,1001.21344
1761099338048,1001.17206
1761099338068,1001.05286
1761099338088,1001.04114
1761099338108,1001.0258
1761099338129,1001.0511
1761099338149,1001.0586
1761099338169,1001.0305
1761099338189,1001.0627
1761099338208,1001.0447
1761099338228,1001.0549
1761099338248,1001.06
1761099338269,1001.10767
1761099338288,1001.10706
1761099338308,1001.1533
1761099338328,1001.24036
1761099338349,1001.3039
1761099338369,1001.42346
1761099338388,1001.5264
1761099338408,1001.6938
1761099338428,1002.0016
1761099338448,1002.2161
1761099338468,1002.3683
1761099338489,1002.4958
1761099338509,1002.4883
1761099338528,1002.3583
1761099338548,1002.1486
1761099338568,1001.9322
1761099338588,1002.09015
1761099338608,1002.17395
1761099338629,1002.0486
1761099338649,1001.7341
1761099338669,1001.4291
1761099338689,1001.2069
1761099338708,1001.15674
1761099338729,1001.1264
1761099338748,1001.0658
1761099338768,1001.03265
1761099338789,1001.04364
1761099338808,1001.0522
1761099338828,1001.065
1761099338849,1001.03235
1761099338868,1001.0678
1761099338888,1001.1144
1761099338909,1001.16406
1761099338928,1001.23254
1761099338948,1001.29626
1761099338968,1001.388
1761099338989,1001.52344
1761099339009,1001.9364
1761099339028,1002.2294
1761099339048,1002.4503
1761099339068,1002.6328
1761099339088,1002.7033
1761099339108,1002.6799
1761099339128,1002.5694
1761099339149,1002.388
1761099339169,1002.17737
1761099339188,1001.8216
1761099339209,1001.44
1761099339228,1001.3157
1761099339248,1001.65283
1761099339268,1001.4524
1761099339289,1001.5145
1761099339308,1001.51953
1761099339328,1001.3297
1761099339349,1001.1858
1761099339368,1001.2103
1761099339388,1001.21124
1761099339408,1001.10925
1761099339428,1001.0763
1761099339448,1001.03455
1761099339468,1001.0167
1761099339489,1001.0036
1761099339511,1000.99146
1761099339529,1000.965
1761099339548,1001.001
1761099339568,1000.9844
1761099339588,1001.0033
1761099339608,1001.03125
1761099339629,1001.0297
1761099339649,1001.0564
1761099339669,1001.0724
1761099339689,1001.11127
1761099339708,1001.1249
1761099339729,1001.14734
1761099339748,1001.21954
1761099339768,1001.1913
1761099339789,1001.1947
1761099339809,1001.2045
1761099339829,1001.3133
1761099339848,1001.3313
1761099339868,1001.3844
1761099339889,1001.3652
1761099339908,1001.41534
1761099339928,1001.5055
1761099339949,1001.52893
1761099339969,1001.5677
1761099339989,1001.6464
1761099340009,1001.6136
1761099340028,1001.59863
1761099340049,1001.5225
1761099340068,1001.3906
1761099340088,1001.2883
1761099340108,1001.24457
1761099340128,1001.22437
1761099340148,1001.2013
1761099340169,1001.2319
1761099340189,1001.41815
1761099340209,1001.41766
1761099340228,1001.3328
1761099340248,1001.3419
1761099340268,1001.3761
1761099340289,1001.4919
1761099340309,1001.6422
1761099340329,1001.7024
1761099340348,1001.6825
1761099340368,1001.66205
1761099340388,1001.66504
1761099340409,1001.558
1761099340428,1001.3864
1761099340448,1001.261
1761099340468,1001.1841
1761099340489,1001.1855
1761099340508,1001.1722
1761099340528,1001.1919
1761099340548,1001.27484
1761099340568,1001.3864
1761099340588,1001.5222
1761099340608,1001.59314
1761099340629,1001.3022
1761099340648,1001.29517
1761099340669,1001.2089
1761099340688,1001.1855
1761099340709,1001.2319
1761099340728,1001.28204
1761099340748,1001.27423
1761099340768,1001.22974
1761099340788,1001.2394
1761099340809,1001.2507
1761099340829,1001.268
1761099340848,1001.28503
1761099340868,1001.3144
1761099340888,1001.3355
1761099340908,1001.40454
1761099340928,1001.3886
1761099340949,1001.35895
1761099340968,1001.3796
1761099340989,1001.41925
1761099341008,1001.4872
1761099341029,1001.4975
1761099341049,1001.5283
1761099341068,1001.58203
1761099341088,1001.6608
1761099341108,1001.7488
1761099341128,1001.8091
1761099341149,1001.8228
1761099341168,1001.84375
1761099341189,1001.8161
1761099341209,1001.8085
1761099341229,1001.72687
1761099341248,1001.6319
1761099341269,1001.48047
1761099341289,1001.3803
1761099341309,1001.31433
1761099341329,1001.2588
1761099341348,1001.27
1761099341368,1001.35376
1761099341388,1001.4996
1761099341408,1001.6461
1761099341428,1001.67377
1761099341448,1001.66125
1761099341469,1001.62427
1761099341489,1001.6791
1761099341508,1001.6946
1761099341528,1001.822
1761099341549,1001.983
1761099341568,1002.0666
1761099341588,1001.9794
1761099341608,1001.7642
1761099341629,1001.54626
1761099341649,1001.29645
1761099341668,1001.23895
1761099341688,1001.27124
1761099341709,1001.2655
1761099341728,1001.28156
1761099341748,1001.3036
1761099341768,1001.2586
1761099341789,1001.2727
1761099341809,1001.3635
1761099341828,1001.3119
1761099341848,1001.22894
1761099341868,1001.2194
1761099341888,1001.2575
1761099341908,1001.2517
1761099341929,1001.2761
1761099341949,1001.3136
1761099341969,1001.305
1761099341989,1001.3283
1761099342008,1001.3991
1761099342028,1001.58344
1761099342049,1001.72864
1761099342068,1001.9944
1761099342089,1002.37036
1761099342109,1002.66156
1761099342129,1002.85516
1761099342149,1003.0497
1761099342168,1003.11285
1761099342188,1003.0858
1761099342208,1003.0635
1761099342228,1002.96265
1761099342249,1002.72675
1761099342269,1002.5716
1761099342288,1002.9216
1761099342309,1003.21124
1761099342329,1002.97894
1761099342349,1002.29175
1761099342369,1001.5769
1761099342388,1001.16986
1761099342408,1001.0214
1761099342429,1000.9589
1761099342449,1000.9417
1761099342469,1000.91315
1761099342488,1000.9542
1761099342509,1001.02936
1761099342528,1001.11145
1761099342548,1001.11035
1761099342568,1001.1119
1761099342588,1001.186
1761099342609,1001.3166
1761099342629,1001.5013
1761099342649,1002.0133
1761099342668,1002.53265
1761099342688,1002.7594
1761099342708,1002.8091
1761099342728,1002.6772
1761099342748,1002.5153
1761099342768,1002.23596
1761099342789,1001.9503
1761099342809,1001.6286
1761099342829,1001.3239
1761099342849,1001.3533
1761099342868,1001.4336
1761099342888,1001.435
1761099342909,1001.488
1761099342928,1001.22253
1761099342949,1000.96454
1761099342969,1000.90796
1761099342990,1000.90405
1761099343008,1000.90796
1761099343028,1000.85504
1761099343048,1000.88
1761099343068,1000.85065
1761099343088,1000.8805
1761099343109,1000.9
1761099343129,1000.89453
1761099343148,1000.9545
1761099343168,1000.9313
1761099343188,1001.0094
1761099343208,1001.08344
1761099343229,1001.1985
1761099343248,1001.3166
1761099343268,1001.4991
1761099343289,1001.7494
1761099343309,1001.9858
1761099343328,1002.1255
1761099343348,1002.18567
1761099343369,1002.09766
1761099343388,1001.90875
1761099343408,1001.72894
1761099343428,1001.7045
1761099343449,1001.8033
1761099343469,1001.7986
1761099343488,1001.6569
1761099343510,1001.4261
1761099343528,1001.2358
1761099343548,1001.1008
1761099343569,1000.958
1761099343589,1000.8775
1761099343609,1000.8702
1761099343629,1000.9333
1761099343648,1000.9353
1761099343668,1000.97906
1761099343688,1001.0676
1761099343708,1001.34924
1761099343728,1001.29456
1761099343749,1001.29517
1761099343769,1001.4958
1761099343789,1001.8533
1761099343808,1002.3822
1761099343829,1002.7045
1761099343848,1002.7075
1761099343868,1002.5155
1761099343888,1002.22754
1761099343909,1002.0588
1761099343929,1001.71674
1761099343949,1001.46313
1761099343969,1001.5408
1761099343988,1001.4472
1761099344008,1001.433
1761099344028,1001.40094
1761099344048,1001.2009
1761099344068,1001.1353
1761099344088,1001.03876
1761099344109,1000.96643
1761099344129,1000.8931
1761099344148,1000.87067
1761099344169,1000.8813
1761099344188,1000.8897
1761099344208,1000.8769
1761099344228,1000.91284
1761099344248,1000.9522
1761099344269,1000.9605
1761099344289,1000.9866
1761099344309,1001.003
1761099344328,1001.1928
1761099344348,1001.28375
1761099344368,1001.4316
1761099344388,1001.5703
1761099344409,1001.81274
1761099344428,1002.0759
1761099344449,1002.2617
1761099344468,1002.35516
1761099344488,1002.36346
1761099344508,1002.21906
1761099344528,1001.90796
1761099344548,1001.8214
1761099344568,1001.8235
1761099344588,1001.64923
1761099344609,1001.3733
1761099344628,1001.10626
1761099344648,1001.0039
1761099344668,1000.9383
1761099344688,1000.89453
1761099344708,1000.8688
1761099344728,1000.86487
1761099344748,1000.93317
1761099344769,1000.96735
1761099344789,1001.0197
1761099344808,1001.10815
1761099344829,1001.2092
1761099344848,1001.2014
1761099344868,1001.2592
1761099344888,1001.513
1761099344909,1001.81195
1761099344928,1002.2588
1761099344949,1002.45874
1761099344968,1002.5089
1761099344988,1002.39453
1761099345008,1002.11957
1761099345028,1001.8852
1761099345048,1001.6325
1761099345068,1001.3114
1761099345088,1001.30066
1761099345109,1001.3289
1761099345128,1001.1925
1761099345148,1001.2222
1761099345169,1001.23676
1761099345188,1001.0711
1761099345208,1001.0177
1761099345229,1000.9352
1761099345249,1000.8864
1761099345269,1000.8734
1761099345288,1000.85406
1761099345308,1000.8977
1761099345329,1000.8789
1761099345349,1000.8752
1761099345368,1000.92487
1761099345389,1000.9572
1761099345409,1000.993
1761099345429,1001.0161
1761099345449,1001.2007
1761099345469,1001.4069
1761099345488,1001.53156
1761099345508,1001.7108
1761099345528,1002.03406
1761099345549,1002.2472
1761099345568,1002.34265
1761099345589,1002.3252
1761099345609,1002.2086
1761099345628,1002.023
1761099345648,1001.79266
1761099345668,1002.02905
1761099345688,1002.0727
1761099345708,1001.93097
1761099345729,1001.54236
1761099345749,1001.1777
1761099345769,1001.006
1761099345788,1000.9566
1761099345808,1000.90564
1761099345828,1000.8694
1761099345848,1000.85114
1761099345868,1000.8902
1761099345888,1000.9033
1761099345908,1000.92206
1761099345929,1000.9435
1761099345948,1001.0007
1761099345968,1001.0663
1761099345988,1001.0802
1761099346008,1001.1963
1761099346028,1001.40375
1761099346048,1001.635
1761099346069,1002.09863
1761099346089,1002.3419
1761099346109,1002.4305
1761099346128,1002.41425
1761099346148,1002.2128
1761099346168,1001.94775
1761099346188,1001.7474
1761099346208,1001.42316
1761099346228,1001.1349
1761099346249,1001.18
1761099346269,1001.1331
1761099346288,1001.0658
1761099346308,1001.3222
1761099346328,1001.16205
1761099346349,1000.9989
1761099346369,1000.91425
1761099346389,1000.8799
1761099346409,1000.8672
1761099346429,1000.86816
1761099346448,1000.8619
1761099346468,1000.86566
1761099346489,1000.8358
1761099346508,1000.87036
1761099346528,1000.8808
1761099346549,1000.90564
1761099346569,1000.91754
1761099346589,1000.97125
1761099346608,1001.0594
1761099346628,1001.17035
1761099346648,1001.28345
1761099346668,1001.35516
1761099346688,1001.6033
1761099346708,1001.96783
1761099346728,1002.20734
1761099346750,1002.4519
1761099346769,1002.7688
1761099346788,1002.9697
1761099346808,1003.1289
1761099346828,1003.1338
1761099346848,1002.8135
1761099346868,1002.2706
1761099346888,1001.97906
1761099346909,1002.3328
1761099346929,1002.74316
1761099346948,1002.762
1761099346968,1002.2556
1761099346988,1001.6903
1761099347008,1001.3789
1761099347028,1001.1386
1761099347048,1000.9733
1761099347069,1000.8088
1761099347089,1000.7833
1761099347109,1000.71655
1761099347128,1000.6214
1761099347148,1000.6597
1761099347168,1000.68567
1761099347188,1000.73785
1761099347208,1000.7588
1761099347229,1000.86035
1761099347249,1000.9414
1761099347269,1001.0164
1761099347289,1001.04205
1761099347308,1001.0706
1761099347328,1001.1356
1761099347348,1001.16547
1761099347368,1001.21124
1761099347388,1001.246
1761099347408,1001.2194
1761099347429,1001.08875
1761099347448,1000.9616
1761099347468,1000.888
1761099347488,1000.8394
1761099347508,1000.8258
1761099347528,1000.8197
1761099347549,1000.8172
1761099347569,1000.8608
1761099347589,1000.928
1761099347608,1000.91644
1761099347628,1000.9531
1761099347648,1000.9563
1761099347668,1001.1475
1761099347688,1001.15533
1761099347708,1000.9495
1761099347729,1000.9033
1761099347750,1000.85535
1761099347768,1000.8597
1761099347788,1000.8866
1761099347808,1000.90015
1761099347828,1000.9446
1761099347848,1000.93567
1761099347868,1000.9478
1761099347888,1000.96423
1761099347908,1000.97614
1761099347928,1000.97424
1761099347948,1001.0219
1761099347968,1001.05206
1761099347988,1001.0639
1761099348008,1001.0111
1761099348028,1001.0058
1761099348048,1001.0525
1761099348069,1001.10376
1761099348089,1001.12494
1761099348108,1001.1355
1761099348128,1001.17706
1761099348149,1001.2377
1761099348168,1001.2513
1761099348189,1001.28625
1761099348208,1001.3814
1761099348229,1001.45483
1761099348249,1001.4433
1761099348268,1001.5136
1761099348288,1001.4877
1761099348308,1001.4375
1761099348328,1001.3755
1761099348349,1001.34344
1761099348368,1001.31366
1761099348388,1001.213
1761099348409,1001.1224
1761099348428,1001.0774
1761099348448,1001.0711
1761099348468,1001.1161
1761099348488,1001.28766
1761099348508,1001.43
1761099348529,1001.3166
1761099348549,1001.34125
1761099348569,1001.30786
1761099348588,1001.4297
1761099348608,1001.48486
1761099348628,1001.60345
1761099348648,1001.71704
1761099348668,1001.84753
1761099348688,1001.9288
1761099348709,1001.7439
1761099348729,1001.5016
1761099348749,1001.22485
1761099348768,1001.0767
1761099348789,1001.0194
1761099348808,1001.0347
1761099348829,1001.0839
1761099348849,1001.11646
1761099348868,1001.17566
1761099348890,1001.1744
1761099348909,1001.05817
1761099348928,1001.05597
1761099348948,1001.0772
1761099348968,1001.0575
1761099348988,1001.02893
1761099349008,1001.0408
1761099349028,1001.08344
1761099349049,1001.0653
1761099349069,1001.05457
1761099349088,1001.04407
1761099349108,1001.04675
1761099349128,1001.05347
1761099349148,1001.11206
1761099349169,1001.1257
1761099349189,1001.16425
1761099349209,1001.41895
1761099349229,1001.4722
1761099349248,1001.6289
1761099349269,1002.0119
1761099349288,1002.35785
1761099349308,1002.65015
1761099349328,1002.9086
1761099349348,1003.003
1761099349369,1003.04047
1761099349389,1002.8644
1761099349409,1002.49286
1761099349428,1002.14624
1761099349449,1002.078
1761099349468,1002.17926
1761099349489,1002.0589
1761099349509,1001.65424
1761099349529,1001.18317
1761099349549,1000.9989
1761099349569,1000.8936
1761099349590,1000.83594
1761099349609,1000.8241
1761099349629,1000.8197
1761099349648,1000.886
1761099349668,1000.92065
1761099349689,1000.98926
1761099349709,1000.98376
1761099349729,1001.0708
1761099349748,1001.17346
1761099349769,1001.4335
1761099349789,1001.66595
1761099349808,1002.15564
1761099349828,1002.4461
1761099349849,1002.4575
1761099349869,1002.2438
1761099349889,1001.97174
1761099349909,1001.6939
1761099349929,1001.4391
1761099349949,1001.2081
1761099349968,1001.10535
1761099349988,1001.33813
1761099350009,1001.3258
1761099350028,1001.35767
1761099350049,1001.09766
1761099350069,1000.86646
1761099350089,1000.84283
1761099350108,1000.8238
1761099350128,1000.80774
1761099350149,1000.7634
1761099350168,1000.7616
1761099350189,1000.7483
1761099350209,1000.7488
1761099350230,1000.78595
1761099350248,1000.83813
1761099350268,1000.83875
1761099350288,1000.86285
1761099350308,1000.91266
1761099350329,1001.0936
1761099350348,1001.2769
1761099350369,1001.387
1761099350389,1001.54254
1761099350408,1001.79816
1761099350428,1002.0027
1761099350448,1002.1411
1761099350468,1002.1855
1761099350488,1002.12177
1761099350508,1002.0558
1761099350529,1001.8864
1761099350549,1001.66345
1761099350569,1001.61957
1761099350589,1001.59375
1761099350609,1001.4313
1761099350628,1001.16907
1761099350648,1000.98785
1761099350669,1000.86646
1761099350689,1000.8128
1761099350709,1000.7549
1761099350729,1000.7522
1761099350748,1000.7536
1761099350768,1000.7666
1761099350788,1000.8119
1761099350808,1000.88
1761099350829,1001.02
1761099350849,1001.05597
1761099350869,1001.10626
1761099350889,1001.1967
1761099350908,1001.40204
1761099350928,1001.7919
1761099350948,1002.23267
1761099350968,1002.3858
1761099350988,1002.4158
1761099351009,1002.3275
1761099351029,1002.10657
1761099351049,1001.865
1761099351068,1001.6399
1761099351088,1001.41345
1761099351108,1001.2038
1761099351129,1001.1386
1761099351148,1001.4983
1761099351169,1001.10406
1761099351189,1001.1116
1761099351209,1000.9311
1761099351229,1000.8181
1761099351248,1000.7717
1761099351268,1000.778
1761099351288,1000.7597
1761099351308,1000.7475
1761099351329,1000.73486
1761099351349,1000.72925
1761099351369,1000.7591
1761099351388,1000.7508
1761099351408,1000.7656
1761099351429,1000.8074
1761099351448,1000.8096
1761099351468,1000.8241
1761099351488,1000.8763
1761099351508,1001.08813
1761099351529,1001.24817
1761099351548,1001.34796
1761099351569,1001.47064
1761099351588,1001.78796
1761099351609,1001.98096
1761099351628,1002.09344
1761099351648,1002.12427
1761099351669,1002.03656
1761099351689,1001.8258
1761099351709,1001.6786
1761099351728,1001.8235
1761099351748,1001.7405
1761099351768,1001.5577
1761099351789,1001.2833
1761099351808,1001.0694
1761099351829,1000.9076
1761099351849,1000.7819
1761099351869,1000.7535
1761099351888,1000.7119
1761099351908,1000.7211
1761099351928,1000.7549
1761099351948,1000.775
1761099351968,1000.83875
1761099351989,1001.0264
1761099352009,1001.0585
1761099352029,1001.0502
1761099352049,1001.08875
1761099352068,1001.22864
1761099352088,1001.5585
1761099352108,1002.1316
1761099352128,1002.3835
1761099352148,1002.53455
1761099352169,1002.5736
1761099352189,1002.41864
1761099352209,1002.1275
1761099352228,1001.8344
1761099352248,1001.5027
1761099352268,1001.1352
1761099352288,1001.05145
1761099352309,1001.3141
1761099352328,1001.10144
1761099352349,1001.1978
1761099352369,1001.22595
1761099352388,1000.8721
1761099352409,1000.8047
1761099352428,1000.78265
1761099352448,1000.7644
1761099352468,1000.6963
1761099352489,1000.7069
1761099352509,1000.7161
1761099352529,1000.7027
1761099352548,1000.6969
1761099352569,1000.6747
1761099352588,1000.6978
1761099352609,1000.72284
1761099352628,1000.73145
1761099352648,1000.7583
1761099352669,1000.83453
1761099352689,1000.91364
1761099352708,1001.0702
1761099352728,1001.17145
1761099352749,1001.28345
1761099352769,1001.5781
1761099352789,1001.8197
1761099352809,1001.9661
1761099352829,1002.1386
1761099352849,1002.1058
1761099352869,1001.96735
1761099352888,1001.7511
1761099352908,1001.6364
1761099352929,1001.73645
1761099352949,1001.58984
1761099352968,1001.4897
1761099352989,1001.1044
1761099353009,1000.85175
1761099353029,1000.7621
1761099353048,1000.7005
1761099353069,1000.6949
1761099353089,1000.65796
1761099353110,1000.6888
1761099353128,1000.65515
1761099353149,1000.695
1761099353169,1000.7358
1761099353189,1000.81
1761099353208,1000.92316
1761099353228,1001.04407
1761099353249,1001.143
1761099353268,1001.3219
1761099353289,1001.72955
1761099353309,1002.145
1761099353329,1002.433
1761099353349,1002.46204
1761099353369,1002.15924
1761099353389,1001.98157
1761099353409,1001.8317
1761099353428,1001.5849
1761099353448,1001.2397
1761099353469,1001.03613
1761099353488,1001.15204
1761099353509,1001.2622
1761099353529,1001.5283
1761099353548,1001.28546
1761099353569,1000.92487
1761099353589,1000.86346
1761099353608,1000.84515
1761099353628,1000.90344
1761099353649,1000.8597
1761099353669,1000.751
1761099353689,1000.65643
1761099353708,1000.6205
1761099353728,1000.6224
1761099353749,1000.6344
1761099353768,1000.6291
1761099353789,1000.683
1761099353808,1000.6921
1761099353829,1000.7067
1761099353849,1000.7172
1761099353868,1000.7675
1761099353888,1000.78345
1761099353909,1000.85675
1761099353928,1000.9581
1761099353948,1000.886
1761099353968,1000.90454
1761099353989,1000.92096
1761099354010,1000.9544
1761099354028,1000.9497
1761099354048,1000.97375
1761099354068,1000.9614
1761099354088,1000.9844
1761099354108,1001.0558
1761099354128,1001.0731
1761099354148,1001.0564
1761099354168,1001.06067
1761099354189,1001.1264
1761099354208,1001.09
1761099354228,1001.0019
1761099354248,1000.9452
1761099354268,1000.9083
1761099354288,1000.9011
1761099354309,1000.90765
1761099354328,1000.9722
1761099354349,1001.1369
1761099354368,1001.137
1761099354389,1001.0383
1761099354408,1000.9581
1761099354428,1001.015
1761099354448,1001.03876
1761099354469,1001.16644
1761099354489,1001.2983
1761099354509,1001.403
1761099354528,1001.4394
1761099354548,1001.3959
1761099354568,1001.1902
1761099354589,1001.04236
1761099354608,1000.9425
1761099354629,1000.868
1761099354648,1000.838
1761099354669,1000.84595
1761099354688,1000.8866
1761099354709,1000.9711
1761099354728,1001.0069
1761099354749,1001.03876
1761099354769,1001.4444
1761099354788,1001.1961
1761099354808,1001.0699
1761099354829,1000.8864
1761099354849,1000.8757
1761099354868,1000.8828
1761099354888,1000.895
1761099354908,1000.9345
1761099354928,1000.97876
1761099354948,1000.9338
1761099354969,1000.93097
1761099354989,1000.9333
1761099355010,1000.97455
1761099355029,1000.9822
1761099355048,1001.0206
1761099355068,1001.03674
1761099355089,1001.05927
1761099355108,1001.11285
1761099355129,1001.18
1761099355149,1001.28955
1761099355169,1001.34955
1761099355188,1001.40594
1761099355208,1001.4241
1761099355228,1001.4913
1761099355248,1001.59283
1761099355268,1001.6849
1761099355289,1001.7342
1761099355308,1001.79175
1761099355329,1001.78
1761099355348,1001.68567
1761099355369,1001.55457
1761099355388,1001.40375
1761099355408,1001.3167
1761099355428,1001.1241
1761099355448,1000.996
1761099355469,1000.97876
1761099355489,1001.08704
1761099355510,1001.1458
1761099355528,1001.10425
1761099355548,1001.1413
1761099355568,1001.1144
1761099355588,1001.1505
1761099355608,1001.1999
1761099355628,1001.2527
1761099355648,1001.3225
1761099355669,1001.47455
1761099355688,1001.5635
1761099355708,1001.6314
1761099355728,1001.47363
1761099355748,1001.2219
1761099355768,1001.0167
1761099355788,1000.8792
1761099355809,1000.86285
1761099355829,1000.83673
1761099355848,1000.9005
1761099355868,1000.9324
1761099355888,1000.93066
1761099355908,1000.9363
1761099355928,1000.91034
1761099355949,1001.072
1761099355970,1001.118
1761099355989,1000.9441
1761099356008,1000.8752
1761099356028,1000.8994
1761099356048,1000.8922
1761099356068,1000.8824
1761099356088,1000.9197
1761099356109,1000.9447
1761099356129,1000.9606
1761099356149,1001.0085
1761099356169,1001.1911
1761099356189,1001.34265
1761099356208,1001.5178
1761099356228,1001.92706
1761099356248,1002.2463
1761099356268,1002.5536
1761099356288,1002.7652
1761099356308,1002.8222
1761099356329,1002.85315
1761099356348,1002.8533
1761099356368,1002.6441
1761099356388,1002.3955
1761099356408,1002.3025
1761099356428,1002.0097
1761099356448,1001.6257
1761099356468,1001.16925
1761099356489,1000.9353
1761099356508,1000.8892
1761099356528,1000.76953
1761099356548,1000.8044
1761099356568,1000.8188
1761099356588,1000.92456
1761099356608,1000.8906
1761099356629,1000.92065
1761099356651,1000.9661
1761099356669,1001.0189
1761099356688,1001.213
1761099356708,1001.48315
1761099356728,1001.9475
1761099356748,1002.2455
1761099356768,1002.4386
1761099356789,1002.4988
1761099356809,1002.2022
1761099356829,1001.8425
1761099356849,1001.46484
1761099356868,1001.1594
1761099356889,1001.04236
1761099356908,1001.3766
1761099356928,1001.2517
1761099356948,1001.3259
1761099356969,1001.1317
1761099356989,1000.9008
1761099357008,1000.858
1761099357029,1000.8061
1761099357049,1000.71954
1761099357069,1000.61346
1761099357089,1000.53284
1761099357108,1000.5358
1761099357129,1000.53845
1761099357149,1000.5192
1761099357168,1000.54266
1761099357189,1000.5735
1761099357209,1000.60034
1761099357229,1000.6345
1761099357248,1000.6522
1761099357269,1000.73035
1761099357289,1000.92957
1761099357310,1000.9986
1761099357328,1001.0516
1761099357348,1001.2469
1761099357368,1001.58923
1761099357388,1001.8721
1761099357408,1002.0077
1761099357428,1002.04535
1761099357448,1001.90985
1761099357469,1001.67505
1761099357489,1001.3235
1761099357508,1001.2413
1761099357528,1001.28906
1761099357548,1001.34784
1761099357569,1001.22284
1761099357589,1000.9625
1761099357608,1000.7697
1761099357629,1000.685
1761099357649,1000.6222
1761099357668,1000.5708
1761099357688,1000.54395
1761099357708,1000.60516
1761099357728,1000.625
1761099357748,1000.7053
1761099357768,1000.8181
1761099357789,1000.9266
1761099357809,1000.8722
1761099357828,1000.8769
1761099357848,1000.97296
1761099357868,1001.3141
1761099357889,1002.04114
1761099357908,1002.2758
1761099357928,1002.34753
1761099357949,1002.28864
1761099357969,1002.07404
1761099357988,1001.7736
1761099358008,1001.4955
1761099358029,1001.22406
1761099358048,1000.91003
1761099358068,1000.8925
1761099358088,1000.8942
1761099358109,1000.7561
1761099358129,1000.85504
1761099358148,1000.9625
1761099358168,1000.873
1761099358188,1000.6972
1761099358208,1000.5641
1761099358229,1000.5549
1761099358248,1000.5822
1761099358268,1000.60547
1761099358289,1000.583
1761099358309,1000.5741
1761099358328,1000.6221
1761099358348,1000.6253
1761099358368,1000.61786
1761099358388,1000.6558
1761099358409,1000.74536
1761099358429,1001.02124
1761099358449,1001.0803
1761099358469,1001.1697
1761099358489,1001.33563
1761099358508,1001.7025
1761099358529,1001.9733
1761099358548,1002.0781
1761099358569,1002.11487
1761099358589,1001.98035
1761099358609,1001.7566
1761099358629,1001.6813
1761099358648,1001.8355
1761099358668,1001.74036
1761099358689,1001.5925
1761099358708,1001.2056
1761099358728,1000.96564
1761099358749,1000.8559
1761099358769,1000.71265
1761099358789,1000.61285
1761099358808,1000.55206
1761099358828,1000.51
1761099358848,1000.5806
1761099358868,1000.58875
1761099358888,1000.5827
1761099358908,1000.6355
1761099358930,1000.7072
1761099358949,1000.8172
1761099358969,1000.85876
1761099358988,1000.9044
1761099359008,1001.0114
1761099359028,1001.2655
1761099359048,1001.66925
1761099359069,1001.8652
1761099359089,1002.0496
1761099359109,1002.17737
1761099359129,1002.17706
1761099359148,1002.16766
1761099359168,1002.0202
1761099359188,1001.6241
1761099359208,1001.2016
1761099359229,1000.7631
1761099359248,1000.8739
1761099359269,1000.9614
1761099359289,1000.8866
1761099359308,1000.97894
1761099359328,1000.905
1761099359349,1000.6416
1761099359368,1000.66736
1761099359388,1000.6314
1761099359408,1000.5741
1761099359429,1000.5344
1761099359449,1000.5125
1761099359468,1000.5071
1761099359488,1000.5113
1761099359510,1000.522
1761099359528,1000.5266
1761099359548,1000.54114
1761099359569,1000.5632
1761099359589,1000.5755
1761099359609,1000.59235
1761099359629,1000.6211
1761099359649,1000.6758
1761099359668,1000.7552
1761099359688,1000.89453
1761099359708,1000.9108
1761099359728,1000.9263
1761099359749,1001.1044
1761099359769,1001.3902
1761099359789,1001.54376
1761099359809,1001.67316
1761099359828,1001.7691
1761099359848,1001.7606
1761099359868,1001.6219
1761099359889,1001.47595
1761099359908,1001.3235
1761099359929,1001.3753
1761099359949,1001.4542
1761099359968,1001.3847
1761099359988,1001.2045
1761099360008,1001.03265
1761099360028,1000.92456
1761099360049,1000.84485
1761099360068,1000.71814
1761099360089,1000.6255
1761099360109,1000.5622
1761099360128,1000.5466
1761099360148,1000.54297
1761099360168,1000.55676
1761099360188,1000.5657
1761099360208,1000.6338
1761099360229,1000.6882
1761099360248,1000.95984
1761099360269,1000.92206
1761099360289,1000.9489
1761099360309,1001.0294
1761099360328,1001.36395
1761099360349,1001.77454
1761099360368,1002.001
1761099360389,1002.1863
1761099360409,1002.22546
1761099360429,1002.0625
1761099360449,1001.7705
1761099360468,1001.5286
1761099360488,1001.3203
1761099360508,1000.9819
1761099360528,1000.91266
1761099360548,1001.1141
1761099360568,1000.96094
1761099360589,1000.92126
1761099360609,1000.96735
1761099360628,1000.8966
1761099360648,1000.79395
1761099360668,1000.7452
1761099360688,1000.66156
1761099360708,1000.59625
1761099360728,1000.58484
1761099360749,1000.5741
1761099360769,1000.5889
1761099360789,1000.5522
1761099360808,1000.5153
1761099360828,1000.5105
1761099360848,1000.54266
1761099360868,1000.54816
1761099360888,1000.58875
1761099360908,1000.6236
1761099360929,1000.6286
1761099360949,1000.7041
1761099360968,1000.83844
1761099360988,1000.90704
1761099361009,1001.04626
1761099361029,1001.35046
1761099361048,1001.7642
1761099361069,1002.0533
1761099361088,1002.24176
1761099361109,1002.39233
1761099361128,1002.41925
1761099361148,1002.3203
1761099361168,1002.0563
1761099361188,1002.2069
1761099361209,1002.4336
1761099361228,1002.42487
1761099361249,1002.011
1761099361269,1001.41595
1761099361288,1001.1161
1761099361308,1000.90656
1761099361328,1000.7128
1761099361348,1000.628
1761099361368,1000.52734
1761099361389,1000.4577
1761099361409,1000.39874
1761099361429,1000.3864
1761099361448,1000.4347
1761099361468,1000.5128
1761099361488,1000.70703
1761099361509,1000.8744
1761099361528,1000.9338
1761099361548,1000.9989
1761099361569,1000.9941
1761099361588,1000.85376
1761099361609,1000.77374
1761099361628,1000.7608
1761099361648,1000.77563
1761099361669,1000.7613
1761099361688,1000.7103
1761099361708,1000.6475
1761099361728,1000.5608
1761099361748,1000.5408
1761099361770,1000.5024
1761099361788,1000.5472
1761099361808,1000.5933
1761099361829,1000.593
1761099361848,1000.6419
1761099361869,1000.73517
1761099361888,1000.9452
1761099361909,1000.9614
1761099361929,1000.6358
1761099361948,1000.5933
1761099361968,1000.548
1761099361988,1000.52
1761099362008,1000.53766
1761099362028,1000.55566
1761099362049,1000.58
1761099362069,1000.59143
1761099362089,1000.6127
1761099362108,1000.61237
1761099362129,1000.66846
1761099362148,1000.6489
1761099362168,1000.66736
1761099362188,1000.6975
1761099362209,1000.7243
1761099362229,1000.7116
1761099362249,1000.7016
1761099362269,1000.72894
1761099362288,1000.7528
1761099362309,1000.762
1761099362328,1000.78754
1761099362348,1000.79645
1761099362368,1000.8244
1761099362389,1000.8808
1761099362409,1000.9421
1761099362429,1000.9872
1761099362449,1001.015
1761099362469,1001.04767
1761099362488,1001.03955
1761099362508,1001.0286
1761099362528,1000.9989
1761099362548,1000.955
1761099362569,1000.9316
1761099362589,1000.83844
1761099362608,1000.7672
1761099362628,1000.74927
1761099362649,1000.72424
1761099362668,1000.77625
1761099362689,1000.92004
1761099362708,1000.96893
1761099362729,1000.90704
1761099362749,1000.8722
1761099362768,1000.9589
1761099362788,1001.0216
1761099362808,1001.09595
1761099362828,1001.1269
1761099362848,1001.16986
1761099362869,1001.2496
1761099362889,1001.3089
1761099362909,1001.24005
1761099362929,1001.04175
1761099362948,1000.8694
1761099362968,1000.76
1761099362988,1000.6947
1761099363008,1000.71643
1761099363028,1000.7042
1761099363048,1000.73645
1761099363069,1000.8005
1761099363089,1000.79254
1761099363108,1000.92377
1761099363128,1001.02875
1761099363148,1000.8819
1761099363168,1000.7333
1761099363188,1000.7499
1761099363208,1000.7508
1761099363229,1000.7569
1761099363249,1000.7603
1761099363268,1000.77893
1761099363288,1000.7991
1761099363308,1000.8133
1761099363328,1000.84265
1761099363348,1000.85315
1761099363368,1001.03595
1761099363388,1001.09735
1761099363409,1001.2539
1761099363428,1001.5727
1761099363448,1001.9044
1761099363468,1002.23175
1761099363489,1002.517
1761099363509,1002.6705
1761099363528,1002.6708
1761099363548,1002.61566
1761099363569,1002.47406
1761099363589,1002.43
1761099363608,1002.52
1761099363628,1002.33093
1761099363648,1002.02484
1761099363668,1001.41315
1761099363688,1000.9547
1761099363708,1000.7727
1761099363729,1000.6414
1761099363749,1000.60345
1761099363768,1000.54297
1761099363788,1000.54236
1761099363808,1000.5828
1761099363828,1000.6202
1761099363848,1000.6405
1761099363868,1000.6469
1761099363889,1000.6894
1761099363909,1000.80927
1761099363928,1001.0783
1761099363948,1001.39
1761099363968,1001.7658
1761099363988,1002.1416
1761099364008,1002.27515
1761099364028,1002.22687
1761099364048,1001.98785
1761099364069,1001.637
1761099364088,1001.3216
1761099364108,1001.0169
1761099364128,1000.78094
1761099364148,1000.9563
1761099364168,1000.8224
1761099364188,1000.8956
1761099364209,1001.03705
1761099364229,1000.7483
1761099364248,1000.66815
1761099364268,1000.58234
1761099364288,1000.52625
1761099364309,1000.4841
1761099364328,1000.4522
1761099364348,1000.4419
1761099364369,1000.4288
1761099364389,1000.40283
1761099364409,1000.4058
1761099364428,1000.3916
1761099364448,1000.4408
1761099364468,1000.49817
1761099364488,1000.506
1761099364508,1000.5813
1761099364528,1000.77313
1761099364548,1000.9611
1761099364569,1001.21844
1761099364588,1001.4486
1761099364608,1001.7175
1761099364628,1001.9499
1761099364648,1002.04364
1761099364668,1001.8961
1761099364688,1001.5852
1761099364709,1001.2319
1761099364729,1001.23346
1761099364748,1001.3408
1761099364769,1001.31
1761099364789,1000.9605
1761099364808,1000.6572
1761099364829,1000.5085
1761099364849,1000.42596
1761099364869,1000.3757
1761099364889,1000.41235
1761099364908,1000.41345
1761099364928,1000.4469
1761099364949,1000.4908
1761099364968,1000.5583
1761099364988,1000.71954
1761099365009,1000.798
1761099365029,1000.8233
1761099365049,1001.0831
1761099365069,1001.48346
1761099365088,1001.92395
1761099365108,1002.1763
1761099365129,1002.3702
1761099365148,1002.1811
1761099365169,1001.86145
1761099365188,1001.6761
1761099365209,1001.34503
1761099365229,1000.8364
1761099365249,1000.86017
1761099365268,1000.8146
1761099365288,1000.72644
1761099365308,1001.0047
1761099365329,1000.9382
1761099365348,1000.5745
1761099365368,1000.48425
1761099365389,1000.4572
1761099365408,1000.41797
1761099365428,1000.3855
1761099365448,1000.3814
1761099365468,1000.3847
1761099365488,1000.35846
1761099365508,1000.3683
1761099365529,1000.40485
1761099365549,1000.42065
1761099365568,1000.4363
1761099365588,1000.47144
1761099365608,1000.7633
1761099365628,1000.865
1761099365648,1001.0786
1761099365669,1001.2485
1761099365689,1001.53986
1761099365709,1001.695
1761099365729,1001.78
1761099365748,1001.6269
1761099365768,1001.3203
1761099365788,1001.1239
1761099365808,1001.2691
1761099365829,1001.258
1761099365849,1000.9641
1761099365869,1000.7663
1761099365889,1000.6516
1761099365908,1000.5688
1761099365928,1000.5042
1761099365948,1000.40875
1761099365968,1000.3749
1761099365988,1000.3436
1761099366009,1000.39215
1761099366029,1000.4369
1761099366049,1000.4819
1761099366070,1000.5789
1761099366088,1000.7055
1761099366108,1000.6469
1761099366128,1000.7025
1761099366148,1000.8061
1761099366168,1001.25
1761099366189,1001.72266
1761099366210,1001.935
1761099366228,1002.0206
1761099366248,1001.9872
1761099366269,1001.91766
1761099366288,1001.73004
1761099366308,1001.48364
1761099366329,1001.1431
1761099366349,1000.86316
1761099366369,1000.8891
1761099366389,1000.65845
1761099366408,1000.6466
1761099366428,1000.67676
1761099366448,1000.7556
1761099366468,1000.67816
1761099366488,1000.53937
1761099366509,1000.39
1761099366529,1000.3647
1761099366549,1000.3472
1761099366568,1000.363
1761099366589,1000.3821
1761099366608,1000.3767
1761099366628,1000.3767
1761099366648,1000.42004
1761099366669,1000.3919
1761099366689,1000.4567
1761099366709,1000.4566
1761099366728,1000.5122
1761099366748,1000.5883
1761099366768,1000.6997
1761099366788,1000.78705
1761099366808,1000.91547
1761099366828,1001.0719
1761099366849,1001.2513
1761099366869,1001.41187
1761099366889,1001.55347
1761099366908,1001.6233
1761099366928,1001.5766
1761099366948,1001.4313
1761099366968,1001.23206
1761099366988,1001.075
1761099367008,1001.21875
1761099367029,1001.328
1761099367049,1001.3472
1761099367068,1001.0813
1761099367088,1000.9425
1761099367108,1000.8891
1761099367128,1000.86456
1761099367148,1000.7319
1761099367168,1000.59564
1761099367189,1000.4861
1761099367209,1000.3941
1761099367228,1000.35376
1761099367248,1000.3702
1761099367268,1000.3922
1761099367288,1000.3844
1761099367308,1000.4258
1761099367328,1000.5258
1761099367349,1000.7505
1761099367370,1000.7211
1761099367388,1000.7077
1761099367408,1000.7675
1761099367428,1000.97797
1761099367448,1001.4314
1761099367468,1001.55676
1761099367488,1001.7819
1761099367509,1001.85956
1761099367529,1001.9008
1761099367549,1001.7692
1761099367568,1001.6136
1761099367588,1001.35284
1761099367608,1000.97614
1761099367628,1000.6291
1761099367648,1000.41614
1761099367668,1000.4449
1761099367689,1000.61426
1761099367709,1000.66296
1761099367728,1000.78937
1761099367748,1000.5744
1761099367768,1000.3591
1761099367788,1000.3319
1761099367809,1000.34845
1761099367829,1000.34283
1761099367849,1000.36273
1761099367869,1000.3764
1761099367888,1000.3878
1761099367909,1000.41144
1761099367928,1000.4216
1761099367950,1000.4216
1761099367968,1000.4388
1761099367989,1000.4509
1761099368009,1000.4733
1761099368030,1000.54236
1761099368050,1000.5472
1761099368068,1000.5661
1761099368089,1000.5722
1761099368108,1000.5735
1761099368129,1000.5816
1761099368148,1000.5972
1761099368169,1000.6349
1761099368190,1000.60565
1761099368208,1000.585
1761099368228,1000.6235
1761099368249,1000.6274
1761099368268,1000.61456
1761099368288,1000.6477
1761099368309,1000.71954
1761099368329,1000.8391
1761099368349,1000.9855
1761099368369,1001.1116
1761099368388,1001.2078
1761099368408,1001.4016
1761099368428,1001.6227
1761099368448,1001.8185
1761099368469,1001.9514
1761099368489,1002.03625
1761099368509,1002.08954
1761099368530,1002.1917
1761099368548,1002.16296
1761099368568,1002.11786
1761099368588,1002.2569
1761099368608,1002.8264
1761099368628,1002.80176
1761099368649,1002.80597
1761099368669,1002.8772
1761099368689,1002.7086
1761099368708,1002.4939
1761099368728,1002.4072
1761099368748,1002.29266
1761099368768,1002.0727
1761099368788,1001.9341
1761099368808,1001.8591
1761099368829,1001.8247
1761099368849,1001.8713
1761099368868,1001.928
1761099368888,1001.98596
1761099368908,1001.97784
1761099368928,1001.97565
1761099368948,1001.9016
1761099368969,1001.78064
1761099368988,1001.7405
1761099369008,1001.7011
1761099369028,1001.6555
1761099369048,1001.6269
1761099369068,1001.58484
1761099369088,1001.54596
1761099369108,1001.53485
1761099369129,1001.5358
1761099369148,1001.48236
1761099369169,1001.47144
1761099369189,1001.40094
1761099369208,1001.35144
1761099369228,1001.28796
1761099369248,1001.16534
1761099369270,1001.058
1761099369289,1001.0591
1761099369308,1001.01984
1761099369329,1001.0358
1761099369349,1000.98145
1761099369368,1000.9556
1761099369388,1000.9363
1761099369408,1000.91437
1761099369428,1000.85315
1761099369448,1000.8302
1761099369468,1000.8086
1761099369491,1000.77454
1761099369509,1000.72656
1761099369528,1000.65515
1761099369548,1000.59125
1761099369568,1000.5678
1761099369588,1000.49817
1761099369608,1000.41406
1761099369638,1000.3938
1761099369648,1000.39343
1761099369676,1000.3902
1761099369688,1000.42316
1761099369707,1000.4641
1761099369727,1000.52
1761099369747,1000.52765
1761099369767,1000.5133
1761099369787,1000.3783
1761099369808,1000.23047
1761099369828,1000.12
1761099369849,1000.0582
1761099369868,1000.0077
1761099369888,999.976
1761099369907,999.9924
1761099369927,999.9428
1761099369947,999.96765
1761099369968,999.98456
1761099369988,1000.0072
1761099370009,1000.05066
1761099370028,1000.04767
1761099370048,1000.0053
1761099370067,1000.0024
1761099370088,999.9983
1761099370108,999.97864
1761099370128,999.9503
1761099370149,999.9339
1761099370168,999.91644
1761099370188,999.91907
1761099370207,999.9327
1761099370227,999.8889
1761099370248,999.9466
1761099370268,999.9369
1761099370289,999.95703
1761099370308,999.97675
1761099370328,1000.02124
1761099370348,1000.0408
1761099370367,1000.0653
1761099370387,1000.0577
1761099370407,1000.0784
1761099370428,1000.0781
1761099370448,1000.11316
1761099370468,1000.1319
1761099370488,1000.1708
1761099370509,1000.1752
1761099370528,1000.1836
1761099370548,1000.2056
1761099370568,1000.23016
1761099370588,1000.2521
1761099370608,1000.2413
1761099370628,1000.2753
1761099370648,1000.3228
1761099370668,1000.3419
1761099370688,1000.368
1761099370708,1000.3771
1761099370729,1000.3771
1761099370748,1000.42017
1761099370768,1000.41504
1761099370789,1000.4263
1761099370809,1000.4452
1761099370829,1000.4458
1761099370849,1000.46423
1761099370868,1000.41473
1761099370887,1000.39453
1761099370908,1000.35706
1761099370927,1000.3783
1761099370948,1000.4291
1761099370968,1000.5622
1761099370988,1000.66595
1761099371008,1000.7114
1761099371028,1000.72845
1761099371047,1000.6811
1761099371067,1000.65515
1761099371088,1000.708
1761099371108,1000.72235
1761099371128,1000.7613
1761099371148,1000.7811
1761099371169,1000.8149
1761099371188,1000.78906
1761099371208,1000.778
1761099371228,1000.78235
1761099371248,1000.79016
1761099371269,1000.91223
1761099371288,1000.85736
1761099371308,1000.7471
1761099371328,1000.6997
1761099371381,1000.695
1761099371381,1000.66455
1761099371399,1000.6886
1761099371408,1000.65955
1761099371427,1000.66296
1761099371448,1000.64453
1761099371468,1000.6283
1761099371489,1000.6291
1761099371507,1000.60986
1761099371528,1000.59656
1761099371547,1000.5969
1761099371568,1000.6444
1761099371588,1000.66034
1761099371608,1000.6272
1761099371628,1000.6352
1761099371649,1000.59
1761099371668,1000.53955
1761099371688,1000.5705
1761099371708,1000.5508
1761099371727,1000.54626
1761099371748,1000.573
1761099371768,1000.5641
1761099371788,1000.5786
1761099371809,1000.5761
1761099371829,1000.5933
1761099371848,1000.5716
1761099371868,1000.6225
1761099371888,1000.6197
1761099371908,1000.6161
1761099371929,1000.6033
1761099371948,1000.60254
1761099371968,1000.6147
1761099371988,1000.60614
1761099372008,1000.61597
1761099372028,1000.6367
1761099372048,1000.6122
1761099372068,1000.60986
1761099372088,1000.6225
1761099372108,1000.626
1761099372128,1000.6314
1761099372148,1000.6392
1761099372168,1000.6378
1761099372188,1000.64954
1761099372208,1000.6594
1761099372228,1000.67456
1761099372249,1000.6824
1761099372269,1000.6975
1761099372288,1000.6949
1761099372308,1000.6897
1761099372328,1000.71594
1761099372349,1000.7197
1761099372368,1000.74927
1761099372389,1000.7355
1761099372408,1000.74
1761099372428,1000.72046
1761099372448,1000.7581
1761099372468,1000.746
1761099372488,1000.7819
1761099372507,1000.77875
1761099372528,1000.7538
1761099372547,1000.71924
1761099372567,1000.72095
1761099372588,1000.71844
1761099372608,1000.72314
1761099372628,1000.6944
1761099372649,1000.66785
1761099372668,1000.6886
1761099372688,1000.7047
1761099372707,1000.7608
1761099372728,1000.785
1761099372748,1000.8052
1761099372768,1000.79816
1761099372788,1000.8325
1761099372808,1000.84705
1761099372828,1000.871
1761099372849,1000.90265
1761099372868,1000.91235
1761099372888,1000.8836
1761099372908,1000.8697
1761099372928,1000.9003
1761099372948,1000.97296
1761099372969,1001.018
1761099372988,1001.0433
1761099373008,1001.09644
1761099373028,1001.1219
1761099373048,1001.3611
1761099373069,1001.22925
1761099373087,1001.1194
1761099373108,1000.9575
1761099373128,1000.91907
