1761097948863,1002.343
1761097948880,1002.3744
1761097948901,1002.35535
1761097948921,1002.3185
1761097948941,1002.3364
1761097948961,1002.3203
1761097948981,1002.34796
1761097949000,1002.343
1761097949020,1002.3347
1761097949040,1002.34625
1761097949061,1002.4391
1761097949081,1002.51733
1761097949101,1002.5344
1761097949120,1002.54987
1761097949141,1002.506
1761097949160,1002.5067
1761097949181,1002.52704
1761097949200,1002.5444
1761097949221,1002.5653
1761097949242,1002.5197
1761097949261,1002.4961
1761097949280,1002.5192
1761097949300,1002.54114
1761097949320,1002.59515
1761097949341,1002.58734
1761097949360,1002.6296
1761097949380,1002.683
1761097949401,1002.72266
1761097949421,1002.7141
1761097949440,1002.6986
1761097949460,1002.693
1761097949481,1002.6995
1761097949501,1002.698
1761097949520,1002.6224
1761097949541,1002.5566
1761097949561,1002.52783
1761097949581,1002.561
1761097949602,1002.6438
1761097949621,1002.6844
1761097949641,1002.60425
1761097949661,1002.46985
1761097949680,1002.3663
1761097949701,1002.3102
1761097949721,1002.29004
1761097949741,1002.2983
1761097949762,1002.3185
1761097949781,1002.3336
1761097949801,1002.27454
1761097949821,1002.18207
1761097949841,1002.1288
1761097949861,1002.0864
1761097949881,1002.0791
1761097949902,1002.063
1761097949921,1002.0586
1761097949940,1002.1413
1761097949961,1002.21423
1761097949981,1002.21594
1761097950001,1002.22504
1761097950021,1002.24567
1761097950041,1002.3292
1761097950061,1002.38
1761097950081,1002.4591
1761097950101,1002.5106
1761097950121,1002.6122
1761097950140,1002.6988
1761097950161,1002.7402
1761097950180,1002.66486
1761097950201,1002.54297
1761097950221,1002.40265
1761097950241,1002.27
1761097950262,1002.2111
1761097950281,1002.2358
1761097950301,1002.3261
1761097950321,1002.3774
1761097950341,1002.3611
1761097950361,1002.2502
1761097950381,1002.1763
1761097950401,1002.1345
1761097950422,1002.0869
1761097950441,1002.0784
1761097950461,1002.1275
1761097950481,1002.1594
1761097950501,1002.218
1761097950521,1002.2571
1761097950541,1002.29926
1761097950561,1002.3644
1761097950581,1002.41376
1761097950601,1002.4963
1761097950621,1002.52423
1761097950641,1002.53625
1761097950661,1002.5716
1761097950681,1002.5705
1761097950701,1002.53595
1761097950722,1002.47235
1761097950742,1002.4279
1761097950762,1002.3714
1761097950786,1002.3317
1761097950802,1002.3972
1761097950820,1002.5114
1761097950840,1002.568
1761097950860,1002.5222
1761097950881,1002.3942
1761097950901,1002.2908
1761097950921,1002.15094
1761097950941,1002.0561
1761097950960,1001.97485
1761097950981,1001.97034
1761097951000,1002.06
1761097951020,1002.16345
1761097951041,1002.2653
1761097951061,1002.3284
1761097951081,1002.3011
1761097951100,1002.258
1761097951120,1002.29706
1761097951141,1002.33344
1761097951161,1002.3975
1761097951180,1002.43317
1761097951201,1002.40643
1761097951221,1002.3725
1761097951241,1002.3655
1761097951261,1002.42285
1761097951281,1002.48065
1761097951301,1002.53864
1761097951320,1002.5266
1761097951341,1002.47144
1761097951361,1002.35114
1761097951381,1002.2041
1761097951401,1002.15894
1761097951422,1002.11017
1761097951440,1002.0866
1761097951461,1002.09375
1761097951481,1002.0578
1761097951501,1002.04926
1761097951521,1002.0444
1761097951541,1002.06476
1761097951561,1002.1335
1761097951582,1002.1896
1761097951601,1002.21094
1761097951621,1002.2081
1761097951641,1002.24316
1761097951661,1002.2447
1761097951681,1002.28754
1761097951701,1002.3425
1761097951722,1002.3867
1761097951742,1002.3647
1761097951761,1002.3855
1761097951781,1002.41003
1761097951801,1002.46454
1761097951821,1002.5217
1761097951841,1002.5842
1761097951861,1002.59064
1761097951881,1002.6172
1761097951902,1002.59265
1761097951921,1002.5145
1761097951941,1002.4589
1761097951960,1002.3877
1761097951981,1002.30536
1761097952001,1002.28296
1761097952021,1002.24207
1761097952041,1002.1799
1761097952061,1002.09143
1761097952082,1002.02563
1761097952100,1001.9683
1761097952121,1001.91547
1761097952141,1001.89594
1761097952161,1001.9458
1761097952181,1001.9508
1761097952202,1001.9936
1761097952221,1001.97626
1761097952242,1002.0027
1761097952261,1002.0828
1761097952282,1002.09204
1761097952301,1002.08563
1761097952321,1002.10754
1761097952341,1002.1352
1761097952361,1002.21
1761097952381,1002.21063
1761097952401,1002.23566
1761097952422,1002.24817
1761097952440,1002.27625
1761097952461,1002.29175
1761097952481,1002.3111
1761097952501,1002.3225
1761097952521,1002.3264
1761097952541,1002.27814
1761097952562,1002.1936
1761097952581,1002.1736
1761097952601,1002.17004
1761097952621,1002.2105
1761097952641,1002.22034
1761097952661,1002.1899
1761097952682,1002.09894
1761097952701,1002.03674
1761097952722,1001.9894
1761097952742,1002.0086
1761097952761,1001.9905
1761097952781,1001.9958
1761097952801,1002.0081
1761097952820,1002.0138
1761097952840,1002.0778
1761097952861,1002.1267
1761097952881,1002.23566
1761097952901,1002.3075
1761097952921,1002.3785
1761097952940,1002.4439
1761097952961,1002.515
1761097952980,1002.54785
1761097953000,1002.5822
1761097953021,1002.6299
1761097953041,1002.6888
1761097953062,1002.72437
1761097953081,1002.713
1761097953101,1002.6939
1761097953120,1002.6338
1761097953140,1002.5569
1761097953161,1002.47406
1761097953181,1002.46313
1761097953201,1002.4014
1761097953221,1002.3906
1761097953241,1002.3627
1761097953260,1002.3099
1761097953281,1002.173
1761097953301,1002.10925
1761097953321,1002.0508
1761097953341,1002.073
1761097953361,1002.0621
1761097953381,1002.06067
1761097953402,1002.065
1761097953420,1002.04065
1761097953441,1002.04254
1761097953461,1002.1155
1761097953481,1002.17175
1761097953501,1002.1527
1761097953521,1002.1266
1761097953541,1002.10754
1761097953561,1002.1317
1761097953581,1002.1921
1761097953601,1002.24536
1761097953621,1002.3147
1761097953641,1002.34625
1761097953661,1002.40814
1761097953681,1002.4458
1761097953702,1002.47894
1761097953722,1002.5191
1761097953741,1002.5742
1761097953761,1002.64343
1761097953781,1002.6221
1761097953801,1002.53906
1761097953821,1002.5038
1761097953841,1002.45844
1761097953862,1002.41235
1761097953881,1002.3838
1761097953902,1002.3286
1761097953920,1002.2455
1761097953941,1002.16547
1761097953960,1002.0889
1761097953981,1002.03156
1761097954001,1002.0516
1761097954021,1002.10474
1761097954042,1002.1431
1761097954061,1002.1516
1761097954080,1002.185
1761097954101,1002.1967
1761097954120,1002.1974
1761097954140,1002.19
1761097954161,1002.16876
1761097954181,1002.16534
1761097954202,1002.2163
1761097954222,1002.29376
1761097954241,1002.35956
1761097954261,1002.4302
1761097954281,1002.53015
1761097954301,1002.5483
1761097954321,1002.53204
1761097954341,1002.4562
1761097954362,1002.3713
1761097954381,1002.27
1761097954400,1002.22723
1761097954421,1002.23175
1761097954441,1002.23395
1761097954461,1002.1896
1761097954481,1002.1224
1761097954501,1002.0826
1761097954522,1002.04047
1761097954541,1002.0275
1761097954562,1002.04895
1761097954581,1002.0083
1761097954601,1001.99146
1761097954621,1001.97235
1761097954640,1002.0033
1761097954661,1002.0502
1761097954681,1002.0717
1761097954701,1002.04425
1761097954722,1002.03064
1761097954741,1002.0738
1761097954761,1002.09894
1761097954781,1002.126
1761097954808,1002.18176
1761097954820,1002.29376
1761097954841,1002.3852
1761097954861,1002.4452
1761097954881,1002.4392
1761097954901,1002.4483
1761097954921,1002.4005
1761097954941,1002.33875
1761097954961,1002.2413
1761097954981,1002.17456
1761097955001,1002.1671
1761097955022,1002.1282
1761097955041,1002.2064
1761097955061,1002.3422
1761097955080,1002.33344
1761097955101,1002.27924
1761097955121,1002.1455
1761097955140,1002.03754
1761097955161,1001.98364
1761097955181,1001.9625
1761097955202,1001.9363
1761097955221,1001.9422
1761097955242,1001.90564
1761097955260,1001.9353
1761097955280,1001.97986
1761097955301,1001.9927
1761097955321,1001.97375
1761097955341,1001.97626
1761097955361,1001.96954
1761097955381,1002.0181
1761097955400,1002.0233
1761097955420,1002.10455
1761097955440,1002.17267
1761097955461,1002.2033
1761097955480,1002.23035
1761097955501,1002.2581
1761097955521,1002.2616
1761097955541,1002.27563
1761097955561,1002.2463
1761097955581,1002.2533
1761097955601,1002.246
1761097955621,1002.263
1761097955640,1002.21765
1761097955661,1002.17816
1761097955681,1002.1058
1761097955701,1002.0601
1761097955721,1002.03815
1761097955741,1001.97723
1761097955761,1001.9622
1761097955781,1001.9913
1761097955801,1001.99097
1761097955821,1001.98816
1761097955841,1002.0047
1761097955862,1002.0058
1761097955882,1002.04956
1761097955901,1002.0333
1761097955920,1002.0016
1761097955940,1002.02893
1761097955960,1002.0632
1761097955981,1002.10315
1761097956001,1002.15204
1761097956021,1002.2197
1761097956041,1002.2444
1761097956060,1002.3225
1761097956081,1002.3725
1761097956101,1002.3694
1761097956121,1002.27924
1761097956141,1002.2366
1761097956161,1002.2652
1761097956182,1002.3141
1761097956202,1002.32983
1761097956221,1002.29486
1761097956241,1002.2558
1761097956261,1002.1917
1761097956281,1002.15906
1761097956301,1002.1264
1761097956321,1002.0685
1761097956341,1002.04065
1761097956362,1002.0516
1761097956382,1002.0632
1761097956400,1002.04004
1761097956420,1002.03
1761097956441,1002.0191
1761097956463,1001.9966
1761097956481,1002.0097
1761097956501,1002.0197
1761097956521,1001.99536
1761097956542,1001.9919
1761097956561,1001.98285
1761097956580,1001.9925
1761097956601,1001.98816
1761097956621,1002.04065
1761097956641,1002.10675
1761097956662,1002.1327
1761097956682,1002.093
1761097956702,1002.08594
1761097956721,1002.15894
1761097956741,1002.2388
1761097956761,1002.2722
1761097956781,1002.28516
1761097956804,1002.2488
1761097956821,1002.16846
1761097956841,1002.17676
1761097956861,1002.24
1761097956882,1002.3244
1761097956900,1002.3408
1761097956920,1002.29254
1761097956941,1002.23517
1761097956960,1002.14844
1761097956981,1002.0502
1761097957001,1002.0197
1761097957021,1002.01
1761097957042,1002.03204
1761097957061,1002.02563
1761097957080,1002.0111
1761097957101,1001.92316
1761097957121,1001.9369
1761097957141,1001.91113
1761097957161,1001.91205
1761097957181,1001.9305
1761097957201,1001.943
1761097957221,1001.95734
1761097957241,1002.0216
1761097957261,1002.04767
1761097957281,1002.1444
1761097957301,1002.16724
1761097957321,1002.20703
1761097957342,1002.23193
1761097957362,1002.23236
1761097957381,1002.1977
1761097957400,1002.16003
1761097957420,1002.0872
1761097957441,1002.0678
1761097957461,1002.1881
1761097957481,1002.28094
1761097957501,1002.34937
1761097957522,1002.30597
1761097957541,1002.21814
1761097957561,1002.1083
1761097957581,1002.0763
1761097957601,1002.0458
1761097957621,1002.0058
1761097957641,1002.03595
1761097957661,1002.06116
1761097957681,1002.0719
1761097957702,1002.0866
1761097957721,1002.09155
1761097957741,1002.08734
1761097957762,1002.07
1761097957781,1002.05347
1761097957801,1002.02734
1761097957821,1002.0564
1761097957842,1002.0497
1761097957862,1002.08203
1761097957883,1002.063
1761097957901,1002.1381
1761097957920,1002.2447
1761097957940,1002.34735
1761097957961,1002.41895
1761097957981,1002.3738
1761097958001,1002.3964
1761097958021,1002.4192
1761097958041,1002.35406
1761097958061,1002.2541
1761097958081,1002.17017
1761097958100,1002.1886
1761097958121,1002.30927
1761097958141,1002.3149
1761097958162,1002.2449
1761097958182,1002.14594
1761097958201,1002.0694
1761097958221,1002.011
1761097958241,1001.99567
1761097958261,1002.0116
1761097958281,1002.0344
1761097958301,1002.03815
1761097958321,1002.0116
1761097958341,1001.988
1761097958362,1001.98486
1761097958381,1002.001
1761097958400,1002.0219
1761097958420,1002.03986
1761097958441,1002.1364
1761097958461,1002.1374
1761097958482,1002.1852
1761097958501,1002.3008
1761097958522,1002.5142
1761097958541,1002.71515
1761097958561,1002.8164
1761097958581,1002.7075
1761097958601,1002.5038
1761097958621,1002.308
1761097958641,1002.1905
1761097958661,1002.1438
1761097958682,1002.22546
1761097958701,1002.33453
1761097958721,1002.4335
1761097958742,1002.3824
1761097958761,1002.20734
1761097958781,1002.0472
1761097958801,1001.91656
1761097958822,1001.8966
1761097958842,1001.90875
1761097958862,1001.91846
1761097958881,1001.90265
1761097958900,1001.91656
1761097958920,1001.8669
1761097958940,1001.86566
1761097958961,1001.92566
1761097958981,1002.04987
1761097959001,1002.1288
1761097959022,1002.2419
1761097959040,1002.3686
1761097959061,1002.4481
1761097959081,1002.41406
1761097959101,1002.34125
1761097959121,1002.23285
1761097959141,1002.1292
1761097959161,1002.0305
1761097959181,1001.9672
1761097959201,1002.0067
1761097959221,1002.05707
1761097959241,1002.09595
1761097959260,1002.0547
1761097959281,1002.03503
1761097959301,1001.9605
1761097959321,1001.905
1761097959342,1001.883
1761097959361,1001.8942
1761097959381,1001.91254
1761097959401,1001.9388
1761097959421,1001.9822
1761097959440,1002.03986
1761097959461,1002.02094
1761097959481,1002.03815
1761097959501,1002.04846
1761097959522,1002.02094
1761097959540,1002.02844
1761097959561,1002.0491
1761097959580,1002.08875
1761097959601,1002.133
1761097959621,1002.15814
1761097959641,1002.2025
1761097959661,1002.2444
1761097959682,1002.21094
1761097959701,1002.24
1761097959722,1002.193
1761097959741,1002.15674
1761097959761,1002.1414
1761097959781,1002.16876
1761097959801,1002.1797
1761097959821,1002.1111
1761097959841,1001.9919
1761097959861,1001.91364
1761097959881,1001.8866
1761097959902,1001.84937
1761097959920,1001.84393
1761097959940,1001.8305
1761097959961,1001.8244
1761097959981,1001.8344
1761097960002,1001.79456
1761097960021,1001.84973
1761097960041,1001.86206
1761097960060,1001.9313
1761097960080,1002.0099
1761097960101,1002.1267
1761097960121,1002.248
1761097960141,1002.2678
1761097960161,1002.2111
1761097960181,1002.1327
1761097960201,1002.04126
1761097960220,1001.98596
1761097960241,1001.9961
1761097960261,1001.97864
1761097960281,1001.9499
1761097960301,1002.02673
1761097960321,1002.0689
1761097960344,1002.04004
1761097960361,1001.9961
1761097960381,1001.96295
1761097960400,1001.9436
1761097960420,1001.9086
1761097960440,1001.8719
1761097960461,1001.84033
1761097960481,1001.78406
1761097960501,1001.763
1761097960521,1001.838
1761097960540,1001.9377
1761097960561,1002.0266
1761097960581,1002.0972
1761097960601,1002.11847
1761097960621,1002.0886
1761097960641,1002.03455
1761097960662,1002.0117
1761097960681,1002.0227
1761097960701,1002.0638
1761097960720,1002.11255
1761097960741,1002.14233
1761097960762,1002.16595
1761097960781,1002.2034
1761097960801,1002.16907
1761097960821,1002.135
1761097960842,1002.09894
1761097960861,1002.08954
1761097960881,1002.1364
1761097960900,1002.15784
1761097960920,1002.1892
1761097960941,1002.15814
1761097960961,1002.14484
1761097960981,1002.0664
1761097961002,1001.98267
1761097961021,1001.9339
1761097961041,1001.91016
1761097961061,1001.8941
1761097961081,1001.8783
1761097961101,1001.8913
1761097961121,1001.91
1761097961142,1001.90533
1761097961162,1001.90265
1761097961181,1001.9324
1761097961201,1001.9555
1761097961221,1001.963
1761097961241,1001.98096
1761097961261,1002.0086
1761097961281,1002.04004
1761097961302,1002.0558
1761097961322,1002.09546
1761097961342,1002.15796
1761097961361,1002.22205
1761097961381,1002.30316
1761097961401,1002.313
1761097961420,1002.2574
1761097961440,1002.2141
1761097961461,1002.1255
1761097961481,1002.0948
1761097961502,1002.0632
1761097961521,1002.0714
1761097961541,1002.0672
1761097961561,1002.0544
1761097961581,1002.0419
1761097961601,1002.0555
1761097961621,1002.04987
1761097961641,1002.0125
1761097961662,1001.97797
1761097961680,1001.9366
1761097961700,1001.9222
1761097961721,1001.9236
1761097961740,1001.9008
1761097961760,1001.89874
1761097961781,1001.8764
1761097961801,1001.89813
1761097961821,1001.91486
1761097961841,1001.9447
1761097961860,1001.9619
1761097961881,1001.9972
1761097961901,1002.0074
1761097961920,1002.0159
1761097961941,1002.0042
1761097961961,1002.02594
1761097961982,1002.0182
1761097962002,1002.0336
1761097962020,1002.0802
1761097962041,1002.1213
1761097962060,1002.1555
1761097962081,1002.18677
1761097962101,1002.1755
1761097962121,1002.10767
1761097962141,1002.0947
1761097962162,1002.10187
1761097962181,1002.1752
1761097962201,1002.22626
1761097962220,1002.1941
1761097962241,1002.1694
1761097962261,1002.10156
1761097962282,1002.08234
1761097962301,1002.0585
1761097962322,1002.0225
1761097962341,1001.96954
1761097962361,1001.903
1761097962381,1001.90625
1761097962400,1001.8788
1761097962421,1001.8724
1761097962441,1001.8808
1761097962462,1001.8677
1761097962482,1001.8864
1761097962501,1001.8975
1761097962521,1001.89233
1761097962541,1001.95703
1761097962561,1002.0102
1761097962580,1002.0649
1761097962601,1002.16895
1761097962621,1002.1886
1761097962642,1002.2333
1761097962662,1002.2388
1761097962681,1002.2111
1761097962701,1002.1456
1761097962721,1002.0775
1761097962741,1002.03644
1761097962761,1001.98016
1761097962781,1001.98846
1761097962802,1002.0502
1761097962822,1002.0792
1761097962841,1002.0763
1761097962861,1002.03503
1761097962881,1002.0188
1761097962901,1001.98315
1761097962921,1001.9261
1761097962941,1001.875
1761097962961,1001.8725
1761097962981,1001.8469
1761097963001,1001.86676
1761097963021,1001.86536
1761097963041,1001.8627
1761097963060,1001.90894
1761097963081,1001.89594
1761097963101,1001.91864
1761097963121,1001.9597
1761097963142,1001.945
1761097963161,1001.9619
1761097963181,1001.9433
1761097963200,1001.9511
1761097963220,1001.97974
1761097963241,1001.95593
1761097963261,1002.0019
1761097963281,1002.10095
1761097963302,1002.17926
1761097963322,1002.1863
1761097963341,1002.1819
1761097963361,1002.16425
1761097963381,1002.16754
1761097963401,1002.18567
1761097963421,1002.23047
1761097963441,1002.2308
1761097963461,1002.15674
1761097963481,1002.08954
1761097963501,1002.0049
1761097963521,1001.952
1761097963541,1001.8747
1761097963560,1001.84094
1761097963581,1001.8231
1761097963601,1001.78546
1761097963621,1001.7944
1761097963641,1001.7908
1761097963661,1001.8138
1761097963681,1001.8235
1761097963701,1001.8292
1761097963721,1001.8644
1761097963741,1001.8663
1761097963761,1001.8652
1761097963782,1001.8927
1761097963801,1001.8927
1761097963822,1001.9358
1761097963841,1001.92255
1761097963860,1001.938
1761097963880,1001.96814
1761097963901,1001.9456
1761097963921,1001.9382
1761097963941,1001.9902
1761097963961,1002.0134
1761097963981,1002.0533
1761097964001,1002.09143
1761097964021,1002.09644
1761097964041,1002.1141
1761097964061,1002.0767
1761097964081,1002.02563
1761097964101,1002.0
1761097964121,1002.0002
1761097964141,1002.0041
1761097964161,1002.0544
1761097964181,1002.05676
1761097964200,1002.0007
1761097964221,1001.98267
1761097964241,1001.9385
1761097964262,1001.92816
1761097964281,1001.92737
1761097964302,1001.945
1761097964321,1001.9339
1761097964341,1001.92285
1761097964361,1001.8927
1761097964381,1001.8738
1761097964404,1001.85205
1761097964420,1001.8569
1761097964441,1001.85297
1761097964461,1001.8458
1761097964481,1001.8533
1761097964501,1001.84906
1761097964521,1001.84235
1761097964541,1001.8533
1761097964560,1001.9008
1761097964581,1001.92426
1761097964601,1002.01953
1761097964621,1002.03864
1761097964642,1002.08624
1761097964661,1002.08923
1761097964681,1002.08923
1761097964701,1002.04926
1761097964720,1002.1336
1761097964741,1002.21954
1761097964761,1002.23145
1761097964782,1002.22455
1761097964802,1002.14
1761097964821,1002.04535
1761097964841,1001.9499
1761097964861,1001.90173
1761097964881,1001.8728
1761097964901,1001.8772
1761097964920,1001.9033
1761097964941,1001.9263
1761097964961,1001.9305
1761097964980,1001.9333
1761097965001,1001.8942
1761097965021,1001.8735
1761097965041,1001.8708
1761097965061,1001.84937
1761097965082,1001.85614
1761097965101,1001.8777
1761097965121,1001.8903
1761097965142,1001.9219
1761097965161,1001.9449
1761097965180,1001.9589
1761097965201,1002.03033
1761097965221,1002.10516
1761097965241,1002.16846
1761097965261,1002.233
1761097965282,1002.21484
1761097965302,1002.18964
1761097965321,1002.1367
1761097965341,1002.15704
1761097965361,1002.22424
1761097965381,1002.24066
1761097965401,1002.22424
1761097965421,1002.1094
1761097965441,1002.0208
1761097965461,1001.95874
1761097965480,1001.9158
1761097965501,1001.89703
1761097965521,1001.85004
1761097965541,1001.8291
1761097965561,1001.8283
1761097965581,1001.84674
1761097965601,1001.8722
1761097965621,1001.89453
1761097965642,1001.9372
1761097965661,1001.9474
1761097965681,1001.9686
1761097965701,1001.98114
1761097965721,1002.0191
1761097965741,1002.08594
1761097965761,1002.1358
1761097965782,1002.1522
1761097965801,1002.1383
1761097965821,1002.1278
1761097965840,1002.06067
1761097965861,1002.11285
1761097965881,1002.16364
1761097965901,1002.1794
1761097965921,1002.1194
1761097965941,1001.9955
1761097965962,1001.84796
1761097965981,1001.71344
1761097966001,1001.6199
1761097966021,1001.59784
1761097966041,1001.65375
1761097966061,1001.7427
1761097966081,1001.7822
1761097966102,1001.8196
1761097966122,1001.85474
1761097966141,1001.92346
1761097966160,1001.9411
1761097966180,1001.97687
1761097966200,1001.98456
1761097966221,1002.0203
1761097966241,1002.0766
1761097966261,1002.14594
1761097966282,1002.1438
1761097966302,1002.17004
1761097966321,1002.1849
1761097966341,1002.22784
1761097966361,1002.1841
1761097966381,1002.1381
1761097966401,1002.0786
1761097966421,1002.03845
1761097966441,1002.0555
1761097966461,1002.0272
1761097966481,1001.99536
1761097966500,1001.9485
1761097966520,1001.8817
1761097966541,1001.86127
1761097966561,1001.843
1761097966581,1001.84503
1761097966601,1001.83954
1761097966622,1001.8197
1761097966641,1001.78296
1761097966661,1001.8094
1761097966681,1001.79877
1761097966701,1001.8185
1761097966721,1001.84515
1761097966741,1001.84485
1761097966761,1001.8903
1761097966782,1001.97455
1761097966801,1001.98364
1761097966821,1001.96655
1761097966841,1002.0208
1761097966861,1002.0613
1761097966881,1002.1119
1761097966901,1002.0652
1761097966921,1001.9994
1761097966941,1001.9531
1761097966962,1001.9533
1761097966981,1001.9569
1761097967001,1001.9452
1761097967021,1001.9514
1761097967041,1001.90985
1761097967061,1001.85095
1761097967081,1001.79285
1761097967101,1001.7811
1761097967122,1001.78485
1761097967141,1001.7739
1761097967161,1001.738
1761097967181,1001.7625
1761097967201,1001.77203
1761097967222,1001.79266
1761097967241,1001.85065
1761097967261,1001.92816
1761097967282,1001.9531
1761097967301,1002.05096
1761097967321,1002.09937
1761097967341,1002.1444
1761097967361,1002.22314
1761097967381,1002.28894
1761097967401,1002.28094
1761097967421,1002.1974
1761097967441,1002.0677
1761097967461,1001.9463
1761097967480,1001.8811
1761097967500,1001.8853
1761097967521,1001.8842
1761097967541,1001.90015
1761097967561,1001.8644
1761097967581,1001.8735
1761097967601,1001.8425
1761097967622,1001.8313
1761097967641,1001.8166
1761097967661,1001.84314
1761097967681,1001.8683
1761097967701,1001.8886
1761097967721,1001.85254
1761097967742,1001.83484
1761097967761,1001.8344
1761097967782,1001.83374
1761097967801,1001.85846
1761097967820,1001.84155
1761097967841,1001.83344
1761097967861,1001.8061
1761097967881,1001.8394
1761097967901,1001.90924
1761097967921,1001.9489
1761097967941,1001.9633
1761097967960,1001.90454
1761097967980,1001.80786
1761097968001,1001.7719
1761097968021,1001.8422
1761097968041,1001.90533
1761097968061,1001.9466
1761097968081,1001.9586
1761097968102,1001.9396
1761097968122,1001.90564
1761097968142,1001.84784
1761097968161,1001.76843
1761097968181,1001.7672
1761097968201,1001.6914
1761097968221,1001.685
1761097968241,1001.6741
1761097968261,1001.7056
1761097968282,1001.7558
1761097968301,1001.78613
1761097968321,1001.85254
1761097968341,1001.8842
1761097968361,1001.9469
1761097968381,1001.99677
1761097968402,1001.9368
1761097968422,1001.9302
1761097968441,1001.9072
1761097968460,1001.9069
1761097968480,1001.8666
1761097968500,1001.8908
1761097968521,1001.9556
1761097968541,1002.05035
1761097968561,1002.0161
1761097968581,1001.97003
1761097968601,1001.8961
1761097968621,1001.8739
1761097968640,1001.80176
1761097968661,1001.79706
1761097968680,1001.78546
1761097968700,1001.79517
1761097968721,1001.8114
1761097968741,1001.828
1761097968762,1001.8613
1761097968782,1001.85004
1761097968801,1001.85925
1761097968821,1001.8799
1761097968841,1001.9311
1761097968862,1001.9611
1761097968881,1001.9694
1761097968901,1001.9525
1761097968924,1001.96
1761097968942,1001.99426
1761097968961,1002.02985
1761097968980,1002.0122
1761097969000,1001.9528
1761097969021,1001.96356
1761097969040,1001.9594
1761097969061,1001.96124
1761097969081,1001.96094
1761097969101,1001.9661
1761097969121,1001.9872
1761097969140,1001.9485
1761097969160,1001.89813
1761097969181,1001.79095
1761097969200,1001.6899
1761097969221,1001.626
1761097969241,1001.62177
1761097969261,1001.6772
1761097969281,1001.7532
1761097969301,1001.8161
1761097969321,1001.8831
1761097969341,1001.92255
1761097969361,1001.9938
1761097969381,1002.0616
1761097969401,1002.1683
1761097969422,1002.20703
1761097969441,1002.1136
1761097969460,1002.0069
1761097969481,1001.91364
1761097969501,1001.83203
1761097969520,1001.8342
1761097969541,1001.8439
1761097969561,1001.8397
1761097969582,1001.8845
1761097969602,1001.9377
1761097969621,1001.97784
1761097969641,1001.98706
1761097969661,1001.948
1761097969681,1001.92267
1761097969701,1001.8669
1761097969721,1001.8183
1761097969741,1001.78015
1761097969761,1001.74817
1761097969781,1001.7463
1761097969801,1001.7038
1761097969821,1001.6917
1761097969841,1001.6836
1761097969861,1001.695
1761097969882,1001.6208
1761097969902,1001.6305
1761097969922,1001.59
1761097969941,1001.6397
1761097969960,1001.7369
1761097969980,1001.8253
1761097970000,1001.8716
1761097970020,1001.9058
1761097970041,1001.92004
1761097970061,1001.9047
1761097970081,1001.8736
1761097970102,1001.78613
1761097970121,1001.73816
1761097970141,1001.6852
1761097970161,1001.6966
1761097970180,1001.7005
1761097970201,1001.7507
1761097970221,1001.76
1761097970242,1001.73895
1761097970262,1001.70953
1761097970281,1001.71643
1761097970301,1001.7474
1761097970321,1001.78235
1761097970341,1001.7546
1761097970361,1001.745
1761097970381,1001.70984
1761097970402,1001.64844
1761097970422,1001.61456
1761097970441,1001.6133
1761097970461,1001.61206
1761097970481,1001.6233
1761097970501,1001.6475
1761097970521,1001.6372
1761097970541,1001.6885
1761097970561,1001.7169
1761097970582,1001.73566
1761097970602,1001.7706
1761097970621,1001.80676
1761097970641,1001.8058
1761097970661,1001.8235
1761097970681,1001.8831
1761097970701,1001.90405
1761097970721,1001.8978
1761097970741,1001.9474
1761097970761,1001.9509
1761097970781,1001.97015
1761097970801,1001.9363
1761097970821,1001.91003
1761097970841,1001.85864
1761097970861,1001.8558
1761097970882,1001.8713
1761097970902,1001.89484
1761097970922,1001.8914
1761097970940,1001.8822
1761097970961,1001.85895
1761097970980,1001.80237
1761097971001,1001.7836
1761097971020,1001.7578
1761097971041,1001.7283
1761097971061,1001.72406
1761097971082,1001.7111
1761097971101,1001.7083
1761097971121,1001.66534
1761097971140,1001.66235
1761097971161,1001.7183
1761097971181,1001.72003
1761097971201,1001.7169
1761097971221,1001.7631
1761097971241,1001.85254
1761097971262,1001.94
1761097971281,1002.0792
1761097971301,1002.23737
1761097971321,1002.3389
1761097971341,1002.30597
1761097971361,1002.1741
1761097971381,1002.12427
1761097971401,1002.09515
1761097971422,1002.03845
1761097971441,1001.9541
1761097971460,1001.8997
1761097971480,1001.8433
1761097971501,1001.8157
1761097971521,1001.73236
1761097971541,1001.6097
1761097971562,1001.5706
1761097971581,1001.5622
1761097971600,1001.47656
1761097971620,1001.44
1761097971640,1001.40924
1761097971661,1001.41345
1761097971681,1001.447
1761097971701,1001.4044
1761097971722,1001.35547
1761097971741,1001.3991
1761097971762,1001.36646
1761097971781,1001.3808
1761097971801,1001.3931
1761097971821,1001.34753
1761097971841,1001.2697
1761097971861,1001.2513
1761097971882,1001.2678
1761097971902,1001.24457
1761097971922,1001.21954
1761097971941,1001.2081
1761097971960,1001.2092
1761097971980,1001.1995
1761097972001,1001.24286
1761097972021,1001.2386
1761097972041,1001.2599
1761097972062,1001.253
1761097972081,1001.2691
1761097972101,1001.29047
1761097972121,1001.29315
1761097972140,1001.28064
1761097972161,1001.3113
1761097972181,1001.3249
1761097972201,1001.34625
1761097972221,1001.37915
1761097972243,1001.35516
1761097972261,1001.365
1761097972280,1001.3719
1761097972301,1001.3916
1761097972321,1001.41174
1761097972341,1001.39734
1761097972361,1001.41437
1761097972381,1001.4349
1761097972403,1001.4346
1761097972422,1001.4475
1761097972441,1001.4506
1761097972460,1001.45953
1761097972481,1001.4866
1761097972501,1001.4972
1761097972520,1001.49
1761097972541,1001.495
1761097972561,1001.5097
1761097972582,1001.5278
1761097972601,1001.49927
1761097972620,1001.4977
1761097972641,1001.5141
1761097972660,1001.5047
1761097972681,1001.53094
1761097972701,1001.54364
1761097972722,1001.53156
1761097972742,1001.5628
1761097972760,1001.55566
1761097972781,1001.5344
1761097972801,1001.5716
1761097972821,1001.5649
1761097972841,1001.5602
1761097972861,1001.5664
1761097972881,1001.5972
1761097972902,1001.5638
1761097972921,1001.5697
1761097972941,1001.5739
1761097972960,1001.56177
1761097972981,1001.5738
1761097973001,1001.5828
1761097973021,1001.6044
1761097973041,1001.5805
1761097973061,1001.5841
1761097973082,1001.61035
1761097973100,1001.5947
1761097973120,1001.6133
1761097973140,1001.60187
1761097973160,1001.5961
1761097973180,1001.59143
1761097973201,1001.6097
1761097973221,1001.6299
1761097973241,1001.6191
1761097973261,1001.6331
1761097973281,1001.60675
1761097973301,1001.61786
1761097973321,1001.61035
1761097973341,1001.61426
1761097973361,1001.6369
1761097973381,1001.6244
1761097973402,1001.6349
1761097973421,1001.6255
1761097973443,1001.60394
1761097973461,1001.6296
1761097973480,1001.61346
1761097973501,1001.61646
1761097973521,1001.60876
1761097973541,1001.6302
1761097973562,1001.6444
1761097973582,1001.60986
1761097973601,1001.65063
1761097973621,1001.6392
1761097973641,1001.65094
1761097973661,1001.65985
1761097973681,1001.66785
1761097973701,1001.65424
1761097973721,1001.65173
1761097973742,1001.6555
1761097973761,1001.65125
1761097973781,1001.6428
1761097973801,1001.64484
1761097973821,1001.6755
1761097973841,1001.64703
1761097973861,1001.66113
1761097973884,1001.66034
1761097973903,1001.65063
1761097973922,1001.66516
1761097973941,1001.6425
1761097973960,1001.65656
1761097973980,1001.64594
1761097974000,1001.66595
1761097974021,1001.68036
1761097974041,1001.6825
1761097974061,1001.6777
1761097974082,1001.6783
1761097974101,1001.645
1761097974121,1001.66895
1761097974141,1001.66864
1761097974161,1001.6752
1761097974181,1001.67847
1761097974201,1001.6772
1761097974221,1001.66376
1761097974242,1001.67255
1761097974261,1001.66656
1761097974281,1001.65735
1761097974301,1001.67017
1761097974321,1001.66156
1761097974341,1001.66736
1761097974361,1001.6455
1761097974382,1001.6544
1761097974402,1001.64484
1761097974421,1001.6436
1761097974442,1001.67114
1761097974460,1001.6399
1761097974480,1001.6561
1761097974500,1001.6719
1761097974521,1001.65125
1761097974541,1001.67255
1761097974561,1001.66595
1761097974581,1001.66736
1761097974601,1001.66223
1761097974620,1001.66766
1761097974640,1001.6805
1761097974661,1001.65125
1761097974681,1001.65906
1761097974701,1001.6508
1761097974722,1001.66315
1761097974741,1001.66815
1761097974761,1001.6467
1761097974781,1001.67377
1761097974801,1001.653
1761097974821,1001.66266
1761097974841,1001.68207
1761097974861,1001.65424
1761097974882,1001.6827
1761097974902,1001.6708
1761097974921,1001.6825
1761097974942,1001.6572
1761097974961,1001.67035
1761097974980,1001.67645
1761097975001,1001.65625
1761097975021,1001.66156
1761097975041,1001.6858
1761097975062,1001.678
1761097975081,1001.66504
1761097975101,1001.6755
1761097975121,1001.66925
1761097975141,1001.66284
1761097975160,1001.6489
1761097975181,1001.6302
1761097975201,1001.6716
1761097975221,1001.6841
1761097975241,1001.65814
1761097975261,1001.6394
1761097975282,1001.6478
1761097975301,1001.6458
1761097975322,1001.65094
1761097975341,1001.65393
1761097975361,1001.64624
1761097975382,1001.6503
1761097975401,1001.6472
1761097975421,1001.6425
1761097975441,1001.66345
1761097975460,1001.62427
1761097975480,1001.6328
1761097975501,1001.6472
1761097975521,1001.6335
1761097975541,1001.64
1761097975561,1001.6285
1761097975581,1001.6319
1761097975601,1001.6158
1761097975621,1001.6141
1761097975641,1001.6461
1761097975661,1001.6394
1761097975681,1001.638
1761097975702,1001.6374
1761097975722,1001.6392
1761097975741,1001.6369
1761097975761,1001.6406
1761097975781,1001.6416
1761097975801,1001.62177
1761097975821,1001.6127
1761097975841,1001.6331
1761097975862,1001.6277
1761097975881,1001.6311
1761097975901,1001.6389
1761097975921,1001.6261
1761097975941,1001.5911
1761097975961,1001.60547
1761097975981,1001.6222
1761097976001,1001.62427
1761097976021,1001.6285
1761097976042,1001.6247
1761097976062,1001.6389
1761097976080,1001.6447
1761097976101,1001.6238
1761097976121,1001.6369
1761097976141,1001.6413
1761097976161,1001.6353
1761097976181,1001.6163
1761097976202,1001.6441
1761097976222,1001.6364
1761097976241,1001.64954
1761097976261,1001.6338
1761097976281,1001.6399
1761097976301,1001.65
1761097976321,1001.6369
1761097976341,1001.64874
1761097976362,1001.6325
1761097976382,1001.64594
1761097976401,1001.66394
1761097976421,1001.6244
1761097976441,1001.62317
1761097976460,1001.6221
1761097976480,1001.6311
1761097976501,1001.6439
1761097976521,1001.6261
1761097976541,1001.6141
1761097976561,1001.6189
1761097976581,1001.6292
1761097976601,1001.635
1761097976621,1001.6264
1761097976641,1001.633
1761097976661,1001.6333
1761097976682,1001.6152
1761097976702,1001.6406
1761097976722,1001.6305
1761097976740,1001.6336
1761097976761,1001.6175
1761097976780,1001.6238
1761097976801,1001.6133
1761097976821,1001.6353
1761097976842,1001.61127
1761097976862,1001.60864
1761097976882,1001.6158
1761097976901,1001.615
1761097976921,1001.63
1761097976941,1001.6272
1761097976961,1001.6175
1761097976980,1001.6091
1761097977001,1001.6247
1761097977021,1001.6305
1761097977041,1001.6152
1761097977061,1001.6389
1761097977082,1001.6361
1761097977101,1001.6291
1761097977121,1001.61285
1761097977141,1001.6278
1761097977161,1001.60345
1761097977181,1001.6338
1761097977202,1001.6316
1761097977221,1001.6174
1761097977241,1001.636
1761097977261,1001.6386
1761097977281,1001.6175
1761097977301,1001.61646
1761097977321,1001.6316
1761097977341,1001.6353
1761097977362,1001.6183
1761097977382,1001.62067
1761097977401,1001.6431
1761097977422,1001.60986
1761097977441,1001.61816
1761097977463,1001.623
1761097977480,1001.6324
1761097977501,1001.61346
1761097977521,1001.6225
1761097977541,1001.61816
1761097977561,1001.61096
1761097977581,1001.635
1761097977601,1001.6208
1761097977621,1001.6345
1761097977641,1001.6191
1761097977661,1001.626
1761097977681,1001.6292
1761097977702,1001.6274
1761097977721,1001.6253
1761097977740,1001.6297
1761097977761,1001.6199
1761097977780,1001.6411
1761097977801,1001.6208
1761097977821,1001.6335
1761097977841,1001.64233
1761097977862,1001.6305
1761097977882,1001.6194
1761097977901,1001.61127
1761097977921,1001.628
1761097977941,1001.6356
1761097977960,1001.6191
1761097977980,1001.6341
1761097978001,1001.6345
1761097978021,1001.6161
1761097978041,1001.6285
1761097978061,1001.6155
1761097978081,1001.6241
1761097978101,1001.64
1761097978121,1001.6335
1761097978141,1001.6363
1761097978161,1001.6257
1761097978182,1001.6458
1761097978202,1001.6405
1761097978221,1001.6431
1761097978241,1001.65875
1761097978262,1001.66705
1761097978281,1001.6633
1761097978301,1001.6422
1761097978322,1001.64923
1761097978342,1001.6364
1761097978362,1001.6353
1761097978381,1001.6497
1761097978401,1001.6269
1761097978421,1001.65424
1761097978441,1001.60815
1761097978460,1001.6341
1761097978481,1001.6224
1761097978501,1001.6249
1761097978521,1001.61847
1761097978541,1001.6299
1761097978561,1001.66095
1761097978580,1001.6433
1761097978600,1001.6255
1761097978621,1001.6278
1761097978640,1001.6403
1761097978661,1001.6152
1761097978681,1001.6344
1761097978701,1001.61487
1761097978721,1001.6316
1761097978740,1001.6116
1761097978761,1001.60205
1761097978781,1001.6033
1761097978800,1001.6205
1761097978821,1001.6241
1761097978842,1001.6299
1761097978862,1001.6136
1761097978881,1001.6138
1761097978901,1001.6214
1761097978921,1001.6302
1761097978941,1001.6266
1761097978960,1001.61847
1761097978980,1001.60864
1761097979001,1001.60284
1761097979021,1001.5933
1761097979041,1001.60516
1761097979061,1001.6044
1761097979081,1001.60675
1761097979101,1001.59314
1761097979121,1001.6163
1761097979141,1001.6261
1761097979161,1001.59784
1761097979182,1001.61017
1761097979202,1001.6188
1761097979221,1001.6282
1761097979241,1001.6033
1761097979261,1001.6383
1761097979281,1001.6214
1761097979301,1001.60535
1761097979321,1001.6177
1761097979342,1001.61456
1761097979362,1001.5905
1761097979381,1001.58984
1761097979401,1001.5828
1761097979421,1001.5933
1761097979441,1001.59204
1761097979461,1001.59314
1761097979481,1001.59863
1761097979501,1001.60315
1761097979521,1001.59094
1761097979541,1001.60284
1761097979560,1001.60754
1761097979581,1001.58954
1761097979600,1001.5811
1761097979620,1001.59143
1761097979641,1001.59595
1761097979661,1001.5866
1761097979681,1001.5739
1761097979702,1001.5836
1761097979721,1001.5758
1761097979740,1001.5672
1761097979760,1001.5811
1761097979780,1001.5767
1761097979801,1001.5925
1761097979821,1001.60223
1761097979842,1001.556
1761097979862,1001.59766
1761097979881,1001.59314
1761097979901,1001.5891
1761097979921,1001.59393
1761097979941,1001.566
1761097979961,1001.5755
1761097979981,1001.5836
1761097980001,1001.5738
1761097980021,1001.5564
1761097980040,1001.5699
1761097980060,1001.561
1761097980080,1001.5563
1761097980101,1001.5844
1761097980121,1001.5688
1761097980141,1001.5739
1761097980162,1001.5911
1761097980182,1001.58624
1761097980201,1001.5761
1761097980221,1001.585
1761097980241,1001.5745
1761097980261,1001.593
1761097980281,1001.5811
1761097980301,1001.5664
1761097980322,1001.5706
1761097980342,1001.5577
1761097980362,1001.55536
1761097980381,1001.53906
1761097980401,1001.53174
1761097980421,1001.5108
1761097980441,1001.52704
1761097980464,1001.53455
1761097980481,1001.52563
1761097980501,1001.54095
1761097980521,1001.53516
1761097980540,1001.55536
1761097980561,1001.58624
1761097980581,1001.5652
1761097980600,1001.5719
1761097980621,1001.5803
1761097980641,1001.585
1761097980662,1001.59924
1761097980681,1001.60205
1761097980701,1001.5569
1761097980721,1001.5636
1761097980740,1001.572
1761097980760,1001.548
1761097980780,1001.5738
1761097980801,1001.5719
1761097980821,1001.5472
1761097980842,1001.5616
1761097980861,1001.5538
1761097980881,1001.5564
1761097980901,1001.5703
1761097980921,1001.5502
1761097980941,1001.53674
1761097980961,1001.5563
1761097980981,1001.54535
1761097981001,1001.5408
1761097981022,1001.53796
1761097981041,1001.54144
1761097981061,1001.5761
1761097981081,1001.51
1761097981101,1001.5538
1761097981121,1001.5508
1761097981141,1001.56
1761097981161,1001.54236
1761097981181,1001.53906
1761097981201,1001.5502
1761097981221,1001.54364
1761097981241,1001.5638
1761097981260,1001.54926
1761097981281,1001.5558
1761097981301,1001.55396
1761097981321,1001.54376
1761097981342,1001.5433
1761097981361,1001.55396
1761097981381,1001.54144
1761097981401,1001.55145
1761097981421,1001.5575
1761097981441,1001.56067
1761097981461,1001.54877
1761097981481,1001.54956
1761097981501,1001.54785
1761097981521,1001.5433
1761097981540,1001.54297
1761097981561,1001.53485
1761097981580,1001.5336
1761097981601,1001.53925
1761097981621,1001.55237
1761097981641,1001.5616
1761097981661,1001.5655
1761097981682,1001.53656
1761097981701,1001.54565
1761097981721,1001.54645
1761097981740,1001.5469
1761097981761,1001.5566
1761097981781,1001.53235
1761097981801,1001.54266
1761097981821,1001.53064
1761097981842,1001.53613
1761097981861,1001.54877
1761097981881,1001.53156
1761097981901,1001.5253
1761097981921,1001.5466
1761097981941,1001.53644
1761097981961,1001.53973
1761097981981,1001.5549
1761097982001,1001.52875
1761097982021,1001.53125
1761097982040,1001.5078
1761097982060,1001.4988
1761097982081,1001.5078
1761097982100,1001.508
1761097982121,1001.5089
1761097982142,1001.5053
1761097982162,1001.5131
1761097982182,1001.5383
1761097982201,1001.4897
1761097982221,1001.511
1761097982241,1001.5106
1761097982261,1001.5181
1761097982281,1001.5088
1761097982301,1001.503
1761097982322,1001.53754
1761097982342,1001.5083
1761097982361,1001.5233
1761097982381,1001.5083
1761097982401,1001.49097
1761097982421,1001.5035
1761097982441,1001.5055
1761097982461,1001.4994
1761097982481,1001.5214
1761097982501,1001.5028
1761097982521,1001.47534
1761097982541,1001.48676
1761097982561,1001.48236
1761097982580,1001.48175
1761097982601,1001.48926
1761097982621,1001.4939
1761097982642,1001.4925
1761097982661,1001.4958
1761097982681,1001.5061
1761097982701,1001.4939
1761097982720,1001.5058
1761097982741,1001.49567
1761097982761,1001.5041
1761097982781,1001.5172
1761097982801,1001.52313
1761097982822,1001.5044
1761097982842,1001.4938
1761097982861,1001.508
1761097982881,1001.5019
1761097982901,1001.49457
1761097982921,1001.4969
1761097982941,1001.5175
1761097982961,1001.51025
1761097982981,1001.5113
1761097983001,1001.5114
1761097983021,1001.5202
1761097983041,1001.5025
1761097983060,1001.5041
1761097983081,1001.5013
1761097983101,1001.4886
1761097983121,1001.47876
1761097983142,1001.4983
1761097983161,1001.5094
1761097983181,1001.4919
1761097983201,1001.49457
1761097983221,1001.48785
1761097983240,1001.47003
1761097983261,1001.49146
1761097983281,1001.47034
1761097983301,1001.47485
1761097983322,1001.48206
1761097983342,1001.48175
1761097983361,1001.48047
1761097983381,1001.4888
1761097983401,1001.498
1761097983421,1001.47876
1761097983441,1001.47485
1761097983461,1001.47473
1761097983481,1001.47284
1761097983501,1001.4886
1761097983521,1001.46124
1761097983541,1001.48956
1761097983560,1001.48254
1761097983581,1001.48956
1761097983601,1001.48676
1761097983621,1001.48425
1761097983641,1001.4847
1761097983661,1001.45984
1761097983681,1001.47986
1761097983701,1001.4583
1761097983721,1001.48175
1761097983741,1001.46765
1761097983761,1001.4531
1761097983781,1001.4619
1761097983801,1001.46515
1761097983822,1001.47784
1761097983841,1001.45984
1761097983861,1001.468
1761097983881,1001.4589
1761097983901,1001.45593
1761097983921,1001.4577
1761097983941,1001.4719
1761097983961,1001.46765
1761097983981,1001.46814
1761097984002,1001.48346
1761097984020,1001.46063
1761097984040,1001.4455
1761097984060,1001.47723
1761097984080,1001.4583
1761097984101,1001.4422
1761097984121,1001.45593
1761097984141,1001.4422
1761097984162,1001.4578
1761097984181,1001.4486
1761097984201,1001.47424
1761097984221,1001.4536
1761097984241,1001.47095
1761097984261,1001.46204
1761097984281,1001.47363
1761097984301,1001.48895
1761097984321,1001.47876
1761097984341,1001.47015
1761097984361,1001.4469
1761097984381,1001.4561
1761097984401,1001.4492
1761097984421,1001.4655
1761097984441,1001.47174
1761097984461,1001.4675
1761097984481,1001.4553
1761097984500,1001.47284
1761097984520,1001.46515
1761097984540,1001.46875
1761097984560,1001.4538
1761097984580,1001.47345
1761097984601,1001.4446
1761097984621,1001.47156
1761097984641,1001.4277
1761097984661,1001.4441
1761097984681,1001.4478
1761097984700,1001.4517
1761097984720,1001.4542
1761097984740,1001.4708
1761097984760,1001.4477
1761097984781,1001.45953
1761097984801,1001.4711
1761097984821,1001.4506
1761097984841,1001.4456
1761097984861,1001.46765
1761097984881,1001.46124
1761097984903,1001.4567
1761097984921,1001.48236
1761097984941,1001.47974
1761097984961,1001.4844
1761097984982,1001.4619
1761097985000,1001.48114
1761097985020,1001.465
1761097985041,1001.4625
1761097985061,1001.48346
1761097985081,1001.48254
1761097985102,1001.4619
1761097985121,1001.4572
1761097985142,1001.47473
1761097985162,1001.46313
1761097985181,1001.47845
1761097985201,1001.47095
1761097985221,1001.47235
1761097985241,1001.47095
1761097985261,1001.4625
1761097985281,1001.488
1761097985302,1001.46484
1761097985322,1001.47375
1761097985341,1001.4658
1761097985361,1001.47705
1761097985381,1001.47485
1761097985401,1001.5058
1761097985421,1001.49316
1761097985442,1001.5078
1761097985461,1001.4794
1761097985482,1001.47064
1761097985500,1001.4844
1761097985521,1001.4883
1761097985540,1001.48566
1761097985560,1001.47815
1761097985581,1001.48236
1761097985600,1001.49927
1761097985621,1001.47406
1761097985641,1001.5032
1761097985660,1001.49
1761097985681,1001.4958
1761097985701,1001.46063
1761097985721,1001.47156
1761097985741,1001.4449
1761097985761,1001.47046
1761097985781,1001.4963
1761097985801,1001.4592
1761097985822,1001.47656
1761097985841,1001.47656
1761097985861,1001.48627
1761097985881,1001.47144
1761097985901,1001.47174
1761097985921,1001.46625
1761097985941,1001.4528
1761097985961,1001.4538
1761097985983,1001.46454
1761097986000,1001.46533
1761097986021,1001.4456
1761097986040,1001.4639
1761097986060,1001.4247
1761097986081,1001.48206
1761097986101,1001.4394
1761097986121,1001.4463
1761097986141,1001.4528
1761097986161,1001.47064
1761097986181,1001.4586
1761097986201,1001.4503
1761097986221,1001.4361
1761097986241,1001.4414
1761097986261,1001.4628
1761097986282,1001.4466
1761097986301,1001.42926
1761097986322,1001.4396
1761097986341,1001.4414
1761097986361,1001.4327
1761097986382,1001.45294
1761097986401,1001.46875
1761097986421,1001.4758
1761097986441,1001.4647
1761097986462,1001.47034
1761097986483,1001.4553
1761097986501,1001.446
1761097986520,1001.4338
1761097986541,1001.42645
1761097986561,1001.4481
1761097986581,1001.4277
1761097986602,1001.44666
1761097986622,1001.435
1761097986642,1001.43036
1761097986661,1001.4399
1761097986681,1001.4391
1761097986701,1001.4349
1761097986721,1001.4506
1761097986741,1001.4469
1761097986761,1001.4316
1761097986782,1001.44165
1761097986801,1001.42706
1761097986821,1001.41394
1761097986841,1001.4208
1761097986861,1001.4319
1761097986881,1001.4394
1761097986901,1001.41986
1761097986921,1001.40704
1761097986941,1001.4352
1761097986962,1001.40393
1761097986984,1001.41003
1761097987001,1001.3917
1761097987021,1001.3856
1761097987041,1001.4005
1761097987060,1001.3978
1761097987081,1001.40594
1761097987101,1001.3925
1761097987121,1001.4019
1761097987142,1001.3927
1761097987161,1001.4022
1761097987180,1001.3911
1761097987201,1001.3836
1761097987221,1001.3849
1761097987241,1001.3991
1761097987261,1001.41144
1761097987282,1001.40454
1761097987302,1001.42017
1761097987321,1001.3952
1761097987341,1001.3841
1761097987361,1001.3799
1761097987381,1001.3977
1761097987400,1001.3863
1761097987421,1001.3822
1761097987441,1001.39343
1761097987461,1001.4
1761097987480,1001.40735
1761097987500,1001.41516
1761097987521,1001.42505
1761097987540,1001.41656
1761097987560,1001.41516
1761097987581,1001.41113
1761097987601,1001.41815
1761097987621,1001.41016
1761097987641,1001.40625
1761097987661,1001.40094
1761097987681,1001.4108
1761097987701,1001.4327
1761097987721,1001.42346
1761097987741,1001.41766
1761097987761,1001.4008
1761097987781,1001.40594
1761097987802,1001.41235
1761097987821,1001.3931
1761097987841,1001.3796
1761097987861,1001.3941
1761097987882,1001.3975
1761097987901,1001.39484
1761097987923,1001.373
1761097987941,1001.38
1761097987961,1001.42065
1761097987980,1001.3958
1761097988001,1001.3922
1761097988021,1001.3938
1761097988041,1001.4044
1761097988060,1001.3835
1761097988081,1001.41547
1761097988105,1001.39734
1761097988118,1001.3856
1761097988137,1001.40845
1761097988157,1001.3977
1761097988177,1001.3686
1761097988198,1001.3831
1761097988217,1001.4069
1761097988237,1001.385
1761097988258,1001.3889
1761097988277,1001.3938
1761097988297,1001.3831
1761097988317,1001.3863
1761097988338,1001.3622
1761097988357,1001.383
1761097988377,1001.39594
1761097988397,1001.3816
1761097988417,1001.35675
1761097988437,1001.3821
1761097988457,1001.34784
1761097988478,1001.36646
1761097988498,1001.35675
1761097988518,1001.35895
1761097988538,1001.35614
1761097988557,1001.3724
1761097988578,1001.3903
1761097988597,1001.3775
1761097988617,1001.3881
1761097988638,1001.3913
1761097988658,1001.375
1761097988678,1001.3764
1761097988698,1001.3997
1761097988718,1001.3902
1761097988737,1001.3928
1761097988757,1001.3808
1761097988777,1001.3694
1761097988797,1001.3763
1761097988818,1001.387
1761097988838,1001.385
1761097988859,1001.3616
1761097988877,1001.3747
1761097988897,1001.3733
1761097988917,1001.3461
1761097988937,1001.35504
1761097988958,1001.36816
1761097988978,1001.37427
1761097988998,1001.35614
1761097989018,1001.3583
1761097989038,1001.3738
1761097989057,1001.3375
1761097989077,1001.3636
1761097989097,1001.34424
1761097989118,1001.3611
1761097989138,1001.3558
1761097989158,1001.3372
1761097989178,1001.3394
1761097989198,1001.3258
1761097989218,1001.3342
1761097989237,1001.3202
1761097989257,1001.3425
1761097989278,1001.328
1761097989297,1001.3339
1761097989318,1001.3199
1761097989338,1001.3222
1761097989358,1001.3105
1761097989377,1001.3096
1761097989397,1001.3272
1761097989417,1001.29816
1761097989437,1001.3256
1761097989457,1001.3261
1761097989477,1001.3358
1761097989497,1001.3242
1761097989518,1001.30457
1761097989537,1001.33844
1761097989557,1001.3153
1761097989577,1001.3066
1761097989597,1001.29315
1761097989617,1001.3191
1761097989637,1001.3058
1761097989657,1001.28723
1761097989678,1001.3089
1761097989698,1001.5275
1761097989717,1001.626
1761097989737,1001.6522
1761097989757,1001.55096
1761097989777,1001.4008
1761097989797,1001.29767
1761097989818,1001.2388
1761097989838,1001.24457
1761097989858,1001.2449
1761097989926,1001.2694
1761097989926,1001.28253
1761097989926,1001.2758
1761097989937,1001.2727
1761097989958,1001.2631
1761097989977,1001.2739
1761097989997,1001.2794
1761097990017,1001.2705
1761097990037,1001.298
1761097990057,1001.29956
1761097990077,1001.2755
1761097990099,1001.2721
1761097990117,1001.27313
1761097990137,1001.30347
1761097990157,1001.3033
1761097990177,1001.3127
1761097990197,1001.30005
1761097990217,1001.29987
1761097990237,1001.3174
1761097990258,1001.29645
1761097990277,1001.29285
1761097990297,1001.2983
1761097990317,1001.2758
1761097990337,1001.2716
1761097990358,1001.2677
1761097990377,1001.3064
1761097990397,1001.28174
1761097990417,1001.28925
1761097990437,1001.3066
1761097990457,1001.28345
1761097990478,1001.2944
1761097990498,1001.28796
1761097990518,1001.29285
1761097990537,1001.2986
1761097990557,1001.29254
1761097990577,1001.2972
1761097990597,1001.27423
1761097990618,1001.29486
1761097990637,1001.28656
1761097990657,1001.27454
1761097990678,1001.28613
1761097990697,1001.28674
1761097990717,1001.29095
1761097990737,1001.27484
1761097990757,1001.2616
1761097990777,1001.2574
1761097990797,1001.29047
1761097990817,1001.28174
1761097990838,1001.2655
1761097990858,1001.2805
1761097990877,1001.2716
1761097990897,1001.2603
1761097990917,1001.2667
1761097990937,1001.2658
1761097990957,1001.2675
1761097990977,1001.2705
1761097990998,1001.2447
1761097991018,1001.2811
1761097991038,1001.28406
1761097991057,1001.28674
1761097991077,1001.2716
1761097991097,1001.28503
1761097991120,1001.28345
1761097991137,1001.29156
1761097991157,1001.28
1761097991178,1001.26776
1761097991197,1001.2883
1761097991217,1001.2933
1761097991237,1001.29156
1761097991257,1001.303
1761097991277,1001.29987
1761097991297,1001.29315
1761097991317,1001.29626
1761097991338,1001.28564
1761097991357,1001.3127
1761097991377,1001.2908
1761097991398,1001.3075
1761097991417,1001.27515
1761097991437,1001.29156
1761097991457,1001.29645
1761097991477,1001.29315
1761097991498,1001.29346
1761097991518,1001.28986
1761097991539,1001.3063
1761097991557,1001.2991
1761097991577,1001.3125
1761097991597,1001.2997
1761097991617,1001.2966
1761097991638,1001.27594
1761097991658,1001.2703
1761097991678,1001.3096
1761097991697,1001.28925
1761097991717,1001.2694
1761097991737,1001.28986
1761097991757,1001.2847
1761097991777,1001.2919
1761097991797,1001.30536
1761097991817,1001.29456
1761097991838,1001.3138
1761097991857,1001.29236
1761097991877,1001.2769
1761097991897,1001.2955
1761097991917,1001.30347
1761097991937,1001.29626
1761097991957,1001.3121
1761097991977,1001.28784
1761097991998,1001.28687
1761097992017,1001.3163
1761097992037,1001.3008
1761097992057,1001.2736
1761097992077,1001.2797
1761097992097,1001.29736
1761097992118,1001.28595
1761097992137,1001.2725
1761097992158,1001.30566
1761097992178,1001.28503
1761097992197,1001.2706
1761097992217,1001.28546
1761097992238,1001.28406
1761097992257,1001.29767
1761097992277,1001.29926
1761097992297,1001.2572
1761097992319,1001.2725
1761097992339,1001.28906
1761097992357,1001.27954
1761097992377,1001.2883
1761097992397,1001.2858
1761097992417,1001.29016
1761097992438,1001.273
1761097992457,1001.2496
1761097992478,1001.2656
1761097992498,1001.2602
1761097992517,1001.2658
1761097992537,1001.2641
1761097992558,1001.261
1761097992577,1001.2658
1761097992597,1001.2555
1761097992618,1001.28864
1761097992638,1001.27783
1761097992658,1001.28485
1761097992678,1001.2755
1761097992697,1001.29425
1761097992717,1001.29236
1761097992737,1001.303
1761097992757,1001.2955
1761097992777,1001.28314
1761097992798,1001.2772
1761097992819,1001.2933
1761097992839,1001.3011
1761097992857,1001.30396
1761097992877,1001.28955
1761097992897,1001.2805
1761097992917,1001.29675
1761097992937,1001.29315
1761097992957,1001.28973
1761097992978,1001.3077
1761097992998,1001.28894
1761097993017,1001.28674
1761097993037,1001.30316
1761097993057,1001.29736
1761097993077,1001.2697
1761097993098,1001.2727
1761097993118,1001.2647
1761097993137,1001.2728
1761097993158,1001.2499
1761097993177,1001.27515
1761097993197,1001.2625
1761097993218,1001.28345
1761097993237,1001.268
1761097993257,1001.27893
1761097993277,1001.28015
1761097993297,1001.28174
1761097993318,1001.28986
1761097993338,1001.28015
1761097993357,1001.2741
1761097993377,1001.2847
1761097993397,1001.28687
1761097993417,1001.2969
1761097993437,1001.2805
1761097993457,1001.2688
1761097993479,1001.28864
1761097993498,1001.2822
1761097993517,1001.28796
1761097993537,1001.28265
1761097993557,1001.2933
1761097993577,1001.255
1761097993597,1001.2681
1761097993618,1001.2652
1761097993638,1001.29224
1761097993658,1001.27454
1761097993677,1001.2747
1761097993697,1001.2642
1761097993717,1001.28503
1761097993737,1001.258
1761097993757,1001.2634
1761097993778,1001.2691
1761097993798,1001.2672
1761097993818,1001.2558
1761097993838,1001.2663
1761097993858,1001.3136
1761097993877,1001.2555
1761097993897,1001.2571
1761097993917,1001.2631
1761097993937,1001.2616
1761097993958,1001.2496
1761097993978,1001.258
1761097993998,1001.29205
1761097994017,1001.267
1761097994037,1001.2549
1761097994057,1001.29376
1761097994077,1001.27
1761097994098,1001.2638
1761097994118,1001.258
1761097994138,1001.28125
1761097994158,1001.2639
1761097994177,1001.28314
1761097994197,1001.27704
1761097994217,1001.29285
1761097994237,1001.28754
1761097994257,1001.30176
1761097994278,1001.2795
1761097994299,1001.27893
1761097994318,1001.2625
1761097994337,1001.29047
1761097994357,1001.2675
1761097994377,1001.261
1761097994397,1001.2597
1761097994417,1001.2413
1761097994437,1001.24426
1761097994458,1001.2558
1761097994478,1001.2511
1761097994499,1001.23926
1761097994518,1001.27344
1761097994537,1001.24
1761097994557,1001.2561
1761097994578,1001.255
1761097994598,1001.2706
1761097994618,1001.26733
1761097994638,1001.27954
1761097994658,1001.24457
1761097994677,1001.2532
1761097994697,1001.2485
1761097994717,1001.2639
1761097994737,1001.2819
1761097994757,1001.2616
1761097994777,1001.2536
1761097994798,1001.2613
1761097994818,1001.28546
1761097994837,1001.23676
1761097994857,1001.2411
1761097994877,1001.2547
1761097994897,1001.2527
1761097994917,1001.2514
1761097994937,1001.2535
1761097994957,1001.22766
1761097994978,1001.2427
1761097994997,1001.22205
1761097995017,1001.2466
1761097995037,1001.22375
1761097995057,1001.21643
1761097995078,1001.2436
1761097995098,1001.22876
1761097995118,1001.2169
1761097995138,1001.24457
1761097995158,1001.21985
1761097995177,1001.2172
1761097995198,1001.22705
1761097995217,1001.22894
1761097995237,1001.23676
1761097995257,1001.22736
1761097995277,1001.22986
1761097995298,1001.22925
1761097995318,1001.2525
1761097995337,1001.2514
1761097995357,1001.2322
1761097995377,1001.2358
1761097995397,1001.2589
1761097995417,1001.2502
1761097995437,1001.2419
1761097995457,1001.2581
1761097995478,1001.256
1761097995497,1001.2538
1761097995517,1001.23505
1761097995537,1001.2388
1761097995557,1001.2416
1761097995577,1001.238
1761097995598,1001.22485
1761097995618,1001.21954
1761097995639,1001.23535
1761097995657,1001.23376
1761097995677,1001.23047
1761097995697,1001.20795
1761097995717,1001.2105
1761097995737,1001.2322
1761097995757,1001.22314
1761097995778,1001.2103
1761097995798,1001.2141
1761097995818,1001.2208
1761097995837,1001.22784
1761097995857,1001.21704
1761097995877,1001.2122
1761097995897,1001.1992
1761097995918,1001.15485
1761097995938,1001.1594
1761097995958,1001.2009
1761097995978,1001.16766
1761097995997,1001.17456
1761097996018,1001.16425
1761097996037,1001.16614
1761097996057,1001.15875
1761097996077,1001.1716
1761097996098,1001.16595
1761097996118,1001.1792
1761097996140,1001.1882
1761097996157,1001.17737
1761097996177,1001.1811
1761097996197,1001.16144
1761097996217,1001.1467
1761097996237,1001.1422
1761097996257,1001.1444
1761097996278,1001.1341
1761097996298,1001.1311
1761097996319,1001.12036
1761097996337,1001.1272
1761097996357,1001.1403
1761097996377,1001.1439
1761097996398,1001.16736
1761097996417,1001.15375
1761097996437,1001.16437
1761097996458,1001.15643
1761097996478,1001.1938
1761097996497,1001.1716
1761097996518,1001.2078
1761097996537,1001.2158
1761097996557,1001.2069
1761097996578,1001.186
1761097996598,1001.1936
1761097996618,1001.1805
1761097996638,1001.17786
1761097996657,1001.1775
1761097996677,1001.191
1761097996697,1001.2002
1761097996717,1001.1894
1761097996737,1001.1935
1761097996757,1001.1963
1761097996777,1001.1999
1761097996798,1001.1905
1761097996817,1001.21234
1761097996837,1001.20844
1761097996857,1001.21344
1761097996877,1001.22296
1761097996897,1001.2028
1761097996917,1001.1811
1761097996938,1001.1758
1761097996958,1001.1938
1761097996978,1001.2022
1761097996998,1001.1899
1761097997017,1001.21124
1761097997038,1001.2038
1761097997057,1001.21124
1761097997078,1001.2094
1761097997098,1001.18207
1761097997118,1001.1942
1761097997138,1001.2016
1761097997157,1001.1928
1761097997177,1001.15784
1761097997197,1001.17957
1761097997217,1001.1791
1761097997237,1001.1797
1761097997258,1001.1922
1761097997278,1001.17896
1761097997298,1001.2016
1761097997317,1001.17065
1761097997337,1001.1836
1761097997357,1001.1797
1761097997377,1001.1547
1761097997397,1001.1536
1761097997417,1001.1769
1761097997439,1001.1658
1761097997458,1001.15454
1761097997477,1001.1431
1761097997497,1001.16437
1761097997517,1001.17395
1761097997537,1001.17285
1761097997558,1001.1708
1761097997577,1001.14343
1761097997598,1001.17596
1761097997618,1001.1491
1761097997638,1001.15924
1761097997657,1001.16705
1761097997677,1001.1403
1761097997697,1001.1391
1761097997717,1001.153
1761097997737,1001.11255
1761097997758,1001.1247
1761097997778,1001.11426
1761097997798,1001.1364
1761097997817,1001.1205
1761097997837,1001.11487
1761097997857,1001.1264
1761097997877,1001.1297
1761097997897,1001.1247
1761097997918,1001.1467
1761097997939,1001.10657
1761097997958,1001.1494
1761097997977,1001.1249
1761097997997,1001.1328
1761097998017,1001.1324
1761097998037,1001.15
1761097998057,1001.1386
1761097998077,1001.1383
1761097998098,1001.1345
1761097998118,1001.1336
1761097998138,1001.1331
1761097998157,1001.1263
1761097998177,1001.1356
1761097998197,1001.10925
1761097998217,1001.10846
1761097998238,1001.1257
1761097998258,1001.1336
1761097998278,1001.09393
1761097998298,1001.0739
1761097998318,1001.0527
1761097998337,1001.08484
1761097998357,1001.08734
1761097998377,1001.0763
1761097998397,1001.0727
1761097998417,1001.0761
1761097998438,1001.0911
1761097998459,1001.1134
1761097998478,1001.1406
1761097998497,1001.10297
1761097998518,1001.10736
1761097998537,1001.1161
1761097998557,1001.11566
1761097998578,1001.1353
1761097998598,1001.138
1761097998618,1001.1377
1761097998637,1001.1311
1761097998657,1001.1363
1761097998677,1001.12427
1761097998697,1001.1353
1761097998717,1001.1469
1761097998737,1001.1253
1761097998758,1001.1252
1761097998778,1001.1352
1761097998798,1001.1328
1761097998817,1001.1352
1761097998837,1001.11456
1761097998857,1001.09937
1761097998877,1001.10376
1761097998897,1001.1274
1761097998918,1001.10144
1761097998938,1001.10474
1761097998958,1001.10266
1761097998977,1001.0972
1761097998997,1001.10547
1761097999017,1001.09644
1761097999037,1001.09155
1761097999057,1001.0852
1761097999078,1001.0891
1761097999098,1001.09283
1761097999118,1001.0667
1761097999137,1001.0767
1761097999157,1001.0803
1761097999177,1001.09644
1761097999197,1001.09454
1761097999217,1001.08704
1761097999237,1001.10504
1761097999257,1001.09265
1761097999278,1001.11816
1761097999297,1001.10706
1761097999317,1001.10236
1761097999337,1001.0936
1761097999357,1001.10266
1761097999377,1001.11096
1761097999397,1001.1183
1761097999418,1001.12177
1761097999438,1001.10986
1761097999458,1001.133
1761097999477,1001.10895
1761097999497,1001.1386
1761097999517,1001.1399
1761097999537,1001.135
1761097999557,1001.1344
1761097999578,1001.17236
1761097999598,1001.1257
1761097999618,1001.1335
1761097999638,1001.15625
1761097999657,1001.1224
1761097999677,1001.1228
1761097999697,1001.1213
1761097999717,1001.1414
1761097999737,1001.1188
1761097999759,1001.11285
1761097999778,1001.1361
1761097999797,1001.11456
1761097999817,1001.09125
1761097999837,1001.10486
1761097999858,1001.1464
1761097999878,1001.09937
1761097999898,1001.1083
1761097999917,1001.1391
1761097999938,1001.1325
1761097999958,1001.1347
1761097999977,1001.12427
1761097999997,1001.11096
1761098000017,1001.11426
1761098000037,1001.1255
1761098000057,1001.1335
1761098000078,1001.11096
1761098000098,1001.138
1761098000118,1001.11646
1761098000138,1001.1305
1761098000157,1001.1308
1761098000177,1001.1296
1761098000197,1001.121
1761098000217,1001.1282
1761098000238,1001.10706
1761098000258,1001.11017
1761098000278,1001.1194
1761098000297,1001.14624
1761098000317,1001.1161
1761098000337,1001.10504
1761098000357,1001.1372
1761098000377,1001.1283
1761098000397,1001.1191
1761098000418,1001.1311
1761098000438,1001.1155
1761098000457,1001.09924
1761098000477,1001.10706
1761098000497,1001.1197
1761098000518,1001.10144
1761098000537,1001.1133
1761098000558,1001.1249
1761098000578,1001.1213
1761098000598,1001.09894
1761098000619,1001.09784
1761098000637,1001.1197
1761098000657,1001.1197
1761098000677,1001.1247
1761098000697,1001.1233
1761098000717,1001.118
1761098000738,1001.1241
1761098000758,1001.11255
1761098000778,1001.10425
1761098000797,1001.1497
1761098000817,1001.10864
1761098000837,1001.1308
1761098000857,1001.1341
1761098000877,1001.1275
1761098000899,1001.11566
1761098000918,1001.10406
1761098000938,1001.1419
1761098000957,1001.108
1761098000977,1001.10034
1761098000998,1001.1091
1761098001017,1001.1241
1761098001038,1001.1221
1761098001058,1001.09235
1761098001078,1001.1199
1761098001098,1001.1174
1761098001118,1001.1455
1761098001138,1001.1253
1761098001157,1001.11566
1761098001177,1001.10986
1761098001197,1001.1342
1761098001217,1001.1277
1761098001238,1001.12
1761098001258,1001.1191
1761098001278,1001.1221
1761098001297,1001.1194
1761098001318,1001.1302
1761098001337,1001.10175
1761098001357,1001.1321
1761098001377,1001.1119
1761098001397,1001.1257
1761098001418,1001.11395
1761098001438,1001.118
1761098001457,1001.10925
1761098001477,1001.08453
1761098001497,1001.09424
1761098001517,1001.09155
1761098001538,1001.0816
1761098001558,1001.0749
1761098001578,1001.0852
1761098001598,1001.09955
1761098001617,1001.09924
1761098001637,1001.1116
1761098001658,1001.073
1761098001677,1001.0717
1761098001697,1001.09155
1761098001717,1001.0775
1761098001738,1001.0735
1761098001758,1001.09906
1761098001778,1001.10315
1761098001797,1001.0744
1761098001817,1001.0663
1761098001837,1001.0664
1761098001858,1001.0717
1761098001877,1001.08344
1761098001898,1001.0822
1761098001918,1001.09625
1761098001938,1001.09784
1761098001957,1001.08813
1761098001977,1001.0858
1761098001998,1001.09595
1761098002018,1001.1083
1761098002037,1001.09937
1761098002058,1001.11255
1761098002078,1001.09784
1761098002098,1001.09485
1761098002117,1001.09283
1761098002137,1001.1152
1761098002158,1001.09644
1761098002177,1001.10504
1761098002197,1001.10895
1761098002217,1001.10614
1761098002237,1001.08734
1761098002258,1001.08374
1761098002277,1001.0855
1761098002298,1001.10565
1761098002317,1001.08844
1761098002337,1001.09033
1761098002357,1001.08813
1761098002378,1001.0855
1761098002398,1001.0864
1761098002418,1001.09204
1761098002438,1001.0756
1761098002458,1001.10345
1761098002477,1001.0777
1761098002497,1001.09625
1761098002518,1001.0783
1761098002538,1001.10297
1761098002557,1001.0778
1761098002578,1001.08
1761098002598,1001.10126
1761098002617,1001.0819
1761098002637,1001.0869
1761098002657,1001.0875
1761098002677,1001.0735
1761098002697,1001.072
1761098002718,1001.0571
1761098002738,1001.04596
1761098002758,1001.077
1761098002777,1001.05347
1761098002797,1001.0699
1761098002817,1001.0594
1761098002837,1001.0753
1761098002857,1001.0744
1761098002877,1001.0555
1761098002898,1001.0613
1761098002918,1001.0577
1761098002937,1001.0616
1761098002957,1001.0786
1761098002977,1001.04175
1761098002997,1001.0483
1761098003017,1001.04486
1761098003038,1001.04675
1761098003058,1001.04175
1761098003078,1001.04016
1761098003099,1001.0588
1761098003119,1001.03156
1761098003138,1001.04987
1761098003160,1001.03174
1761098003177,1001.0228
1761098003197,1001.0239
1761098003217,1001.0208
1761098003238,1001.01733
1761098003258,1000.98236
1761098003277,1001.0081
1761098003297,1000.9847
1761098003317,1001.0141
1761098003337,1001.0075
1761098003357,1001.0228
1761098003377,1001.02344
1761098003400,1001.02783
1761098003418,1001.02454
1761098003437,1001.0319
1761098003457,1001.02203
1761098003477,1001.04626
1761098003497,1001.0233
1761098003518,1001.0516
1761098003538,1001.03845
1761098003558,1001.0333
1761098003578,1001.0261
1761098003599,1001.02515
1761098003617,1001.0192
1761098003637,1001.02313
1761098003657,1001.0227
1761098003677,1001.0203
1761098003697,1001.0266
1761098003717,1001.01733
1761098003738,1000.99347
1761098003758,1001.0016
1761098003777,1001.0175
1761098003797,1001.1249
1761098003817,1001.16626
1761098003837,1001.2733
1761098003857,1001.28766
1761098003878,1001.23395
1761098003898,1001.21454
1761098003918,1001.2369
1761098003937,1001.23376
1761098003957,1001.2656
1761098003977,1001.3033
1761098003998,1001.2786
1761098004020,1001.23157
1761098004037,1001.22675
1761098004058,1001.22296
1761098004078,1001.2028
1761098004098,1001.1882
1761098004117,1001.173
1761098004137,1001.1306
1761098004157,1001.10254
1761098004177,1001.1272
1761098004197,1001.10785
1761098004217,1001.1133
1761098004238,1001.08563
1761098004258,1000.996
1761098004277,1000.97815
1761098004297,1000.9719
1761098004318,1000.9506
1761098004337,1000.96313
1761098004357,1000.91895
1761098004377,1000.93317
1761098004398,1000.9308
1761098004418,1000.9311
1761098004437,1000.97345
1761098004457,1001.0708
1761098004477,1001.1044
1761098004497,1001.04016
1761098004517,1000.9581
1761098004538,1000.952
