1761099376194,1000.6888
1761099376214,1000.68286
1761099376234,1000.6433
1761099376255,1000.66504
1761099376274,1000.65283
1761099376294,1000.7003
1761099376314,1000.7147
1761099376334,1000.73627
1761099376354,1000.7388
1761099376374,1000.6878
1761099376394,1000.635
1761099376415,1000.61237
1761099376434,1000.65424
1761099376454,1000.6475
1761099376474,1000.6111
1761099376494,1000.60114
1761099376514,1000.60425
1761099376534,1000.60406
1761099376554,1000.60144
1761099376575,1000.60876
1761099376594,1000.6275
1761099376614,1000.60266
1761099376634,1000.61707
1761099376655,1000.6172
1761099376674,1000.60815
1761099376694,1000.60504
1761099376714,1000.62994
1761099376735,1000.6333
1761099376755,1000.6264
1761099376774,1000.6944
1761099376794,1000.72784
1761099376814,1000.77875
1761099376834,1000.7636
1761099376854,1000.73987
1761099376874,1000.7064
1761099376895,1000.7052
1761099376915,1000.65784
1761099376934,1000.6211
1761099376954,1000.6316
1761099376974,1000.68176
1761099376994,1000.6961
1761099377014,1000.7044
1761099377034,1000.6967
1761099377055,1000.6999
1761099377075,1000.6878
1761099377094,1000.6511
1761099377114,1000.6272
1761099377134,1000.6388
1761099377154,1000.62317
1761099377175,1000.5947
1761099377196,1000.6214
1761099377215,1000.6327
1761099377236,1000.6313
1761099377254,1000.66907
1761099377274,1000.67676
1761099377294,1000.65234
1761099377314,1000.64453
1761099377334,1000.6439
1761099377354,1000.66003
1761099377374,1000.7405
1761099377395,1000.8142
1761099377415,1000.9661
1761099377434,1001.1978
1761099377454,1001.41815
1761099377474,1001.48364
1761099377494,1001.5685
1761099377514,1001.53937
1761099377535,1001.4999
1761099377555,1001.4494
1761099377575,1001.4261
1761099377594,1001.4419
1761099377615,1001.4472
1761099377634,1000.86926
1761099377654,1000.8075
1761099377675,1000.9491
1761099377695,1001.0311
1761099377715,1001.14343
1761099377735,1001.2014
1761099377754,1001.1384
1761099377774,1001.0922
1761099377794,1001.0814
1761099377814,1001.08093
1761099377834,1001.06067
1761099377854,1001.0669
1761099377875,1001.0091
1761099377895,1000.96643
1761099377914,1000.8103
1761099377934,1000.55237
1761099377954,1000.3869
1761099377974,1000.3856
1761099377994,1000.41504
1761099378014,1000.41895
1761099378035,1000.4442
1761099378055,1000.45483
1761099378077,1000.4591
1761099378094,1000.501
1761099378114,1000.496
1761099378134,1000.47626
1761099378154,1000.48645
1761099378174,1000.47705
1761099378194,1000.48175
1761099378215,1000.5034
1761099378235,1000.5077
1761099378256,1000.4925
1761099378274,1000.4969
1761099378294,1000.52234
1761099378314,1000.5181
1761099378334,1000.5247
1761099378355,1000.52124
1761099378375,1000.548
1761099378395,1000.54376
1761099378414,1000.52704
1761099378435,1000.5522
1761099378454,1000.5511
1761099378474,1000.54034
1761099378494,1000.5759
1761099378517,1000.5741
1761099378535,1000.5511
1761099378555,1000.5741
1761099378574,1000.58765
1761099378594,1000.5522
1761099378614,1000.5536
1761099378634,1000.5636
1761099378654,1000.5583
1761099378675,1000.54004
1761099378694,1000.5683
1761099378715,1000.55035
1761099378735,1000.54376
1761099378755,1000.53015
1761099378774,1000.48175
1761099378794,1000.4578
1761099378814,1000.4428
1761099378834,1000.4411
1761099378854,1000.4419
1761099378875,1000.49036
1761099378895,1000.47955
1761099378914,1000.55536
1761099378934,1000.6163
1761099378960,1000.65674
1761099378974,1000.6981
1761099378994,1000.71
1761099379015,1000.7097
1761099379035,1000.7094
1761099379055,1000.73016
1761099379074,1000.7283
1761099379094,1000.7169
1761099379114,1000.7122
1761099379134,1000.7397
1761099379154,1000.73486
1761099379174,1000.7386
1761099379194,1000.7169
1761099379215,1000.73065
1761099379234,1000.7433
1761099379254,1000.72284
1761099379274,1000.7441
1761099379294,1000.765
1761099379314,1000.73584
1761099379334,1000.73126
1761099379355,1000.73755
1761099379375,1000.7624
1761099379394,1000.78
1761099379414,1000.7747
1761099379434,1000.8025
1761099379454,1000.79535
1761099379474,1000.8152
1761099379494,1000.8264
1761099379515,1000.822
1761099379535,1000.84784
1761099379555,1000.83453
1761099379574,1000.83923
1761099379594,1000.84094
1761099379615,1000.86456
1761099379634,1000.85065
1761099379655,1000.85474
1761099379675,1000.86285
1761099379696,1000.85486
1761099379715,1000.83344
1761099379735,1000.8627
1761099379754,1000.84814
1761099379774,1000.8294
1761099379794,1000.86926
1761099379814,1000.84125
1761099379834,1000.828
1761099379855,1000.8283
1761099379875,1000.83563
1761099379894,1000.8411
1761099379914,1000.87036
1761099379934,1000.8828
1761099379954,1000.8903
1761099379974,1000.89813
1761099379994,1000.8991
1761099380015,1000.8922
1761099380035,1000.8405
1761099380054,1000.843
1761099380076,1000.81067
1761099380094,1000.79614
1761099380114,1000.8088
1761099380134,1000.79755
1761099380154,1000.78625
1761099380175,1000.8166
1761099380195,1000.79456
1761099380215,1000.7535
1761099380234,1000.73236
1761099380254,1000.7489
1761099380274,1000.7727
1761099380294,1000.83704
1761099380314,1000.8714
1761099380334,1000.8831
1761099380355,1000.8663
1761099380375,1000.8386
1761099380394,1000.84985
1761099380414,1000.83234
1761099380434,1000.8267
1761099380454,1000.8122
1761099380474,1000.808
1761099380494,1000.8194
1761099380514,1000.80676
1761099380535,1000.8302
1761099380554,1000.8185
1761099380574,1000.8333
1761099380594,1000.83344
1761099380614,1000.84155
1761099380634,1000.79816
1761099380654,1000.828
1761099380674,1000.83344
1761099380695,1000.81177
1761099380714,1000.8447
1761099380734,1000.8244
1761099380754,1000.84924
1761099380774,1000.85144
1761099380794,1000.85486
1761099380814,1000.84924
1761099380835,1000.85706
1761099380854,1000.8663
1761099380875,1000.8622
1761099380894,1000.8802
1761099380927,1000.8794
1761099380941,1000.8966
1761099380954,1000.91284
1761099380974,1000.91296
1761099380994,1000.91016
1761099381014,1000.92456
1761099381035,1000.9108
1761099381054,1000.9464
1761099381074,1000.9597
1761099381101,1000.9572
1761099381120,1000.90594
1761099381141,1000.8978
1761099381161,1000.9297
1761099381181,1000.9341
1761099381201,1000.91003
1761099381221,1000.8813
1761099381241,1000.9463
1761099381261,1000.9733
1761099381281,1001.02423
1761099381302,1001.015
1761099381321,1000.96844
1761099381341,1000.9536
1761099381361,1000.9344
1761099381381,1000.96204
1761099381401,1000.9544
1761099381421,1000.97235
1761099381442,1000.9719
1761099381462,1000.99347
1761099381482,1000.9464
1761099381501,1000.9545
1761099381521,1000.91766
1761099381541,1000.93097
1761099381561,1000.98016
1761099381581,1001.0069
1761099381602,1000.97845
1761099381622,1001.02124
1761099381643,1001.1397
1761099381661,1001.22955
1761099381681,1001.28766
1761099381701,1001.22705
1761099381722,1001.1939
1761099381741,1001.1516
1761099381761,1001.16986
1761099381782,1001.3213
1761099381802,1001.4519
1761099381821,1001.48376
1761099381841,1001.6367
1761099381861,1001.7102
1761099381881,1001.7103
1761099381901,1001.6994
1761099381921,1001.6475
1761099381942,1001.683
1761099381961,1001.8169
1761099381981,1002.10205
1761099382002,1002.4672
1761099382021,1002.58734
1761099382041,1002.34064
1761099382061,1001.9355
1761099382086,1001.28894
1761099382101,1000.80145
1761099382121,1000.6408
1761099382141,1000.79517
1761099382161,1000.9369
1761099382181,1001.1719
1761099382201,1001.3013
1761099382221,1001.3085
1761099382241,1001.2606
1761099382261,1001.15564
1761099382282,1001.0889
1761099382302,1001.0755
1761099382321,1001.0744
1761099382341,1001.12427
1761099382361,1001.17676
1761099382381,1001.15924
1761099382401,1001.0541
1761099382421,1001.02905
1761099382441,1001.1425
1761099382462,1001.34595
1761099382481,1001.54565
1761099382501,1001.6247
1761099382521,1001.65265
1761099382541,1001.6597
1761099382562,1001.73004
1761099382581,1001.8341
1761099382601,1001.8961
1761099382623,1001.5811
1761099382642,1001.15594
1761099382661,1000.84985
1761099382681,1000.6788
1761099382701,1000.5627
1761099382721,1000.4978
1761099382741,1000.5227
1761099382761,1000.52844
1761099382782,1000.59894
1761099382802,1000.7714
1761099382821,1000.8605
1761099382841,1000.98126
1761099382861,1001.10425
1761099382881,1001.08093
1761099382901,1000.943
1761099382921,1000.79486
1761099382942,1000.7585
1761099382962,1000.72906
1761099382981,1000.71655
1761099383001,1000.72296
1761099383021,1000.71094
1761099383041,1000.66876
1761099383061,1000.6872
1761099383082,1000.7678
1761099383101,1000.74036
1761099383122,1000.6978
1761099383141,1000.7588
1761099383161,1000.7617
1761099383181,1000.6875
1761099383201,1000.7045
1761099383222,1000.6939
1761099383242,1000.72015
1761099383262,1000.6731
1761099383282,1000.73035
1761099383301,1000.7016
1761099383321,1000.7449
1761099383341,1000.79535
1761099383361,1000.8825
1761099383381,1000.83704
1761099383401,1000.83374
1761099383421,1000.90735
1761099383442,1000.9581
1761099383461,1001.04895
1761099383482,1001.1847
1761099383501,1001.3366
1761099383522,1001.4542
1761099383541,1001.60645
1761099383561,1001.46783
1761099383582,1001.2667
1761099383602,1001.2369
1761099383622,1001.15265
1761099383641,1001.10565
1761099383661,1001.17786
1761099383681,1001.21844
1761099383701,1001.1924
1761099383721,1001.0936
1761099383741,1001.0022
1761099383763,1000.9803
1761099383782,1000.8908
1761099383801,1000.8355
1761099383821,1000.7603
1761099383841,1000.7391
1761099383861,1000.72925
1761099383881,1000.8185
1761099383901,1000.9485
1761099383922,1001.02344
1761099383941,1001.0178
1761099383961,1000.8975
1761099383981,1000.79236
1761099384001,1000.7408
1761099384022,1000.77234
1761099384041,1000.8277
1761099384062,1000.90094
1761099384088,1000.9567
1761099384101,1001.0322
1761099384120,1001.09174
1761099384141,1001.05145
1761099384161,1001.0585
1761099384181,1001.09344
1761099384201,1001.0663
1761099384221,1001.0225
1761099384242,1000.9394
1761099384261,1000.8813
1761099384282,1000.8058
1761099384301,1000.8161
1761099384321,1000.8724
1761099384341,1000.9495
1761099384361,1000.97546
1761099384382,1001.0258
1761099384402,1001.1314
1761099384422,1001.2416
1761099384442,1001.2116
1761099384462,1001.08875
1761099384481,1000.883
1761099384501,1000.7613
1761099384521,1000.7639
1761099384541,1000.7819
1761099384562,1000.8297
1761099384582,1000.8666
1761099384602,1000.8308
1761099384621,1000.7566
1761099384641,1000.73456
1761099384661,1000.7005
1761099384681,1000.72314
1761099384701,1000.72125
1761099384721,1000.78406
1761099384741,1000.8952
1761099384762,1000.8952
1761099384781,1000.9322
1761099384801,1000.9644
1761099384821,1000.97284
1761099384841,1001.0083
1761099384861,1001.0574
1761099384881,1001.12427
1761099384901,1001.15173
1761099384921,1001.1408
1761099384942,1001.0702
1761099384961,1001.03125
1761099384981,1001.04205
1761099385001,1001.0538
1761099385021,1001.048
1761099385043,1001.0611
1761099385061,1001.0749
1761099385082,1001.1349
1761099385102,1001.0797
1761099385121,1000.97504
1761099385141,1000.8861
1761099385161,1000.8191
1761099385181,1000.7591
1761099385201,1000.77924
1761099385221,1000.8011
1761099385242,1000.83923
1761099385262,1000.9464
1761099385281,1001.03265
1761099385301,1001.028
1761099385321,1000.90564
1761099385342,1000.83624
1761099385361,1000.8283
1761099385381,1000.8778
1761099385402,1000.97766
1761099385422,1001.0864
1761099385441,1001.22876
1761099385461,1001.3138
1761099385481,1001.23706
1761099385501,1001.1836
1761099385521,1001.10474
1761099385541,1001.028
1761099385561,1000.9314
1761099385582,1000.8666
1761099385602,1000.8202
1761099385621,1000.85864
1761099385641,1000.8952
1761099385662,1000.9608
1761099385681,1000.95734
1761099385701,1000.85126
1761099385721,1000.8217
1761099385742,1000.8139
1761099385762,1000.84564
1761099385781,1000.8619
1761099385801,1000.8836
1761099385821,1000.7688
1761099385841,1000.77875
1761099385862,1000.79535
1761099385882,1000.8114
1761099385902,1000.8341
1761099385922,1000.8972
1761099385941,1001.0706
1761099385961,1001.0069
1761099385981,1000.97485
1761099386001,1001.0247
1761099386021,1001.05176
1761099386041,1001.0767
1761099386062,1001.0783
1761099386082,1001.10394
1761099386101,1001.0778
1761099386121,1001.0183
1761099386141,1000.9506
1761099386161,1000.90814
1761099386181,1000.8792
1761099386201,1000.8838
1761099386221,1000.8909
1761099386241,1000.90796
1761099386262,1000.8916
1761099386281,1000.8705
1761099386301,1000.8909
1761099386321,1000.91254
1761099386341,1000.91425
1761099386361,1000.91785
1761099386381,1000.94
1761099386402,1000.9407
1761099386422,1000.97455
1761099386441,1001.16766
1761099386461,1001.35175
1761099386481,1001.40594
1761099386501,1001.321
1761099386521,1001.1285
1761099386541,1001.0444
1761099386562,1001.0208
1761099386582,1001.02313
1761099386602,1000.995
1761099386621,1000.97064
1761099386641,1000.97345
1761099386661,1000.9509
1761099386682,1000.91547
1761099386702,1000.85205
1761099386722,1000.8508
1761099386742,1000.8375
1761099386761,1000.8864
1761099386781,1000.903
1761099386801,1000.9305
1761099386821,1000.96924
1761099386841,1000.9933
1761099386862,1000.9964
1761099386882,1000.9655
1761099386902,1000.9405
1761099386922,1001.0597
1761099386941,1001.0447
1761099386961,1001.0789
1761099386981,1001.22345
1761099387001,1001.2571
1761099387021,1001.28625
1761099387042,1001.1427
1761099387062,1001.02344
1761099387082,1000.9641
1761099387101,1000.9524
1761099387121,1000.9719
1761099387141,1000.98315
1761099387162,1001.05676
1761099387181,1001.04456
1761099387202,1001.0172
1761099387222,1000.99615
1761099387242,1001.03156
1761099387261,1001.0228
1761099387281,1001.02484
1761099387302,1001.0194
1761099387321,1000.9919
1761099387342,1001.0555
1761099387361,1001.1147
1761099387382,1001.2758
1761099387402,1001.4961
1761099387421,1001.5214
1761099387441,1001.42896
1761099387461,1001.22375
1761099387481,1001.11957
1761099387501,1001.02124
1761099387521,1000.9972
1761099387542,1000.98505
1761099387562,1001.0227
1761099387582,1000.99896
1761099387601,1000.9597
1761099387621,1000.9453
1761099387641,1000.92456
1761099387661,1000.89734
1761099387681,1000.91986
1761099387701,1000.9258
1761099387722,1000.9658
1761099387742,1001.0574
1761099387761,1001.09937
1761099387782,1001.3041
1761099387801,1001.1116
1761099387821,1001.1175
1761099387841,1001.10675
1761099387861,1001.30286
1761099387882,1001.3913
1761099387902,1001.191
1761099387921,1001.04205
1761099387941,1000.988
1761099387961,1000.9675
1761099387981,1000.9422
1761099388001,1000.97156
1761099388022,1001.04266
1761099388042,1001.1252
1761099388063,1001.11255
1761099388081,1001.0469
1761099388101,1001.0497
1761099388122,1001.08844
1761099388141,1001.1397
1761099388161,1001.1505
1761099388181,1001.23145
1761099388202,1001.4469
1761099388222,1001.4489
1761099388241,1001.2755
1761099388263,1001.20483
1761099388281,1001.1163
1761099388301,1001.108
1761099388321,1001.1208
1761099388341,1001.0653
1761099388361,1001.06067
1761099388382,1001.0124
1761099388402,1001.0033
1761099388421,1000.97906
1761099388441,1000.9599
1761099388462,1000.9472
1761099388481,1000.96204
1761099388502,1001.03424
1761099388521,1001.08875
1761099388542,1001.09485
1761099388562,1001.10187
1761099388581,1001.09625
1761099388601,1001.2092
1761099388622,1001.1138
1761099388641,1001.11035
1761099388661,1001.2983
1761099388681,1001.59705
1761099388702,1001.61176
1761099388722,1001.2775
1761099388741,1001.14484
1761099388761,1001.1119
1761099388782,1001.05817
1761099388801,1001.05096
1761099388821,1001.0624
1761099388842,1001.0619
1761099388862,1001.0172
1761099388882,1001.03546
1761099388901,1001.0186
1761099388921,1001.0239
1761099388941,1001.0574
1761099388961,1001.10065
1761099388981,1001.1116
1761099389001,1001.0699
1761099389022,1001.08923
1761099389042,1001.115
1761099389062,1001.14453
1761099389081,1001.15454
1761099389101,1001.2183
1761099389121,1001.29877
1761099389141,1001.4447
1761099389161,1001.37317
1761099389181,1001.2508
1761099389201,1001.15814
1761099389222,1001.15204
1761099389241,1001.18286
1761099389261,1001.1755
1761099389281,1001.14453
1761099389301,1001.1058
1761099389321,1001.0922
1761099389341,1001.08093
1761099389362,1001.03906
1761099389382,1000.9941
1761099389402,1001.0
1761099389421,1001.0138
1761099389441,1001.09937
1761099389461,1001.15765
1761099389482,1001.17377
1761099389501,1001.2055
1761099389522,1001.1811
1761099389542,1001.20483
1761099389561,1001.1292
1761099389581,1001.1216
1761099389602,1001.1427
1761099389621,1001.3783
1761099389641,1001.4417
1761099389662,1001.3369
1761099389682,1001.21985
1761099389702,1001.253
1761099389722,1001.27893
1761099389741,1001.22974
1761099389761,1001.2541
1761099389782,1001.29266
1761099389801,1001.35046
1761099389821,1001.2697
1761099389841,1001.22675
1761099389862,1001.21063
1761099389882,1001.22534
1761099389901,1001.21124
1761099389921,1001.2507
1761099389941,1001.31177
1761099389961,1001.34515
1761099389981,1001.28265
1761099390001,1001.2552
1761099390022,1001.1814
1761099390042,1001.10895
1761099390061,1001.08704
1761099390081,1001.2355
1761099390102,1001.3019
1761099390121,1001.2658
1761099390141,1001.17377
1761099390161,1001.15656
1761099390181,1001.20703
1761099390202,1001.2614
1761099390221,1001.24066
1761099390242,1001.3102
1761099390261,1001.35815
1761099390282,1001.4392
1761099390301,1001.40796
1761099390321,1001.35657
1761099390342,1001.3322
1761099390362,1001.2694
1761099390383,1001.2974
1761099390402,1001.41125
1761099390421,1001.5647
1761099390441,1001.6995
1761099390461,1001.7194
1761099390481,1001.54034
1761099390501,1001.3902
1761099390522,1001.2466
1761099390542,1001.28894
1761099390561,1001.4055
1761099390581,1001.2761
1761099390601,1001.17847
1761099390621,1001.1311
1761099390641,1001.03015
1761099390661,1001.03723
1761099390682,1001.07074
1761099390702,1001.08844
1761099390721,1001.09235
1761099390741,1001.34503
1761099390761,1001.43097
1761099390781,1001.447
1761099390801,1001.4316
1761099390821,1001.39844
1761099390842,1001.3461
1761099390862,1001.35815
1761099390881,1001.42377
1761099390901,1001.5275
1761099390921,1001.53723
1761099390941,1001.4522
1761099390961,1001.4311
1761099390981,1001.5233
1761099391001,1001.4711
1761099391022,1001.43427
1761099391043,1001.4614
1761099391061,1001.47754
1761099391081,1001.28534
1761099391101,1001.0933
1761099391121,1000.97125
1761099391141,1000.9421
1761099391161,1000.9386
1761099391182,1000.96173
1761099391202,1001.09125
1761099391221,1001.24817
1761099391241,1001.33813
1761099391261,1001.2617
1761099391281,1001.0669
1761099391301,1001.03705
1761099391322,1001.0755
1761099391342,1001.09937
1761099391362,1001.1866
1761099391381,1001.27893
1761099391401,1001.4283
1761099391422,1001.4456
1761099391443,1001.4427
1761099391461,1001.4531
1761099391482,1001.39624
1761099391502,1001.3288
1761099391522,1001.2577
1761099391541,1001.15955
1761099391562,1001.0664
1761099391581,1001.0635
1761099391601,1001.1911
1761099391621,1001.3325
1761099391641,1001.4216
1761099391662,1001.4563
1761099391682,1001.3952
1761099391702,1001.27924
1761099391721,1001.1238
1761099391741,1001.0791
1761099391761,1001.18176
1761099391782,1001.2005
1761099391801,1001.0702
1761099391822,1000.9847
1761099391842,1000.9555
1761099391862,1001.0166
1761099391881,1001.0795
1761099391901,1001.025
1761099391922,1000.97314
1761099391941,1000.9416
1761099391961,1000.9841
1761099391981,1001.0552
1761099392002,1001.1294
1761099392022,1001.2172
1761099392041,1001.22375
1761099392061,1001.202
1761099392081,1001.22546
1761099392101,1001.3255
1761099392121,1001.41296
1761099392141,1001.4416
1761099392162,1001.4258
1761099392182,1001.33386
1761099392202,1001.2794
1761099392221,1001.2491
1761099392242,1001.2603
1761099392261,1001.29816
1761099392281,1001.35236
1761099392301,1001.4517
1761099392322,1001.46704
1761099392342,1001.41223
1761099392362,1001.29816
1761099392382,1001.22406
1761099392402,1001.1985
1761099392422,1001.15533
1761099392441,1001.0699
1761099392461,1001.0097
1761099392482,1000.97736
1761099392502,1000.9938
1761099392522,1001.06
1761099392541,1001.1995
1761099392561,1001.28595
1761099392582,1001.2629
1761099392601,1001.1708
1761099392621,1001.10345
1761099392641,1001.08484
1761099392662,1001.09064
1761099392682,1001.15
1761099392701,1001.22144
1761099392721,1001.3763
1761099392741,1001.42377
1761099392761,1001.2591
1761099392781,1001.16345
1761099392802,1001.10956
1761099392822,1001.0549
1761099392842,1001.0025
1761099392861,1000.99536
1761099392881,1000.99097
1761099392902,1000.97235
1761099392921,1001.0035
1761099392941,1001.0036
1761099392961,1001.0311
1761099392981,1001.0749
1761099393002,1001.0724
1761099393022,1001.0822
1761099393041,1001.10596
1761099393062,1001.0911
1761099393082,1001.09155
1761099393101,1001.142
1761099393121,1001.20483
1761099393141,1001.16675
1761099393161,1001.2689
1761099393182,1001.59735
1761099393202,1001.85284
1761099393221,1001.6388
1761099393241,1001.2819
1761099393261,1001.1697
1761099393281,1001.09784
1761099393301,1001.10736
1761099393322,1001.1311
1761099393342,1001.11285
1761099393361,1001.11676
1761099393381,1001.0641
1761099393401,1001.04425
1761099393421,1001.03
1761099393441,1001.0166
1761099393461,1001.04614
1761099393482,1001.0817
1761099393502,1001.1283
1761099393521,1001.1266
1761099393541,1001.14484
1761099393562,1001.11017
1761099393581,1001.1428
1761099393601,1001.17206
1761099393621,1001.2066
1761099393642,1001.23645
1761099393662,1001.3328
1761099393681,1001.4506
1761099393701,1001.5078
1761099393721,1001.5646
1761099393741,1001.43036
1761099393761,1001.35175
1761099393781,1001.3261
1761099393802,1001.28925
1761099393822,1001.2758
1761099393842,1001.22314
1761099393861,1001.16595
1761099393881,1001.1331
1761099393901,1001.10474
1761099393921,1001.0696
1761099393941,1001.05676
1761099393962,1001.0508
1761099393982,1001.04016
1761099394002,1001.048
1761099394021,1001.0842
1761099394041,1001.1425
1761099394061,1001.17267
1761099394081,1001.18176
1761099394101,1001.2038
1761099394121,1001.202
1761099394142,1001.1721
1761099394162,1001.1516
1761099394181,1001.17505
1761099394201,1001.2675
1761099394221,1001.4905
1761099394241,1001.3994
1761099394261,1001.2908
1761099394281,1001.2622
1761099394302,1001.273
1761099394322,1001.2645
1761099394341,1001.2592
1761099394361,1001.2555
1761099394381,1001.2775
1761099394401,1001.2603
1761099394421,1001.213
1761099394441,1001.136
1761099394462,1001.1353
1761099394482,1001.1252
1761099394502,1001.1369
1761099394521,1001.1406
1761099394541,1001.1536
1761099394561,1001.17737
1761099394581,1001.1921
1761099394601,1001.23016
1761099394621,1001.22955
1761099394642,1001.22534
1761099394662,1001.22595
1761099394682,1001.2605
1761099394701,1001.2585
1761099394721,1001.268
1761099394741,1001.35876
1761099394761,1001.5208
1761099394782,1001.49347
1761099394802,1001.5624
1761099394822,1001.7041
1761099394841,1001.53754
1761099394861,1001.34595
1761099394881,1001.3216
1761099394901,1001.35645
1761099394921,1001.37427
1761099394941,1001.41437
1761099394961,1001.3583
1761099394982,1001.2571
1761099395001,1001.16565
1761099395021,1001.16046
1761099395041,1001.1325
1761099395061,1001.105
1761099395081,1001.137
1761099395101,1001.10706
1761099395121,1001.16235
1761099395142,1001.1853
1761099395162,1001.2055
1761099395181,1001.2175
1761099395201,1001.2394
1761099395221,1001.22144
1761099395242,1001.2331
1761099395262,1001.22784
1761099395282,1001.23816
1761099395302,1001.24817
1761099395322,1001.31177
1761099395341,1001.4675
1761099395361,1001.41095
1761099395381,1001.41394
1761099395401,1001.35406
1761099395421,1001.3838
1761099395441,1001.41113
1761099395462,1001.3755
1761099395482,1001.42645
1761099395501,1001.4939
1761099395521,1001.43317
1761099395542,1001.36005
1761099395561,1001.23846
1761099395581,1001.18097
1761099395602,1001.1835
1761099395622,1001.17206
1761099395641,1001.17957
1761099395661,1001.15656
1761099395681,1001.1921
1761099395701,1001.22144
1761099395721,1001.27423
1761099395741,1001.298
1761099395761,1001.2574
1761099395782,1001.2555
1761099395802,1001.30457
1761099395822,1001.3208
1761099395841,1001.3185
1761099395861,1001.3906
1761099395881,1001.54095
1761099395901,1001.6308
1761099395921,1001.73505
1761099395942,1001.6869
1761099395962,1001.6069
1761099395983,1001.5666
1761099396001,1001.5264
1761099396021,1001.4969
1761099396041,1001.4425
1761099396061,1001.4183
1761099396082,1001.3306
1761099396101,1001.2697
1761099396122,1001.2175
1761099396142,1001.1931
1761099396161,1001.1555
1761099396182,1001.1367
1761099396202,1001.15485
1761099396221,1001.15985
1761099396241,1001.2196
1761099396261,1001.2566
1761099396282,1001.28796
1761099396302,1001.28284
1761099396321,1001.28485
1761099396342,1001.2994
1761099396361,1001.29254
1761099396382,1001.2844
1761099396401,1001.5042
1761099396421,1001.6322
1761099396442,1001.73016
1761099396462,1001.60156
1761099396482,1001.5113
1761099396501,1001.5192
1761099396521,1001.5124
1761099396541,1001.5178
1761099396561,1001.59796
1761099396583,1001.6328
1761099396601,1001.6619
1761099396622,1001.5696
1761099396642,1001.4372
1761099396661,1001.3889
1761099396681,1001.41046
1761099396701,1001.43427
1761099396721,1001.4003
1761099396741,1001.40735
1761099396761,1001.47894
1761099396781,1001.47266
1761099396802,1001.4508
1761099396821,1001.4528
1761099396841,1001.3802
1761099396861,1001.2747
1761099396881,1001.22437
1761099396901,1001.21484
1761099396922,1001.29736
1761099396941,1001.43097
1761099396962,1001.40704
1761099396981,1001.3906
1761099397001,1001.3108
1761099397021,1001.3064
1761099397041,1001.3891
1761099397061,1001.4378
1761099397081,1001.4783
1761099397101,1001.4913
1761099397122,1001.49347
1761099397141,1001.4528
1761099397161,1001.40594
1761099397181,1001.388
1761099397201,1001.3347
1761099397221,1001.35284
1761099397241,1001.3782
1761099397261,1001.47314
1761099397281,1001.5736
1761099397301,1001.6436
1761099397321,1001.6995
1761099397341,1001.6247
1761099397361,1001.48047
1761099397381,1001.3408
1761099397401,1001.2611
1761099397422,1001.2483
1761099397442,1001.2986
1761099397462,1001.2638
1761099397481,1001.2455
1761099397501,1001.21765
1761099397521,1001.1794
1761099397541,1001.41394
1761099397561,1001.29565
1761099397581,1001.24097
1761099397601,1001.25525
1761099397622,1001.4819
1761099397641,1001.59534
1761099397661,1001.60504
1761099397681,1001.60956
1761099397701,1001.5811
1761099397721,1001.54816
1761099397741,1001.59656
1761099397762,1001.6763
1761099397782,1001.7091
1761099397802,1001.65454
1761099397821,1001.58875
1761099397841,1001.5719
1761099397861,1001.5897
1761099397881,1001.5596
1761099397901,1001.50964
1761099397921,1001.4883
1761099397942,1001.54175
1761099397963,1001.5211
1761099397981,1001.40015
1761099398001,1001.28253
1761099398021,1001.1967
1761099398041,1001.1438
1761099398061,1001.15063
1761099398082,1001.18286
1761099398102,1001.3116
1761099398122,1001.46454
1761099398141,1001.54034
1761099398161,1001.4547
1761099398181,1001.2694
1761099398201,1001.14844
1761099398221,1001.21344
1761099398241,1001.2422
1761099398262,1001.27893
1761099398282,1001.3096
1761099398301,1001.4108
1761099398321,1001.7672
1761099398342,1001.6497
1761099398361,1001.5033
1761099398381,1001.5002
1761099398401,1001.47284
1761099398422,1001.4421
1761099398442,1001.41296
1761099398462,1001.34204
1761099398481,1001.3153
1761099398501,1001.21313
1761099398522,1001.29736
1761099398542,1001.4385
1761099398561,1001.6094
1761099398581,1001.67645
1761099398602,1001.70953
1761099398622,1001.7983
1761099398641,1001.98035
1761099398661,1001.8661
1761099398681,1001.5805
1761099398701,1001.3127
1761099398722,1001.2574
1761099398742,1001.33453
1761099398762,1001.3378
1761099398782,1001.23254
1761099398801,1001.1892
1761099398821,1001.16205
1761099398841,1001.11096
1761099398861,1001.1289
1761099398881,1001.0969
1761099398902,1001.03546
1761099398922,1001.0444
1761099398943,1001.0683
1761099398961,1001.1294
1761099398981,1001.1425
1761099399002,1001.2663
1761099399021,1001.28687
1761099399042,1001.30457
1761099399062,1001.26
1761099399082,1001.2125
1761099399102,1001.2556
1761099399122,1001.2466
1761099399141,1001.256
1761099399162,1001.22656
1761099399182,1001.1963
1761099399201,1001.21533
1761099399221,1001.2322
1761099399242,1001.22174
1761099399262,1001.2616
1761099399282,1001.2511
1761099399302,1001.21564
1761099399322,1001.21814
1761099399341,1001.22266
1761099399361,1001.22974
1761099399381,1001.2458
1761099399402,1001.23926
1761099399422,1001.2585
1761099399442,1001.2691
1761099399461,1001.3058
1761099399481,1001.3955
1761099399501,1001.4997
1761099399521,1001.6122
1761099399541,1001.78406
1761099399561,1001.6985
1761099399582,1001.65234
1761099399603,1001.4938
1761099399622,1001.3211
1761099399642,1001.2703
1761099399661,1001.2797
1761099399681,1001.29224
1761099399701,1001.26733
1761099399722,1001.2571
1761099399742,1001.2133
1761099399763,1001.1892
1761099399782,1001.1963
1761099399802,1001.1874
1761099399821,1001.1811
1761099399841,1001.243
1761099399861,1001.2634
1761099399881,1001.30035
1761099399901,1001.3422
1761099399922,1001.343
1761099399942,1001.3138
1761099399962,1001.4467
1761099399981,1001.29486
1761099400001,1001.27954
1761099400021,1001.3297
1761099400041,1001.5558
1761099400061,1001.5533
1761099400082,1001.45703
1761099400103,1001.3436
1761099400121,1001.3358
1761099400141,1001.39844
1761099400161,1001.3691
1761099400181,1001.3208
1761099400201,1001.3205
1761099400221,1001.2944
1761099400241,1001.2688
1761099400261,1001.2703
1761099400281,1001.28296
1761099400301,1001.3155
1761099400321,1001.30817
1761099400341,1001.3174
1761099400361,1001.3333
1761099400381,1001.32416
1761099400402,1001.3364
1761099400421,1001.36566
1761099400442,1001.36005
1761099400461,1001.376
1761099400481,1001.4069
1761099400501,1001.4633
1761099400521,1001.5253
1761099400542,1001.638
1761099400562,1001.7044
1761099400582,1001.7507
1761099400602,1001.6886
1761099400621,1001.58923
1761099400641,1001.5028
1761099400661,1001.47095
1761099400681,1001.512
1761099400701,1001.54236
1761099400721,1001.5233
1761099400742,1001.5007
1761099400762,1001.4266
1761099400781,1001.3736
1761099400801,1001.3086
1761099400820,1001.28845
1761099400841,1001.243
1761099400861,1001.2494
1761099400881,1001.2727
1761099400902,1001.3036
1761099400921,1001.3824
1761099400941,1001.46924
1761099400961,1001.4405
1761099400981,1001.41376
1761099401001,1001.41174
1761099401021,1001.511
1761099401041,1001.42285
1761099401062,1001.409
1761099401083,1001.6167
1761099401102,1001.8669
1761099401121,1001.99927
1761099401142,1001.72034
1761099401161,1001.5049
1761099401181,1001.4339
1761099401202,1001.41046
1761099401221,1001.3883
1761099401241,1001.3767
1761099401262,1001.35614
1761099401281,1001.3269
1761099401301,1001.3147
1761099401321,1001.3077
1761099401341,1001.33234
1761099401361,1001.3597
1761099401381,1001.38403
1761099401402,1001.40625
1761099401424,1001.4284
1761099401441,1001.4288
1761099401461,1001.4658
1761099401481,1001.47925
1761099401501,1001.5053
1761099401521,1001.6105
1761099401541,1001.7397
1761099401562,1001.8344
1761099401582,1001.8052
1761099401601,1001.73755
1761099401621,1001.5761
1761099401641,1001.55676
1761099401662,1001.53644
1761099401681,1001.53894
1761099401701,1001.4877
1761099401722,1001.43
1761099401742,1001.3892
1761099401762,1001.35675
1761099401781,1001.3389
1761099401801,1001.3247
1761099401822,1001.30817
1761099401841,1001.28986
1761099401861,1001.34174
1761099401881,1001.3744
1761099401902,1001.4308
1761099401922,1001.4614
1761099401941,1001.46704
1761099401961,1001.72876
1761099401980,1001.5358
1761099402001,1001.54755
1761099402021,1001.7072
1761099402041,1001.96344
1761099402062,1002.00366
1761099402082,1001.7041
1761099402101,1001.5202
1761099402121,1001.4519
1761099402141,1001.4003
1761099402161,1001.3955
1761099402181,1001.41876
1761099402201,1001.41425
1761099402222,1001.35364
1761099402242,1001.3353
1761099402261,1001.3225
1761099402281,1001.35236
1761099402302,1001.4
1761099402321,1001.42645
1761099402341,1001.4378
1761099402361,1001.4489
1761099402381,1001.42175
1761099402402,1001.4433
1761099402421,1001.4578
1761099402441,1001.48627
1761099402461,1001.4974
1761099402481,1001.54315
1761099402501,1001.7055
1761099402521,1001.7639
1761099402541,1001.73926
1761099402562,1001.7061
1761099402582,1001.59283
1761099402601,1001.5058
1761099402621,1001.5149
1761099402641,1001.53455
1761099402661,1001.5808
1761099402681,1001.54114
1761099402702,1001.45844
1761099402722,1001.4389
1761099402743,1001.4008
1761099402761,1001.3766
1761099402781,1001.36096
1761099402801,1001.3353
1761099402821,1001.35205
1761099402841,1001.40845
1761099402861,1001.4513
1761099402882,1001.4536
1761099402902,1001.47064
1761099402922,1001.4325
1761099402941,1001.4325
1761099402961,1001.4291
1761099402981,1001.47253
1761099403002,1001.5114
1761099403021,1001.5638
1761099403041,1001.77594
1761099403061,1001.9005
1761099403083,1001.8831
1761099403101,1001.7544
1761099403121,1001.6249
1761099403141,1001.5585
1761099403161,1001.5694
1761099403182,1001.5747
1761099403202,1001.60815
1761099403222,1001.6472
1761099403242,1001.6335
1761099403261,1001.5502
1761099403281,1001.53534
1761099403301,1001.5758
1761099403321,1001.5839
1761099403341,1001.58563
1761099403361,1001.6338
1761099403381,1001.72125
1761099403402,1001.6931
1761099403421,1001.55096
1761099403441,1001.43427
1761099403461,1001.40204
1761099403481,1001.60406
1761099403501,1001.85876
1761099403521,1001.6308
1761099403542,1001.5013
1761099403562,1001.4447
1761099403581,1001.46844
1761099403601,1001.5781
1761099403621,1001.6927
1761099403641,1001.67847
1761099403661,1001.7063
1761099403682,1001.7044
1761099403701,1001.6269
1761099403722,1001.61536
1761099403741,1001.5811
1761099403762,1001.5522
1761099403781,1001.6861
1761099403801,1001.8719
1761099403821,1002.013
1761099403842,1002.08984
1761099403861,1002.0761
1761099403882,1001.952
1761099403902,1001.82587
1761099403921,1001.702
1761099403941,1001.7038
1761099403961,1001.5647
1761099403981,1001.45593
1761099404002,1001.3749
1761099404021,1001.4525
1761099404042,1001.4658
1761099404062,1001.445
1761099404081,1001.40454
1761099404101,1001.375
1761099404121,1001.6058
1761099404141,1001.6839
1761099404162,1001.6882
1761099404181,1001.686
1761099404202,1001.71924
1761099404222,1001.7574
1761099404241,1001.7775
1761099404261,1001.8222
1761099404282,1001.8072
1761099404301,1001.78705
1761099404321,1001.7369
1761099404341,1001.7649
1761099404362,1001.7664
1761099404382,1001.68427
1761099404401,1001.6274
1761099404421,1001.67535
1761099404441,1001.6846
1761099404461,1001.4545
1761099404481,1001.29395
1761099404501,1001.2478
1761099404521,1001.30994
1761099404542,1001.47485
1761099404562,1001.5749
1761099404581,1002.10956
1761099404601,1001.7347
1761099404622,1001.4758
1761099404641,1001.4385
1761099404661,1001.4733
1761099404682,1001.4933
1761099404703,1001.5724
1761099404722,1001.72064
1761099404742,1002.05566
1761099404762,1001.85455
1761099404781,1001.78564
1761099404801,1001.71124
1761099404821,1001.66656
1761099404841,1001.5897
1761099404862,1001.5447
1761099404882,1001.4759
1761099404902,1001.4008
1761099404922,1001.4344
1761099404942,1001.5575
1761099404961,1001.7507
1761099404981,1001.8192
1761099405001,1001.72723
1761099405022,1001.6136
1761099405042,1001.52313
1761099405061,1001.428
1761099405081,1001.34924
1761099405101,1001.4436
1761099405121,1001.5111
1761099405141,1001.41736
1761099405161,1001.3235
1761099405182,1001.3088
1761099405202,1001.2711
1761099405222,1001.3241
1761099405242,1001.465
1761099405261,1001.47626
1761099405281,1001.3874
1761099405301,1001.28296
1761099405321,1001.3214
1761099405342,1001.3675
1761099405362,1001.49567
1761099405382,1001.65533
1761099405401,1001.6683
1761099405421,1001.6914
1761099405441,1001.8344
1761099405461,1002.0106
1761099405481,1002.1302
1761099405501,1002.17926
1761099405522,1002.14954
1761099405542,1002.09875
1761099405561,1002.0064
1761099405581,1001.9583
1761099405601,1001.9658
1761099405621,1002.02313
1761099405641,1002.21094
1761099405661,1002.4108
1761099405681,1002.52704
1761099405702,1002.5272
1761099405721,1002.3906
1761099405741,1002.2505
1761099405761,1002.1547
1761099405781,1002.10016
1761099405801,1002.0336
1761099405821,1001.813
1761099405842,1001.5574
1761099405862,1001.3847
1761099405882,1001.41534
1761099405901,1001.5167
1761099405921,1001.483
1761099405941,1001.3913
1761099405961,1001.2447
1761099405981,1001.2122
1761099406002,1001.22705
1761099406022,1001.21234
1761099406042,1001.22534
1761099406061,1001.33453
1761099406081,1001.4411
1761099406101,1001.387
1761099406121,1001.35547
1761099406141,1001.36957
1761099406162,1001.3153
1761099406182,1001.2585
1761099406203,1001.2027
1761099406221,1001.1755
1761099406241,1001.16473
1761099406261,1001.1586
1761099406281,1001.15704
1761099406301,1001.18286
1761099406322,1001.2436
1761099406341,1001.2794
1761099406362,1001.2772
1761099406381,1001.28864
1761099406401,1001.2725
1761099406421,1001.3169
1761099406441,1001.3022
1761099406461,1001.3247
1761099406481,1001.55035
1761099406501,1001.66394
1761099406522,1001.7201
1761099406542,1001.9261
1761099406562,1002.1974
1761099406581,1002.14233
1761099406601,1001.86176
1761099406621,1001.7078
1761099406641,1001.61597
1761099406661,1001.4919
1761099406682,1001.4858
1761099406702,1001.4897
1761099406721,1001.4733
1761099406741,1001.3913
1761099406761,1001.36176
1761099406781,1001.34955
1761099406801,1001.3405
1761099406821,1001.313
1761099406842,1001.2627
1761099406862,1001.2728
1761099406881,1001.3153
1761099406901,1001.35645
1761099406921,1001.4439
1761099406941,1001.5569
1761099406961,1001.71265
1761099406982,1001.8867
1761099407002,1002.1755
1761099407022,1001.8855
1761099407041,1001.625
1761099407062,1001.54266
1761099407081,1001.49097
1761099407102,1001.4435
1761099407121,1001.4
1761099407141,1001.3739
1761099407162,1001.33374
1761099407182,1001.3255
1761099407202,1001.29034
1761099407221,1001.33093
1761099407241,1001.42395
1761099407261,1001.46906
1761099407281,1001.47284
1761099407301,1001.4894
1761099407322,1001.6444
1761099407342,1001.5025
1761099407362,1001.5658
1761099407381,1002.0808
1761099407401,1002.4322
1761099407421,1002.3352
1761099407441,1001.78015
1761099407461,1001.4913
1761099407481,1001.3688
1761099407502,1001.3228
1761099407522,1001.33344
1761099407541,1001.3228
1761099407561,1001.3219
1761099407581,1001.3806
1761099407601,1001.4275
1761099407621,1001.46844
1761099407641,1001.47455
1761099407662,1001.4572
1761099407682,1001.46375
1761099407702,1001.5053
1761099407721,1001.5491
1761099407741,1001.5947
1761099407761,1001.7535
1761099407781,1001.89984
1761099407801,1002.3306
1761099407821,1002.5614
1761099407842,1002.2092
1761099407862,1002.0706
1761099407882,1001.9358
1761099407901,1001.7703
1761099407922,1001.6122
1761099407941,1001.4975
1761099407961,1001.4266
1761099407982,1001.3442
1761099408002,1001.3058
1761099408022,1001.29486
1761099408041,1001.33624
1761099408061,1001.41296
1761099408081,1001.46625
1761099408101,1001.52924
1761099408121,1001.5294
1761099408142,1001.55707
1761099408162,1001.54846
1761099408184,1001.525
1761099408201,1001.5153
1761099408221,1001.5069
1761099408241,1001.5469
1761099408262,1001.9503
1761099408282,1002.08813
1761099408301,1001.8713
1761099408322,1001.6921
1761099408343,1001.6315
1761099408361,1001.54926
1761099408381,1001.5013
1761099408402,1001.4966
1761099408421,1001.47723
1761099408441,1001.4502
1761099408461,1001.3964
1761099408481,1001.3977
1761099408502,1001.3891
1761099408522,1001.39343
1761099408541,1001.4414
1761099408561,1001.47266
1761099408581,1001.5114
1761099408601,1001.53094
1761099408621,1001.54535
1761099408641,1001.5131
1761099408662,1001.5624
1761099408682,1001.588
1761099408701,1001.6416
1761099408721,1001.7627
1761099408741,1001.90265
1761099408761,1002.09906
1761099408781,1002.21484
1761099408802,1002.08093
1761099408822,1001.84955
1761099408842,1001.71875
1761099408862,1001.69
1761099408881,1001.61176
1761099408902,1001.61786
1761099408921,1001.60315
1761099408942,1001.5616
1761099408962,1001.52454
1761099408981,1001.47473
1761099409002,1001.44257
1761099409021,1001.42957
1761099409041,1001.4266
1761099409061,1001.458
1761099409081,1001.48596
1761099409102,1001.54376
1761099409121,1001.60876
1761099409142,1001.6325
1761099409162,1001.60254
1761099409182,1001.54376
1761099409202,1001.5544
1761099409221,1001.5697
1761099409241,1001.6319
1761099409261,1001.8394
1761099409281,1001.8757
1761099409301,1001.7739
1761099409322,1001.7691
1761099409342,1001.8286
1761099409362,1001.8202
1761099409381,1001.79987
1761099409401,1001.8827
1761099409421,1001.9469
1761099409441,1001.92676
1761099409461,1001.79236
1761099409482,1001.70844
1761099409502,1001.66156
1761099409521,1001.65393
1761099409541,1001.6761
1761099409561,1001.6755
1761099409581,1001.7472
1761099409601,1001.7606
1761099409622,1001.7983
1761099409642,1001.7642
1761099409662,1001.6413
1761099409681,1001.5027
1761099409701,1001.503
1761099409721,1001.6238
1761099409741,1001.78625
1761099409761,1001.8789
1761099409781,1001.7086
1761099409801,1001.55145
1761099409822,1001.59155
1761099409841,1001.71265
1761099409861,1001.8019
1761099409881,1001.85675
1761099409901,1002.0039
1761099409921,1002.0272
1761099409941,1001.9499
1761099409962,1001.79736
1761099409982,1001.78894
1761099410002,1001.7567
1761099410021,1001.7538
1761099410042,1001.8752
1761099410061,1002.0522
1761099410081,1002.22687
1761099410101,1002.29926
1761099410121,1002.2567
1761099410143,1002.0713
1761099410162,1001.8894
1761099410181,1001.7686
1761099410201,1001.8189
1761099410221,1001.84454
1761099410242,1001.58984
1761099410261,1001.498
1761099410282,1001.4531
1761099410302,1001.46954
1761099410322,1001.5816
1761099410341,1001.5311
1761099410361,1001.46985
1761099410381,1001.5853
1761099410401,1001.9534
1761099410421,1002.0241
1761099410441,1002.05566
1761099410462,1002.1896
1761099410481,1002.27124
1761099410501,1002.36676
1761099410521,1002.3916
1761099410541,1002.3811
1761099410561,1002.3252
1761099410581,1002.2589
1761099410601,1002.3233
1761099410621,1002.441
1761099410642,1002.4444
1761099410662,1002.41205
1761099410681,1002.3894
1761099410701,1002.27374
1761099410721,1001.8891
1761099410741,1001.53064
1761099410761,1001.4258
1761099410781,1001.39594
1761099410801,1001.48486
1761099410822,1001.6491
1761099410841,1001.7727
1761099410861,1001.62427
1761099410881,1001.47095
1761099410902,1001.3906
1761099410921,1001.4658
1761099410941,1001.5472
1761099410962,1001.5541
1761099410982,1001.60815
1761099411001,1001.7377
1761099411022,1002.10046
1761099411041,1002.0831
1761099411061,1001.9503
1761099411081,1001.9297
1761099411101,1001.8425
1761099411122,1001.6519
1761099411142,1001.54205
1761099411162,1001.48267
1761099411182,1001.41595
1761099411202,1001.5311
1761099411222,1001.73285
1761099411241,1001.79065
1761099411261,1001.8058
1761099411282,1001.7066
1761099411302,1001.5869
1761099411322,1001.5022
1761099411341,1001.5097
1761099411361,1001.47266
1761099411381,1001.43036
1761099411401,1001.40063
1761099411421,1001.3247
1761099411442,1001.3007
1761099411462,1001.3339
1761099411482,1001.36237
1761099411501,1001.37177
1761099411521,1001.40204
1761099411541,1001.72516
1761099411561,1001.6272
1761099411581,1001.5508
1761099411601,1001.54376
1761099411622,1001.55927
1761099411642,1001.5192
1761099411661,1001.48846
1761099411681,1001.47595
1761099411701,1001.4694
1761099411722,1001.4847
1761099411741,1001.4541
1761099411761,1001.4385
1761099411782,1001.47394
1761099411803,1001.47455
1761099411821,1001.4783
1761099411842,1001.51825
1761099411861,1001.54034
1761099411881,1001.5611
1761099411901,1001.54456
1761099411922,1001.5739
1761099411942,1001.6018
1761099411962,1001.6188
1761099411983,1001.65906
1761099412001,1001.6995
1761099412022,1001.8182
1761099412041,1001.9711
1761099412061,1001.99457
1761099412082,1001.98157
1761099412102,1002.0071
1761099412122,1001.84
1761099412142,1001.6991
1761099412162,1001.67346
1761099412181,1001.72614
1761099412202,1001.738
1761099412221,1001.67706
1761099412241,1001.6436
1761099412262,1001.5797
1761099412282,1001.51843
1761099412302,1001.47455
1761099412321,1001.4522
1761099412341,1001.46484
1761099412361,1001.4938
1761099412381,1001.52625
1761099412401,1001.5555
1761099412421,1001.5783
1761099412442,1001.5636
1761099412462,1001.5911
1761099412481,1001.61145
1761099412501,1001.58234
1761099412521,1001.613
1761099412541,1001.66284
1761099412562,1001.65985
1761099412582,1002.2541
1761099412602,1001.9371
1761099412622,1001.72546
1761099412642,1001.67114
1761099412661,1001.6461
1761099412681,1001.78925
1761099412701,1001.79376
1761099412721,1001.7739
1761099412741,1001.8286
1761099412761,1001.8277
1761099412782,1001.7944
1761099412802,1001.73376
1761099412821,1001.6708
1761099412842,1001.60315
1761099412861,1001.58203
1761099412881,1001.5563
1761099412901,1001.55206
1761099412921,1001.5455
1761099412942,1001.5583
1761099412962,1001.5663
1761099412982,1001.60614
1761099413001,1001.6536
1761099413021,1001.6799
1761099413041,1001.59796
1761099413061,1001.60626
1761099413082,1001.6247
1761099413102,1001.6597
1761099413123,1001.73267
1761099413142,1001.7538
1761099413161,1001.85504
1761099413182,1002.0239
1761099413201,1002.0433
1761099413221,1001.998
1761099413241,1002.1317
1761099413262,1002.2094
1761099413282,1001.9758
1761099413302,1001.8302
1761099413321,1001.92676
1761099413341,1001.97266
1761099413362,1001.9022
1761099413381,1001.8322
1761099413401,1001.73956
1761099413422,1001.6316
1761099413442,1001.5886
1761099413462,1001.5605
1761099413481,1001.5727
1761099413501,1001.5847
1761099413521,1001.5683
1761099413541,1001.6233
1761099413561,1001.7002
1761099413581,1001.7128
1761099413602,1001.6928
1761099413622,1001.73755
1761099413641,1001.7649
1761099413662,1001.71594
1761099413682,1001.67896
1761099413701,1001.765
1761099413721,1001.72687
1761099413741,1001.72876
1761099413761,1001.9578
1761099413783,1001.95
1761099413801,1001.8828
1761099413821,1001.6963
1761099413842,1001.7086
1761099413862,1001.765
1761099413881,1001.7805
1761099413901,1001.79987
1761099413921,1001.78406
1761099413942,1001.7025
1761099413962,1001.66797
1761099413981,1001.637
1761099414001,1001.6394
1761099414021,1001.65735
1761099414042,1001.653
1761099414061,1001.6894
1761099414082,1001.697
1761099414102,1001.7197
1761099414122,1001.7114
1761099414141,1001.71515
1761099414161,1001.67896
1761099414182,1001.7038
1761099414201,1001.7739
1761099414221,1001.8397
1761099414241,1001.79315
1761099414262,1001.8355
1761099414282,1001.9611
1761099414302,1002.09766
1761099414321,1002.0844
1761099414341,1002.0805
1761099414361,1002.0811
1761099414382,1002.1188
1761099414401,1001.9411
1761099414421,1001.9511
1761099414442,1002.0311
1761099414461,1002.11816
1761099414481,1002.1508
1761099414502,1002.02563
1761099414521,1001.8638
1761099414541,1001.7728
1761099414561,1001.65173
1761099414581,1001.6296
1761099414602,1001.6228
1761099414622,1001.6791
1761099414641,1001.66394
1761099414661,1001.6931
1761099414682,1001.708
1761099414701,1001.7502
1761099414721,1001.7585
1761099414741,1001.7483
1761099414762,1001.7581
1761099414783,1001.7567
1761099414801,1001.73987
1761099414821,1001.79254
1761099414841,1001.79486
1761099414861,1001.77203
1761099414881,1001.91534
1761099414902,1001.91736
1761099414922,1001.8789
1761099414942,1001.77563
1761099414962,1001.7091
1761099414981,1001.73035
1761099415001,1001.71063
1761099415021,1001.7528
1761099415042,1001.7114
1761099415061,1001.70953
1761099415082,1001.72345
1761099415102,1001.67706
1761099415121,1001.7155
1761099415141,1001.72766
1761099415162,1001.7513
1761099415181,1001.811
1761099415201,1001.84546
1761099415221,1001.8655
1761099415242,1001.8227
1761099415262,1001.8228
1761099415282,1001.8644
1761099415301,1001.9311
1761099415321,1002.09863
1761099415341,1002.2408
1761099415361,1002.2642
1761099415381,1002.3925
1761099415402,1002.33673
1761099415422,1002.1122
1761099415442,1002.0136
1761099415461,1001.98425
1761099415481,1001.9672
1761099415501,1001.90924
1761099415521,1001.8277
1761099415541,1001.76
1761099415562,1001.6886
1761099415582,1001.66205
1761099415602,1001.685
1761099415621,1001.66046
1761099415641,1001.67316
1761099415661,1001.6736
1761099415681,1001.7571
1761099415702,1001.8311
1761099415721,1001.8939
1761099415741,1001.84937
1761099415762,1001.89844
1761099415781,1001.84546
1761099415801,1001.9541
1761099415821,1001.8288
1761099415841,1001.78345
1761099415861,1001.8102
1761099415881,1001.84875
1761099415901,1001.85486
1761099415922,1001.8824
1761099415942,1001.8394
1761099415961,1001.7689
1761099415981,1001.84375
1761099416001,1001.86957
1761099416021,1001.8919
1761099416041,1001.9233
1761099416061,1001.90656
1761099416082,1001.91284
1761099416102,1001.85236
1761099416121,1001.79205
1761099416142,1001.80286
1761099416161,1001.821
1761099416181,1001.8394
1761099416201,1001.8458
1761099416221,1001.8172
1761099416242,1001.8294
1761099416262,1001.8419
1761099416281,1001.85706
1761099416301,1001.8956
1761099416321,1001.85657
1761099416341,1001.85474
1761099416361,1001.9058
1761099416382,1001.90454
1761099416402,1001.86145
1761099416422,1001.7747
1761099416441,1001.74347
1761099416461,1001.8261
1761099416481,1002.0103
1761099416501,1002.108
1761099416521,1001.9969
1761099416541,1001.9385
1761099416562,1001.90643
1761099416582,1001.9492
1761099416602,1002.04346
1761099416621,1002.1345
1761099416641,1002.2447
1761099416661,1002.2595
1761099416681,1002.2761
1761099416701,1002.22235
1761099416722,1002.1525
1761099416742,1002.1225
1761099416762,1002.1316
1761099416781,1002.0784
1761099416801,1002.03894
1761099416821,1002.1238
1761099416841,1002.2847
1761099416862,1002.48737
1761099416882,1002.5638
1761099416902,1002.52875
1761099416922,1002.4591
1761099416941,1002.35223
1761099416961,1002.21344
1761099416981,1002.1263
1761099417001,1002.2014
1761099417021,1002.27234
1761099417041,1002.0008
1761099417062,1001.8386
1761099417082,1001.71124
1761099417101,1001.6761
1761099417121,1001.71814
1761099417142,1001.73645
1761099417161,1001.7066
1761099417181,1001.6894
1761099417201,1001.6722
1761099417221,1001.8933
1761099417242,1001.96515
1761099417262,1001.96814
1761099417281,1001.97235
1761099417302,1001.97754
1761099417321,1001.96765
1761099417341,1002.0547
1761099417361,1002.1889
1761099417382,1002.29266
1761099417402,1002.3008
1761099417422,1002.2522
1761099417441,1002.16754
1761099417461,1002.16034
1761099417481,1002.15735
1761099417501,1002.1339
1761099417521,1002.10284
1761099417541,1002.21844
1761099417562,1002.2678
1761099417582,1002.0947
1761099417601,1001.90796
1761099417622,1001.7577
1761099417641,1001.688
1761099417661,1001.66364
1761099417681,1001.6903
1761099417701,1001.83374
1761099417722,1001.9072
1761099417742,1001.9458
1761099417761,1001.88
1761099417781,1001.78613
1761099417801,1001.7575
1761099417821,1001.7547
1761099417841,1001.7919
1761099417862,1001.81177
1761099417881,1001.8771
1761099417902,1001.96173
1761099417922,1002.23035
1761099417941,1002.21063
1761099417961,1002.16644
1761099417981,1002.17096
1761099418001,1002.1483
1761099418021,1002.09344
1761099418041,1002.03
1761099418062,1001.9602
1761099418083,1001.8587
1761099418101,1001.8347
1761099418121,1001.9388
1761099418141,1002.08563
1761099418161,1002.22003
1761099418181,1002.3074
1761099418201,1002.3291
1761099418222,1002.2532
1761099418242,1002.073
1761099418262,1001.8813
1761099418281,1001.858
1761099418301,1001.9439
1761099418321,1001.73535
1761099418341,1001.60516
1761099418361,1001.5785
1761099418382,1001.5605
1761099418402,1001.7661
1761099418422,1001.6963
1761099418441,1001.5513
1761099418461,1001.5019
1761099418481,1001.5622
1761099418502,1001.66174
1761099418521,1001.79846
1761099418542,1001.85767
1761099418562,1001.78143
1761099418581,1001.8342
1761099418601,1001.8819
1761099418622,1001.97705
1761099418641,1002.0724
1761099418661,1002.1503
1761099418681,1002.09534
1761099418702,1002.03955
1761099418722,1002.0037
1761099418742,1001.9758
1761099418761,1002.0017
1761099418782,1002.0086
1761099418801,1002.02374
1761099418822,1002.0836
1761099418841,1002.04407
1761099418861,1002.0086
1761099418882,1001.9369
1761099418902,1001.8266
1761099418921,1001.66956
1761099418941,1001.5727
1761099418961,1001.5261
1761099418981,1001.5586
1761099419001,1001.6802
1761099419021,1001.8736
1761099419042,1002.267
1761099419062,1002.2027
1761099419081,1001.8842
1761099419101,1001.74347
1761099419122,1001.7727
1761099419141,1001.80286
1761099419161,1001.8058
1761099419181,1002.0683
1761099419202,1002.28455
1761099419222,1002.1311
1761099419242,1002.1008
1761099419261,1002.11285
1761099419282,1002.03705
1761099419301,1001.8755
1761099419321,1001.7645
1761099419341,1001.7114
1761099419362,1001.6511
1761099419382,1001.6358
1761099419403,1001.6381
1761099419421,1001.6467
1761099419441,1001.6858
1761099419461,1001.6763
1761099419481,1001.6874
1761099419502,1001.6855
1761099419522,1001.68066
1761099419542,1001.6953
1761099419562,1001.72296
1761099419581,1001.7017
1761099419601,1001.7064
1761099419622,1001.6882
1761099419641,1001.7175
1761099419661,1001.7547
1761099419682,1001.72095
1761099419702,1001.7194
1761099419722,1001.72546
1761099419741,1001.8047
1761099419761,1001.8258
1761099419781,1002.04175
1761099419801,1002.0067
1761099419821,1001.86017
1761099419842,1001.7669
1761099419862,1001.8341
1761099419882,1001.85815
1761099419902,1001.99207
1761099419922,1002.0067
1761099419942,1001.958
1761099419961,1001.8124
1761099419982,1001.7627
1761099420002,1001.72876
1761099420021,1001.7627
1761099420042,1001.7552
1761099420062,1001.8127
1761099420082,1001.85004
1761099420102,1001.85004
1761099420121,1001.84796
1761099420141,1001.8331
1761099420161,1001.77313
1761099420181,1001.748
1761099420202,1001.7775
1761099420222,1001.85345
1761099420241,1001.90204
1761099420261,1001.92206
1761099420282,1001.98004
1761099420301,1002.15424
1761099420321,1002.3132
1761099420342,1002.3306
1761099420362,1002.2513
1761099420382,1002.36926
1761099420401,1002.255
1761099420421,1002.1249
1761099420441,1002.1839
1761099420461,1002.16473
1761099420481,1002.1339
1761099420501,1002.063
1761099420522,1001.91815
1761099420542,1001.78845
1761099420561,1001.7024
1761099420581,1001.6899
1761099420601,1001.6813
1761099420622,1001.67596
1761099420641,1001.6958
1761099420661,1001.7006
1761099420681,1001.7405
1761099420702,1001.83374
1761099420722,1001.92426
1761099420741,1001.9388
1761099420761,1001.8967
1761099420781,1001.86676
1761099420801,1001.883
1761099420821,1001.8611
1761099420841,1001.9349
1761099420862,1002.1335
1761099420882,1002.2822
1761099420901,1002.10016
1761099420922,1001.9469
1761099420941,1001.8917
1761099420961,1001.8328
1761099420981,1001.8866
1761099421002,1001.8608
1761099421022,1001.8727
1761099421042,1001.895
1761099421061,1001.8275
1761099421081,1001.7664
1761099421102,1001.763
1761099421121,1001.7714
1761099421141,1001.77704
1761099421161,1001.7681
1761099421182,1001.78595
1761099421202,1001.78705
1761099421221,1001.8214
1761099421241,1001.84454
1761099421261,1001.8989
1761099421282,1001.8819
1761099421301,1001.90656
1761099421321,1001.9586
1761099421342,1001.9611
1761099421362,1001.9783
1761099421381,1002.1324
1761099421401,1002.27814
1761099421421,1002.3121
1761099421441,1002.2535
1761099421461,1002.3055
1761099421481,1002.4891
1761099421502,1002.3819
1761099421522,1002.28656
1761099421542,1002.34015
1761099421561,1002.4233
1761099421581,1002.4446
1761099421601,1002.4511
1761099421621,1002.2067
1761099421641,1002.0236
1761099421662,1001.8669
1761099421682,1001.8364
1761099421702,1001.8019
1761099421721,1001.78595
1761099421742,1001.8105
1761099421762,1001.798
1761099421781,1001.79114
1761099421801,1001.8714
1761099421822,1001.8879
1761099421842,1001.9382
1761099421862,1001.968
1761099421881,1001.9733
1761099421902,1001.90875
1761099421921,1001.8936
1761099421942,1001.8833
1761099421962,1001.8802
1761099421981,1001.8961
1761099422002,1001.91223
1761099422022,1001.99066
1761099422042,1001.90405
1761099422062,1001.90594
1761099422082,1001.8708
1761099422101,1001.96344
1761099422121,1001.97974
1761099422141,1002.0047
1761099422162,1002.04895
1761099422182,1002.04565
1761099422202,1001.97296
1761099422221,1001.90015
1761099422241,1001.84766
1761099422262,1001.83093
1761099422281,1001.84515
1761099422301,1001.85406
1761099422321,1001.85046
1761099422342,1001.89734
1761099422363,1001.9385
1761099422382,1001.98535
1761099422401,1001.9396
1761099422421,1001.92285
1761099422441,1001.93176
1761099422461,1001.97644
1761099422481,1001.9897
1761099422503,1001.9902
1761099422522,1002.1363
1761099422541,1002.4694
1761099422561,1002.5203
1761099422581,1002.3186
1761099422602,1002.34924
1761099422621,1002.3994
1761099422641,1002.1394
1761099422661,1002.0019
1761099422682,1002.09796
1761099422702,1002.1221
1761099422721,1002.04785
1761099422742,1001.9577
1761099422762,1001.90735
1761099422781,1001.8721
1761099422801,1001.83
1761099422821,1001.8088
1761099422842,1001.84393
1761099422862,1001.86066
1761099422881,1001.87036
1761099422902,1001.9672
1761099422923,1002.04956
1761099422941,1002.061
1761099422961,1002.0167
1761099422982,1001.96094
1761099423002,1002.10474
1761099423022,1002.0039
1761099423041,1002.0128
1761099423061,1002.0628
1761099423082,1002.3444
1761099423101,1002.72363
1761099423121,1002.7642
1761099423142,1002.3422
1761099423161,1002.11395
1761099423182,1002.0561
1761099423201,1002.0028
1761099423221,1002.1264
1761099423241,1002.3158
1761099423261,1002.35046
1761099423281,1002.22314
1761099423301,1002.0778
1761099423321,1002.0683
1761099423342,1002.0099
1761099423362,1002.02515
1761099423381,1002.16284
1761099423401,1002.1877
1761099423421,1002.1875
1761099423441,1002.15704
1761099423461,1002.10895
1761099423481,1002.01953
1761099423502,1001.8611
1761099423522,1001.8096
1761099423542,1001.8147
1761099423561,1002.0742
1761099423581,1002.35626
1761099423601,1002.16095
1761099423621,1002.03876
1761099423642,1001.9522
1761099423662,1002.0164
1761099423682,1002.1461
1761099423701,1002.27954
1761099423721,1002.46173
1761099423741,1002.60236
1761099423761,1002.52203
1761099423781,1002.41754
1761099423801,1002.308
1761099423821,1002.2641
1761099423842,1002.29755
1761099423861,1002.21344
1761099423881,1002.2919
1761099423901,1002.60895
1761099423921,1002.8097
1761099423941,1002.8775
1761099423961,1003.018
1761099423982,1003.011
1761099424002,1002.73926
1761099424022,1002.3789
1761099424041,1002.3611
1761099424062,1002.5736
1761099424082,1002.3319
1761099424101,1001.9509
1761099424121,1001.7606
1761099424142,1001.70874
1761099424162,1001.8699
1761099424182,1001.8875
1761099424202,1001.81067
1761099424221,1001.7464
1761099424241,1001.72046
1761099424261,1002.088
1761099424281,1002.08453
1761099424301,1002.078
1761099424321,1002.09564
1761099424342,1002.1555
1761099424361,1002.2008
1761099424381,1002.33594
1761099424401,1002.4425
1761099424421,1002.508
1761099424441,1002.4383
1761099424461,1002.2703
1761099424481,1002.15985
1761099424501,1002.1744
1761099424521,1002.2628
1761099424541,1002.34174
1761099424561,1002.3886
1761099424581,1002.5486
1761099424601,1002.66394
1761099424621,1002.6914
1761099424641,1002.59814
1761099424662,1002.3425
1761099424682,1002.173
1761099424701,1002.0161
1761099424722,1001.85956
1761099424741,1001.7741
1761099424761,1001.7114
1761099424781,1001.72095
1761099424801,1001.78375
1761099424822,1001.9544
1761099424842,1002.1228
1761099424861,1002.1438
1761099424881,1001.9794
1761099424901,1001.8311
1761099424921,1001.85956
1761099424941,1001.9439
1761099424961,1001.97974
1761099424982,1001.99316
1761099425001,1002.21313
1761099425021,1002.54346
1761099425041,1002.4861
1761099425061,1002.5074
1761099425082,1002.5127
1761099425101,1002.48145
1761099425121,1002.29047
1761099425142,1002.1105
1761099425162,1002.05286
1761099425181,1002.03644
1761099425201,1002.131
1761099425221,1002.3881
1761099425241,1002.6461
1761099425261,1002.68176
1761099425281,1002.41046
1761099425301,1002.1341
1761099425321,1002.1278
1761099425342,1002.28143
1761099425362,1002.22266
1761099425381,1002.04626
1761099425401,1001.8172
1761099425421,1001.72723
1761099425441,1001.65234
1761099425461,1001.59973
1761099425482,1001.55927
1761099425502,1001.6102
1761099425521,1001.6597
1761099425541,1001.7067
1761099425561,1001.96423
1761099425581,1001.85657
1761099425601,1001.8663
1761099425621,1001.83093
1761099425642,1001.814
1761099425662,1001.7994
1761099425681,1001.8716
1761099425701,1001.8841
1761099425722,1001.8138
1761099425741,1001.77124
1761099425761,1001.7436
1761099425782,1001.6922
1761099425802,1001.65985
1761099425822,1001.6835
1761099425841,1001.7031
1761099425861,1001.72125
1761099425881,1001.7628
1761099425901,1001.8083
1761099425921,1001.8061
1761099425941,1001.843
1761099425961,1001.84814
1761099425982,1001.8702
1761099426002,1001.9141
1761099426021,1001.9563
1761099426041,1001.991
1761099426061,1002.17505
1761099426081,1002.3852
1761099426102,1002.46924
1761099426121,1002.5202
1761099426142,1002.65094
1761099426162,1002.715
1761099426181,1002.41003
1761099426202,1002.22095
1761099426222,1002.04926
1761099426241,1002.008
1761099426261,1001.947
1761099426281,1001.89624
1761099426302,1001.8249
1761099426322,1001.77954
1761099426341,1001.74677
1761099426361,1001.74036
1761099426381,1001.7766
1761099426401,1001.828
1761099426421,1001.91016
1761099426441,1001.9316
1761099426462,1001.9625
1761099426482,1001.9794
1761099426501,1001.91064
1761099426521,1001.89734
1761099426541,1001.93097
1761099426562,1001.9658
1761099426581,1001.9347
1761099426601,1002.23145
1761099426621,1002.29895
1761099426642,1002.15564
1761099426662,1002.04114
1761099426681,1001.9553
1761099426701,1001.9375
1761099426721,1001.98596
1761099426741,1001.9991
1761099426761,1001.97974
1761099426782,1001.96265
1761099426802,1001.91925
1761099426822,1001.85504
1761099426841,1001.8244
1761099426861,1001.8652
1761099426882,1001.83093
1761099426901,1001.85144
1761099426921,1001.8842
1761099426942,1001.8997
1761099426962,1001.91046
1761099426982,1001.9355
1761099427001,1001.99426
1761099427022,1002.018
1761099427041,1002.09143
1761099427061,1002.1788
1761099427081,1002.3158
1761099427102,1002.506
1761099427122,1002.636
1761099427142,1002.5596
1761099427162,1002.3716
1761099427182,1002.46515
1761099427201,1002.5164
1761099427221,1002.30566
1761099427241,1002.2477
1761099427261,1002.28986
1761099427282,1002.2694
1761099427302,1002.14844
1761099427322,1002.04895
1761099427341,1001.9382
1761099427361,1001.86066
1761099427381,1001.83093
1761099427401,1001.7955
1761099427421,1001.8872
1761099427441,1002.0125
1761099427462,1002.07166
1761099427482,1002.1438
1761099427501,1002.1583
1761099427521,1002.1277
1761099427541,1002.09985
1761099427561,1002.16724
1761099427581,1002.10364
1761099427601,1002.1835
1761099427622,1002.686
1761099427642,1003.2433
1761099427661,1002.92035
1761099427681,1002.46454
1761099427702,1002.2755
1761099427721,1002.1347
1761099427741,1002.03894
1761099427762,1001.99536
1761099427782,1001.98035
1761099427802,1001.97015
1761099427821,1001.91534
1761099427841,1001.8199
1761099427861,1001.8266
1761099427881,1001.8422
1761099427901,1001.85846
1761099427921,1001.8597
1761099427941,1001.8727
1761099427962,1001.8797
1761099427982,1001.9433
1761099428001,1001.97815
1761099428022,1001.9844
1761099428041,1002.0028
1761099428061,1002.0025
1761099428081,1002.0744
1761099428101,1002.16534
1761099428122,1002.42426
1761099428142,1002.517
1761099428161,1002.4302
1761099428182,1002.48425
1761099428201,1002.7697
1761099428221,1002.6953
1761099428241,1002.47784
1761099428261,1002.4492
1761099428282,1002.41565
1761099428302,1002.3205
1761099428321,1002.21094
1761099428341,1002.1241
1761099428361,1002.0336
1761099428381,1001.93176
1761099428401,1001.9094
1761099428421,1001.8761
1761099428442,1001.91675
1761099428462,1001.8944
1761099428481,1001.9991
1761099428501,1002.09485
1761099428521,1002.1098
1761099428541,1002.1183
1761099428561,1002.0919
1761099428581,1002.05927
1761099428602,1002.129
1761099428622,1002.1308
1761099428642,1002.1347
1761099428662,1002.2469
1761099428681,1002.54266
1761099428701,1002.821
1761099428721,1002.53613
1761099428742,1002.2333
1761099428762,1002.17395
1761099428782,1002.1772
1761099428802,1002.1761
1761099428821,1002.1814
1761099428842,1002.1189
1761099428862,1001.9969
1761099428881,1001.91754
1761099428901,1001.8842
1761099428921,1001.91895
1761099428942,1001.958
1761099428962,1002.0111
1761099428981,1002.0261
1761099429001,1002.0483
1761099429021,1002.0272
1761099429041,1002.0113
1761099429061,1002.0024
1761099429082,1002.0642
1761099429102,1002.1479
1761099429122,1002.17267
1761099429141,1002.28937
1761099429161,1002.52234
1761099429181,1002.623
1761099429201,1002.33704
1761099429221,1002.1769
1761099429241,1002.21643
1761099429262,1002.27515
1761099429282,1002.16364
1761099429302,1002.2496
1761099429321,1002.35266
1761099429341,1002.36285
1761099429361,1002.3425
1761099429381,1002.2411
1761099429401,1002.0883
1761099429422,1001.9911
1761099429442,1001.98004
1761099429463,1001.96594
1761099429481,1001.95593
1761099429501,1001.9586
1761099429521,1002.0044
1761099429542,1002.08093
1761099429561,1002.10736
1761099429581,1002.11145
1761099429601,1002.16473
1761099429622,1002.2034
1761099429641,1002.23987
1761099429661,1002.16345
1761099429681,1002.108
1761099429701,1002.1339
1761099429721,1002.0911
1761099429742,1002.0808
1761099429761,1002.03503
1761099429782,1002.04315
1761099429801,1002.0058
1761099429821,1002.028
1761099429842,1002.0727
1761099429861,1002.135
1761099429881,1002.136
1761099429901,1002.1266
1761099429922,1002.1522
1761099429942,1002.21765
1761099429962,1002.29755
1761099429982,1002.3666
1761099430001,1002.5541
1761099430022,1003.4366
1761099430042,1004.05786
1761099430061,1004.1838
1761099430081,1004.262
1761099430102,1004.3211
1761099430122,1004.41406
1761099430141,1004.5767
1761099430161,1004.4902
1761099430181,1004.4249
1761099430201,1004.39954
1761099430221,1004.5046
1761099430241,1005.0069
1761099430262,1005.09155
1761099430282,1005.05066
1761099430301,1005.28033
1761099430321,1005.5925
1761099430342,1005.8836
1761099430361,1005.7761
1761099430381,1005.4455
1761099430401,1005.3211
1761099430422,1004.9708
1761099430442,1004.55676
1761099430461,1004.4597
1761099430481,1004.395
1761099430501,1004.35345
1761099430521,1004.1981
1761099430541,1004.09955
1761099430561,1004.03406
1761099430581,1004.03973
1761099430601,1004.03613
1761099430621,1004.0574
1761099430641,1004.0021
1761099430661,1003.9383
1761099430681,1003.8444
1761099430701,1003.7772
1761099430721,1003.6995
1761099430742,1003.6775
1761099430762,1003.5819
1761099430783,1003.54987
1761099430801,1003.5563
1761099430821,1003.59875
1761099430841,1003.5063
1761099430861,1003.496
1761099430881,1003.49677
1761099430901,1003.46783
1761099430922,1003.3339
1761099430942,1003.16223
1761099430961,1003.0186
1761099430982,1002.86816
1761099431002,1002.7064
1761099431022,1002.41254
1761099431041,1002.03516
1761099431062,1001.7233
1761099431082,1001.61816
1761099431102,1001.60645
1761099431121,1001.58765
1761099431141,1001.54376
1761099431161,1001.5258
1761099431181,1001.54364
1761099431201,1001.512
1761099431221,1001.4408
1761099431242,1001.34955
1761099431262,1001.3303
1761099431282,1001.1694
1761099431301,1001.1433
1761099431321,1001.0774
1761099431341,1001.0125
1761099431361,1000.8956
1761099431383,1000.8272
1761099431402,1000.7727
1761099431422,1000.53766
1761099431445,1000.34204
1761099431460,1000.3264
1761099431481,1000.35516
1761099431509,1000.403
1761099431520,1000.4564
1761099431540,1000.47845
1761099431561,1000.5305
1761099431581,1000.59
1761099431601,1000.6289
1761099431620,1000.6752
1761099431640,1000.72046
1761099431660,1000.768
1761099431683,1000.79987
1761099431700,1000.8241
1761099431721,1000.8766
1761099431741,1000.9011
1761099431761,1000.9299
1761099431781,1000.9428
1761099431800,1000.9513
1761099431821,1000.9602
1761099431841,1000.98737
1761099431861,1001.0247
1761099431881,1001.0597
1761099431901,1001.09064
1761099431921,1001.1381
1761099431941,1001.17206
1761099431961,1001.178
1761099431981,1001.23517
1761099432001,1001.2706
1761099432021,1001.30597
1761099432041,1001.3444
1761099432061,1001.35016
1761099432082,1001.3796
1761099432101,1001.3952
1761099432121,1001.4294
1761099432140,1001.4486
1761099432161,1001.48254
1761099432180,1001.4919
1761099432201,1001.4844
1761099432221,1001.5053
1761099432241,1001.515
1761099432262,1001.53033
1761099432281,1001.53876
1761099432301,1001.5602
1761099432321,1001.5703
1761099432341,1001.59534
1761099432361,1001.6367
1761099432382,1001.65906
1761099432401,1001.66205
1761099432421,1001.66547
1761099432441,1001.6913
1761099432461,1001.6872
1761099432480,1001.70483
1761099432502,1001.6995
1761099432521,1001.73596
1761099432541,1001.79315
1761099432562,1001.79285
1761099432582,1001.78503
1761099432603,1001.8121
1761099432621,1001.8605
1761099432642,1001.83923
1761099432661,1001.8891
1761099432681,1001.85187
1761099432701,1001.8972
1761099432721,1001.9252
1761099432741,1001.9402
1761099432762,1001.97797
1761099432781,1001.98505
1761099432801,1002.03
1761099432821,1002.0655
1761099432841,1002.0878
1761099432861,1002.0889
1761099432881,1002.14
1761099432901,1002.1875
1761099432922,1002.2478
1761099432941,1002.3105
1761099432961,1002.3594
1761099432981,1002.6425
1761099433001,1002.48425
1761099433021,1002.3764
1761099433041,1002.3033
1761099433061,1002.34393
