1761099245826,1000.66754
1761099245846,1000.64594
1761099245866,1000.66595
1761099245886,1000.6999
1761099245907,1000.70703
1761099245926,1000.73096
1761099245947,1000.72766
1761099245966,1000.635
1761099245986,1000.571
1761099246006,999.96735
1761099246026,999.97394
1761099246046,999.8925
1761099246066,999.78876
1761099246086,999.6922
1761099246106,999.6974
1761099246127,999.71875
1761099246146,999.78406
1761099246166,999.8041
1761099246186,999.8169
1761099246206,999.84973
1761099246226,999.8689
1761099246247,999.8886
1761099246267,999.8825
1761099246287,999.93
1761099246306,999.92114
1761099246326,999.97363
1761099246346,999.97986
1761099246366,1000.04114
1761099246386,1000.16846
1761099246407,1000.2764
1761099246427,1000.35504
1761099246447,1000.3899
1761099246467,1000.4297
1761099246486,1000.4514
1761099246506,1000.436
1761099246526,1000.38
1761099246546,1000.24207
1761099246567,1000.03424
1761099246587,1000.03644
1761099246607,1000.03754
1761099246626,1000.0725
1761099246646,1000.04926
1761099246666,1000.0705
1761099246686,1000.0775
1761099246706,1000.10895
1761099246726,1000.0969
1761099246746,1000.09845
1761099246767,1000.1191
1761099246788,1000.14594
1761099246806,1000.15393
1761099246826,1000.1419
1761099246847,1000.1444
1761099246866,1000.15643
1761099246886,1000.17566
1761099246906,1000.2033
1761099246927,1000.23145
1761099246947,1000.2491
1761099246966,1000.23926
1761099246986,1000.22473
1761099247006,1000.2031
1761099247026,1000.23236
1761099247046,1000.2377
1761099247067,1000.23755
1761099247087,1000.251
1761099247107,1000.2377
1761099247126,1000.251
1761099247146,1000.2744
1761099247166,1000.30566
1761099247186,1000.2594
1761099247206,1000.27094
1761099247226,1000.29877
1761099247246,1000.3008
1761099247267,1000.31067
1761099247286,1000.29114
1761099247306,1000.3197
1761099247326,1000.3099
1761099247346,1000.3016
1761099247366,1000.3216
1761099247386,1000.28613
1761099247406,1000.28204
1761099247427,1000.21643
1761099247448,1000.1827
1761099247467,1000.2116
1761099247487,1000.2494
1761099247506,1000.3044
1761099247526,1000.3544
1761099247547,1000.40314
1761099247567,1000.43317
1761099247588,1000.4377
1761099247607,1000.4407
1761099247626,1000.4491
1761099247646,1000.47644
1761099247666,1000.48315
1761099247686,1000.48737
1761099247706,1000.47626
1761099247727,1000.5122
1761099247746,1000.5095
1761099247767,1000.54114
1761099247786,1000.5188
1761099247806,1000.5269
1761099247826,1000.4939
1761099247846,1000.5219
1761099247866,1000.5294
1761099247886,1000.513
1761099247907,1000.5533
1761099247927,1000.5661
1761099247946,1000.60266
1761099247966,1000.64594
1761099247986,1000.65344
1761099248006,1000.6894
1761099248026,1000.6846
1761099248046,1000.6871
1761099248066,1000.6975
1761099248087,1000.6439
1761099248106,1000.6427
1761099248128,1000.6386
1761099248146,1000.66925
1761099248172,1000.66565
1761099248186,1000.5806
1761099248206,1000.5522
1761099248226,1000.59937
1761099248246,1000.6411
1761099248267,1000.6828
1761099248286,1000.7636
1761099248306,1000.84784
1761099248324,1000.9294
1761099248339,1001.04425
1761099248359,1001.1455
1761099248379,1001.3189
1761099248400,1001.5469
1761099248419,1001.7081
1761099248439,1001.7675
1761099248460,1001.7691
1761099248480,1001.7666
1761099248500,1001.8302
1761099248520,1001.9222
1761099248541,1001.7516
1761099248561,1001.4858
1761099248580,1001.1341
1761099248600,1000.80347
1761099248620,1000.73627
1761099248640,1000.6758
1761099248660,1000.7631
1761099248680,1000.8083
1761099248701,1000.5625
1761099248721,1000.46844
1761099248741,1000.48425
1761099248760,1000.53015
1761099248780,1000.53546
1761099248800,1000.6522
1761099248820,1000.653
1761099248840,1000.56067
1761099248861,1000.67535
1761099248882,1000.59
1761099248901,1000.9272
1761099248920,1002.2567
1761099248941,1001.7038
1761099248960,1000.91766
1761099248980,1000.5883
1761099249000,1000.6555
1761099249020,1000.5022
1761099249041,1000.47516
1761099249060,1000.49426
1761099249080,1000.54095
1761099249100,1000.5674
1761099249120,1000.5663
1761099249139,1000.5319
1761099249160,1000.5699
1761099249181,1000.53125
1761099249201,1000.54565
1761099249221,1000.588
1761099249240,1000.59485
1761099249260,1000.65643
1761099249280,1000.6375
1761099249301,1000.6327
1761099249320,1000.6885
1761099249340,1000.72766
1761099249361,1000.85626
1761099249381,1000.8313
1761099249401,1000.9022
1761099249420,1000.91895
1761099249440,1001.2169
1761099249460,1001.3352
1761099249480,1001.0516
1761099249500,1000.8619
1761099249521,1000.78064
1761099249541,1000.77734
1761099249560,1000.7022
1761099249580,1000.65765
1761099249601,1000.6383
1761099249619,1000.6349
1761099249640,1000.6094
1761099249660,1000.59393
1761099249680,1000.6094
1761099249701,1000.6464
1761099249719,1000.6669
1761099249739,1000.6586
1761099249759,1000.66846
1761099249779,1000.67017
1761099249799,1000.7041
1761099249819,1000.71124
1761099249840,1000.73627
1761099249860,1000.7519
1761099249879,1000.7858
1761099249899,1001.11145
1761099249919,1001.04895
1761099249939,1000.92377
1761099249959,1000.8186
1761099249979,1000.798
1761099250000,1000.7507
1761099250020,1000.7658
1761099250040,1000.7536
1761099250060,1000.7555
1761099250079,1000.7595
1761099250100,1000.7639
1761099250120,1000.7086
1761099250141,1000.67645
1761099250160,1000.65485
1761099250181,1000.65125
1761099250201,1000.6989
1761099250221,1000.70874
1761099250240,1000.7397
1761099250260,1000.72974
1761099250280,1000.8191
1761099250300,1000.83844
1761099250320,1000.84595
1761099250341,1000.775
1761099250361,1000.8052
1761099250380,1000.9533
1761099250401,1001.0069
1761099250421,1000.9364
1761099250440,1001.0633
1761099250460,1001.0756
1761099250481,1001.0566
1761099250501,1001.0544
1761099250521,1001.0688
1761099250540,1000.9619
1761099250560,1000.85016
1761099250580,1000.8019
1761099250600,1000.7753
1761099250620,1000.7594
1761099250640,1000.7441
1761099250660,1000.72253
1761099250680,1000.6741
1761099250701,1000.72845
1761099250720,1000.7052
1761099250740,1000.73816
1761099250760,1000.7133
1761099250779,1000.72424
1761099250800,1000.72766
1761099250820,1000.78455
1761099250841,1000.8241
1761099250860,1000.8241
1761099250879,1000.8883
1761099250900,1001.02563
1761099250920,1001.21533
1761099250940,1001.128
1761099250960,1000.9975
1761099250980,1000.89703
1761099251000,1000.85706
1761099251021,1000.863
1761099251040,1000.8855
1761099251061,1000.91034
1761099251080,1000.8877
1761099251100,1000.8305
1761099251120,1000.7319
1761099251141,1000.69
1761099251160,1000.6872
1761099251180,1000.6924
1761099251199,1000.71094
1761099251220,1000.7606
1761099251239,1000.8083
1761099251260,1000.8436
1761099251286,1000.8789
1761099251300,1000.93036
1761099251321,1000.91223
1761099251341,1000.7555
1761099251360,1000.7558
1761099251380,1000.8119
1761099251400,1000.93567
1761099251420,1000.9469
1761099251440,1000.92926
1761099251460,1001.0111
1761099251481,1001.09894
1761099251501,1001.28015
1761099251521,1001.3641
1761099251540,1001.47205
1761099251560,1001.5944
1761099251581,1001.61035
1761099251600,1001.5486
1761099251620,1001.48206
1761099251640,1001.47485
1761099251661,1001.53564
1761099251681,1001.6183
1761099251701,1001.70874
1761099251720,1001.7433
1761099251744,1001.68317
1761099251759,1001.4446
1761099251779,1001.21875
1761099251800,1001.0269
1761099251820,1000.8183
1761099251840,1000.6805
1761099251859,1000.6452
1761099251879,1000.67395
1761099251899,1000.84314
1761099251919,1001.055
1761099251939,1000.9346
1761099251960,1000.762
1761099251980,1000.6858
1761099252001,1000.6783
1761099252020,1000.816
1761099252040,1000.9491
1761099252060,1001.0724
1761099252080,1001.16797
1761099252100,1001.1497
1761099252120,1001.1456
1761099252141,1001.2058
1761099252160,1001.22156
1761099252181,1001.1119
1761099252200,1000.96674
1761099252221,1000.8096
1761099252240,1000.72797
1761099252260,1000.6547
1761099252280,1000.74567
1761099252301,1000.79004
1761099252321,1000.91675
1761099252341,1000.8991
1761099252360,1000.8461
1761099252380,1000.79065
1761099252400,1000.7394
1761099252420,1000.72534
1761099252441,1000.78973
1761099252460,1000.6313
1761099252481,1000.5652
1761099252501,1000.5919
1761099252520,1000.72656
1761099252540,1000.7555
1761099252561,1000.8216
1761099252580,1001.03723
1761099252600,1001.2075
1761099252621,1001.446
1761099252641,1001.63776
1761099252661,1001.72845
1761099252680,1001.7516
1761099252700,1001.71814
1761099252720,1001.6871
1761099252741,1001.48315
1761099252760,1001.3311
1761099252781,1001.2755
1761099252801,1001.28235
1761099252821,1001.42426
1761099252842,1001.3278
1761099252860,1000.8835
1761099252880,1000.59644
1761099252900,1000.47504
1761099252920,1000.5603
1761099252941,1000.6489
1761099252960,1001.09454
1761099252981,1001.04956
1761099253001,1000.82
1761099253020,1000.66315
1761099253040,1000.60236
1761099253060,1000.66437
1761099253080,1000.873
1761099253101,1001.0847
1761099253121,1001.1253
1761099253141,1001.0839
1761099253161,1001.03033
1761099253180,1000.92395
1761099253200,1000.835
1761099253220,1000.7042
1761099253240,1000.6111
1761099253260,1000.5685
1761099253281,1000.54846
1761099253301,1000.5508
1761099253321,1000.55237
1761099253340,1000.6147
1761099253360,1000.71265
1761099253380,1000.80286
1761099253400,1000.6882
1761099253420,1000.54456
1761099253440,1000.61237
1761099253460,1000.761
1761099253481,1000.8786
1761099253500,1000.9086
1761099253520,1000.9269
1761099253540,1000.92377
1761099253561,1000.83203
1761099253580,1000.76984
1761099253600,1000.7533
1761099253620,1000.6942
1761099253641,1000.67114
1761099253661,1000.6321
1761099253680,1000.67096
1761099253700,1000.66235
1761099253720,1000.7061
1761099253746,1000.702
1761099253759,1000.72406
1761099253780,1000.7005
1761099253800,1000.72614
1761099253820,1000.7592
1761099253840,1000.8211
1761099253860,1000.8436
1761099253879,1001.2524
1761099253900,1001.3814
1761099253920,1001.5058
1761099253940,1001.4919
1761099253961,1001.28015
1761099253981,1001.11395
1761099254000,1000.9847
1761099254020,1000.86255
1761099254040,1000.78546
1761099254060,1000.7383
1761099254080,1000.73737
1761099254101,1000.693
1761099254121,1000.6456
1761099254141,1000.65173
1761099254161,1000.6494
1761099254180,1000.66455
1761099254200,1000.67645
1761099254220,1000.7416
1761099254240,1000.7475
1761099254260,1000.78156
1761099254280,1000.82
1761099254301,1000.79755
1761099254321,1000.8947
1761099254340,1001.14813
1761099254360,1001.3655
1761099254380,1001.7555
1761099254401,1001.9563
1761099254420,1001.7211
1761099254440,1001.1456
1761099254461,1000.91144
1761099254481,1000.83563
1761099254500,1000.822
1761099254520,1000.8077
1761099254540,1000.7692
1761099254560,1000.71954
1761099254580,1000.6836
1761099254601,1000.67926
1761099254621,1000.6939
1761099254641,1000.7105
1761099254660,1000.7517
1761099254680,1000.73926
1761099254700,1000.78815
1761099254720,1000.8077
1761099254740,1000.85504
1761099254760,1000.84924
1761099254780,1000.91235
1761099254801,1001.01733
1761099254820,1001.1891
1761099254840,1001.24
1761099254860,1001.1853
1761099254880,1001.1163
1761099254901,1001.04144
1761099254920,1001.0222
1761099254940,1001.04425
1761099254961,1001.0033
1761099254980,1000.91705
1761099255000,1000.8747
1761099255020,1000.77875
1761099255040,1000.7361
1761099255060,1000.77203
1761099255080,1000.7005
1761099255100,1000.72894
1761099255121,1000.7541
1761099255141,1000.8027
1761099255160,1000.8284
1761099255180,1000.86005
1761099255200,1000.86426
1761099255220,1000.92145
1761099255240,1000.8714
1761099255260,1000.8952
1761099255281,1001.0741
1761099255301,1001.0869
1761099255320,1001.0519
1761099255340,1001.05066
1761099255360,1001.0841
1761099255381,1001.1197
1761099255401,1001.123
1761099255423,1001.0678
1761099255440,1000.98145
1761099255461,1000.9586
1761099255480,1000.91516
1761099255500,1000.871
1761099255520,1000.8244
1761099255540,1000.822
1761099255561,1000.84753
1761099255581,1000.8277
1761099255601,1000.85315
1761099255621,1000.8852
1761099255640,1000.8716
1761099255661,1000.85406
1761099255680,1000.87036
1761099255700,1000.8913
1761099255720,1000.92786
1761099255741,1000.8939
1761099255760,1000.93427
1761099255780,1000.96643
1761099255801,1001.01843
1761099255819,1001.2741
1761099255840,1001.303
1761099255860,1001.2411
1761099255880,1001.1683
1761099255900,1001.16486
1761099255920,1001.21063
1761099255940,1001.22986
1761099255961,1001.23456
1761099255980,1001.1882
1761099256000,1001.0861
1761099256020,1001.03033
1761099256040,1000.91516
1761099256060,1000.84204
1761099256081,1000.8011
1761099256101,1000.78644
1761099256121,1000.8069
1761099256141,1000.84283
1761099256160,1000.8369
1761099256180,1000.86346
1761099256200,1000.8919
1761099256220,1000.941
1761099256241,1001.0125
1761099256261,1001.02734
1761099256281,1000.85956
1761099256300,1000.8308
1761099256320,1000.8355
1761099256340,1000.91895
1761099256362,1000.9407
1761099256380,1001.09875
1761099256400,1001.01984
1761099256421,1001.0208
1761099256441,1001.0639
1761099256460,1001.1352
1761099256480,1001.1222
1761099256500,1001.1116
1761099256520,1001.10486
1761099256540,1001.1133
1761099256560,1001.1216
1761099256581,1001.1296
1761099256601,1001.09094
1761099256621,1001.0172
1761099256640,1000.9371
1761099256660,1000.89813
1761099256680,1000.91187
1761099256700,1000.8938
1761099256720,1000.8841
1761099256740,1000.9371
1761099256761,1000.9314
1761099256781,1000.9586
1761099256800,1000.95734
1761099256821,1000.9478
1761099256840,1000.98065
1761099256860,1001.012
1761099256880,1001.0035
1761099256901,1001.0053
1761099256921,1001.0194
1761099256941,1001.0728
1761099256960,1001.22375
1761099256981,1001.30396
1761099257000,1001.22986
1761099257020,1001.2128
1761099257040,1001.21985
1761099257060,1001.2172
1761099257080,1001.213
1761099257101,1001.2013
1761099257120,1001.1228
1761099257140,1001.0814
1761099257160,1001.0264
1761099257180,1001.0044
1761099257200,1000.8844
1761099257221,1000.85535
1761099257241,1000.8605
1761099257261,1000.8755
1761099257281,1000.8969
1761099257300,1000.9508
1761099257320,1000.98566
1761099257340,1001.0041
1761099257360,1001.0622
1761099257380,1001.05066
1761099257401,1000.9808
1761099257420,1001.04846
1761099257441,1001.2114
1761099257461,1001.4072
1761099257480,1001.28015
1761099257501,1001.34564
1761099257520,1001.42126
1761099257540,1001.4346
1761099257561,1001.4363
1761099257581,1001.58496
1761099257601,1001.66144
1761099257620,1001.6175
1761099257640,1001.58923
1761099257660,1001.52313
1761099257680,1001.46094
1761099257699,1001.3605
1761099257720,1001.3153
1761099257741,1001.27124
1761099257761,1001.3311
1761099257780,1001.4083
1761099257800,1001.49036
1761099257821,1001.54376
1761099257840,1001.48425
1761099257860,1001.4783
1761099257881,1001.29846
1761099257901,1001.0152
1761099257921,1000.85315
1761099257940,1000.8238
1761099257960,1000.99536
1761099257980,1000.9908
1761099258001,1000.91736
1761099258020,1000.876
1761099258040,1000.96234
1761099258061,1001.04675
1761099258081,1001.0861
1761099258101,1001.0972
1761099258120,1001.22485
1761099258140,1001.3624
1761099258160,1001.39874
1761099258180,1001.37317
1761099258201,1001.305
1761099258221,1001.265
1761099258241,1001.1419
1761099258261,1001.04504
1761099258280,1001.0149
1761099258300,1001.1274
1761099258320,1001.2716
1761099258340,1001.388
1761099258360,1001.4417
1761099258380,1001.27875
1761099258401,1001.08844
1761099258421,1001.0561
1761099258440,1001.11456
1761099258460,1001.2491
1761099258481,1001.2009
1761099258501,1000.91656
1761099258520,1000.7638
1761099258540,1000.80676
1761099258560,1000.8906
1761099258581,1000.8886
1761099258600,1001.0055
1761099258620,1001.1186
1761099258640,1001.1853
1761099258660,1001.3721
1761099258680,1001.5555
1761099258701,1001.6389
1761099258720,1001.73425
1761099258741,1001.7754
1761099258761,1001.7636
1761099258780,1001.73895
1761099258800,1001.65204
1761099258820,1001.52985
1761099258841,1001.3844
1761099258860,1001.47565
1761099258880,1001.6127
1761099258901,1001.6914
1761099258921,1001.756
1761099258940,1001.53986
1761099258960,1001.2649
1761099258980,1000.9286
1761099259001,1000.7283
1761099259020,1000.65515
1761099259040,1000.713
1761099259061,1000.83765
1761099259081,1001.0649
1761099259100,1001.2908
1761099259120,1001.01733
1761099259140,1000.7585
1761099259160,1000.72614
1761099259180,1000.7836
1761099259200,1000.9686
1761099259221,1001.08923
1761099259241,1001.1431
1761099259261,1001.1708
1761099259281,1001.16016
1761099259300,1001.1852
1761099259320,1001.1658
1761099259340,1001.1475
1761099259360,1001.088
1761099259380,1001.0161
1761099259401,1000.9344
1761099259421,1000.80475
1761099259440,1000.7566
1761099259460,1000.78973
1761099259480,1000.8831
1761099259500,1000.9302
1761099259521,1000.9941
1761099259540,1001.10516
1761099259561,1001.1999
1761099259581,1001.1905
1761099259600,1001.0149
1761099259620,1000.89954
1761099259640,1000.8699
1761099259660,1000.9086
1761099259681,1000.9589
1761099259700,1000.96204
1761099259720,1000.8797
1761099259741,1000.84955
1761099259760,1000.8891
1761099259780,1000.79535
1761099259800,1000.7797
1761099259820,1000.79425
1761099259840,1000.85205
1761099259860,1000.90344
1761099259880,1000.9533
1761099259901,1001.0166
1761099259920,1001.15405
1761099259940,1001.30035
1761099259960,1001.381
1761099259980,1001.4169
1761099260000,1001.5255
1761099260020,1001.61066
1761099260040,1001.58093
1761099260061,1001.47955
1761099260081,1001.41437
1761099260100,1001.3672
1761099260120,1001.3313
1761099260140,1001.35345
1761099260160,1001.40906
1761099260180,1001.48175
1761099260200,1001.5075
1761099260221,1001.42426
1761099260241,1001.35614
1761099260261,1001.3286
1761099260280,1001.2544
1761099260300,1001.04987
1761099260320,1000.8094
1761099260341,1000.7469
1761099260361,1000.78613
1761099260380,1001.0172
1761099260400,1001.4003
1761099260420,1001.28986
1761099260440,1001.0817
1761099260460,1000.9436
1761099260480,1000.8339
1761099260500,1000.84875
1761099260520,1000.9488
1761099260541,1001.02563
1761099260561,1001.10535
1761099260580,1001.1525
1761099260600,1000.99097
1761099260620,1000.8868
1761099260641,1000.86127
1761099260660,1000.8217
1761099260680,1000.76526
1761099260700,1000.72864
1761099260721,1000.7728
1761099260740,1000.79755
1761099260760,1000.8277
1761099260780,1000.8124
1761099260800,1000.85187
1761099260820,1000.883
1761099260840,1000.91113
1761099260861,1000.9538
1761099260881,1000.9435
1761099260901,1000.9252
1761099260919,1001.02765
1761099260939,1001.1947
1761099260959,1001.2667
1761099260980,1001.4358
1761099261000,1001.85266
1761099261020,1002.2714
1761099261040,1002.2572
1761099261061,1001.705
1761099261080,1001.16144
1761099261100,1000.8933
1761099261119,1000.8102
1761099261140,1000.8658
1761099261160,1000.84955
1761099261180,1000.78705
1761099261201,1000.7603
1761099261221,1000.73425
1761099261240,1000.803
1761099261260,1000.83484
1761099261280,1000.8766
1761099261300,1000.8778
1761099261320,1000.8655
1761099261340,1000.8967
1761099261361,1000.90753
1761099261380,1000.91614
1761099261400,1000.98157
1761099261420,1001.0706
1761099261440,1001.3675
1761099261460,1001.29767
1761099261480,1001.1417
1761099261501,1001.09064
1761099261520,1001.22406
1761099261541,1001.256
1761099261560,1001.23846
1761099261580,1001.1733
1761099261600,1001.09644
1761099261620,1001.0688
1761099261640,1001.03906
1761099261660,1000.9561
1761099261681,1000.84955
1761099261701,1000.85016
1761099261721,1000.8252
1761099261740,1000.86005
1761099261760,1000.8841
1761099261780,1000.91223
1761099261800,1000.9522
1761099261821,1000.9572
1761099261840,1001.03784
1761099261861,1001.09564
1761099261881,1001.0261
1761099261901,1000.9966
1761099261920,1001.08844
1761099261940,1001.35986
1761099261960,1001.2488
1761099261980,1001.10767
1761099262000,1001.0756
1761099262021,1001.04047
1761099262041,1001.0206
1761099262060,1001.0075
1761099262080,1001.04205
1761099262101,1000.9924
1761099262121,1000.935
1761099262141,1000.938
1761099262160,1000.9941
1761099262181,1000.9963
1761099262201,1001.0007
1761099262220,1001.0025
1761099262240,1001.02423
1761099262260,1001.0102
1761099262281,1001.03784
1761099262301,1001.0705
1761099262320,1001.09937
1761099262341,1001.08344
1761099262361,1001.1403
1761099262381,1001.1503
1761099262400,1001.17456
1761099262421,1001.5141
1761099262441,1001.59863
1761099262460,1001.48346
1761099262481,1001.4385
1761099262501,1001.42017
1761099262521,1001.3427
1761099262541,1001.2369
1761099262560,1001.1847
1761099262580,1001.17847
1761099262600,1001.1278
1761099262620,1001.0685
1761099262640,1001.066
1761099262661,1001.0861
1761099262681,1001.0066
1761099262701,1000.9555
1761099262720,1000.97394
1761099262740,1001.00165
1761099262759,1001.03094
1761099262781,1001.06
1761099262799,1001.0814
1761099262823,1001.1297
1761099262840,1001.09766
1761099262861,1001.1317
1761099262880,1001.09753
1761099262900,1001.1955
1761099262920,1001.4544
1761099262940,1001.34894
1761099262960,1001.3825
1761099262980,1001.3824
1761099263001,1001.38
1761099263021,1001.334
1761099263041,1001.2761
1761099263060,1001.2475
1761099263080,1001.267
1761099263100,1001.21875
1761099263120,1001.1928
1761099263140,1001.1222
1761099263160,1001.0841
1761099263181,1001.0828
1761099263201,1001.08
1761099263220,1001.0611
1761099263240,1001.0491
1761099263260,1001.0613
1761099263280,1001.085
1761099263301,1001.0905
1761099263320,1001.0833
1761099263340,1001.078
1761099263361,1001.0747
1761099263380,1001.09534
1761099263400,1001.1292
1761099263420,1001.1278
1761099263440,1001.11346
1761099263460,1001.1266
1761099263481,1001.1955
1761099263500,1001.3157
1761099263521,1001.9503
1761099263540,1001.5688
1761099263560,1001.28784
1761099263580,1001.2589
1761099263600,1001.3213
1761099263620,1001.3833
1761099263640,1001.39874
1761099263661,1001.3192
1761099263681,1001.2634
1761099263700,1001.16864
1761099263720,1001.10315
1761099263740,1001.02924
1761099263760,1001.03265
1761099263780,1000.9958
1761099263801,1001.0519
1761099263820,1001.05347
1761099263841,1001.0541
1761099263861,1001.0886
1761099263880,1001.1486
1761099263900,1001.1944
1761099263920,1001.23047
1761099263940,1001.1374
1761099263960,1001.0875
1761099263980,1001.10046
1761099264000,1001.2061
1761099264021,1001.4397
1761099264040,1001.35144
1761099264060,1001.2416
1761099264080,1001.3328
1761099264100,1001.45874
1761099264120,1001.53815
1761099264140,1001.60065
1761099264161,1001.628
1761099264181,1001.6836
1761099264200,1001.68
1761099264220,1001.6327
1761099264240,1001.55145
1761099264260,1001.47406
1761099264280,1001.4366
1761099264300,1001.36255
1761099264321,1001.3389
1761099264341,1001.3358
1761099264361,1001.35754
1761099264380,1001.3708
1761099264400,1001.36676
1761099264421,1001.3688
1761099264440,1001.34534
1761099264460,1001.34534
1761099264480,1001.30005
1761099264501,1001.1914
1761099264521,1001.0811
1761099264540,1001.0621
1761099264560,1001.148
1761099264580,1001.13806
1761099264600,1001.09393
1761099264621,1001.137
1761099264640,1001.1392
1761099264660,1001.22424
1761099264681,1001.31177
1761099264701,1001.42126
1761099264720,1001.5144
1761099264741,1001.5652
1761099264761,1001.6263
1761099264780,1001.61646
1761099264800,1001.46124
1761099264820,1001.3861
1761099264840,1001.3063
1761099264860,1001.22144
1761099264879,1001.1355
1761099264900,1001.1444
1761099264920,1001.24
1761099264940,1001.3316
1761099264961,1001.5752
1761099264981,1001.8069
1761099265001,1001.66705
1761099265020,1001.3906
1761099265040,1001.1439
1761099265060,1001.0419
1761099265080,1001.10425
1761099265100,1001.14484
1761099265120,1001.21484
1761099265141,1001.128
1761099265161,1001.10364
1761099265181,1001.1367
1761099265200,1001.03906
1761099265220,1001.0837
1761099265240,1001.17126
1761099265260,1001.29034
1761099265280,1001.42285
1761099265301,1001.6133
1761099265321,1001.73425
1761099265341,1001.84033
1761099265361,1001.9275
1761099265380,1001.96234
1761099265400,1001.96063
1761099265420,1001.92566
1761099265440,1001.8185
1761099265460,1001.7002
1761099265481,1001.6297
1761099265501,1001.72656
1761099265520,1001.91034
1761099265541,1002.03394
1761099265560,1002.17126
1761099265580,1002.02734
1761099265600,1001.85785
1761099265620,1001.5695
1761099265640,1001.28687
1761099265661,1001.197
1761099265680,1001.1341
1761099265700,1000.9997
1761099265721,1000.91254
1761099265740,1000.8903
1761099265761,1001.015
1761099265781,1001.3205
1761099265801,1001.4297
1761099265821,1001.2411
1761099265840,1000.9989
1761099265860,1000.8763
1761099265880,1000.90234
1761099265900,1001.03143
1761099265920,1001.1395
1761099265940,1001.2208
1761099265960,1001.343
1761099265981,1001.4456
1761099266001,1001.4003
1761099266020,1001.3817
1761099266040,1001.35864
1761099266060,1001.2614
1761099266081,1001.2064
1761099266100,1001.1321
1761099266120,1001.0502
1761099266140,1001.012
1761099266161,1001.0075
1761099266180,1001.0527
1761099266200,1001.1533
1761099266220,1001.1741
1761099266240,1001.30597
1761099266261,1001.6338
1761099266280,1001.98004
1761099266301,1001.7675
1761099266321,1001.3824
1761099266340,1001.03265
1761099266360,1001.0041
1761099266380,1001.0808
1761099266400,1001.1586
1761099266420,1001.3263
1761099266440,1001.03876
1761099266460,1000.9614
1761099266481,1000.9495
1761099266500,1000.8909
1761099266520,1000.85815
1761099266541,1000.9324
1761099266560,1001.0159
1761099266580,1001.09845
1761099266600,1001.0741
1761099266621,1001.0646
1761099266641,1001.197
1761099266661,1001.22266
1761099266680,1001.2006
1761099266700,1001.1211
1761099266720,1001.0564
1761099266740,1000.98846
1761099266760,1000.9964
1761099266780,1000.98206
1761099266802,1000.97516
1761099266821,1000.99316
1761099266840,1000.9603
1761099266860,1001.0053
1761099266881,1001.0078
1761099266900,1001.04675
1761099266920,1001.0727
1761099266941,1001.0711
1761099266961,1001.08923
1761099266981,1001.1257
1761099267001,1001.1852
1761099267021,1001.18207
1761099267040,1001.4277
1761099267060,1001.77875
1761099267080,1001.6988
1761099267101,1001.41266
1761099267121,1001.29346
1761099267141,1001.2424
1761099267160,1001.2958
1761099267180,1001.258
1761099267200,1001.17236
1761099267220,1001.10175
1761099267240,1001.0747
1761099267261,1001.04926
1761099267280,1000.98737
1761099267301,1000.9961
1761099267320,1001.0067
1761099267340,1001.04236
1761099267360,1001.0577
1761099267381,1001.0806
1761099267400,1001.1497
1761099267420,1001.2246
1761099267441,1001.1953
1761099267461,1001.14685
1761099267481,1001.1816
1761099267501,1001.7128
1761099267520,1001.41113
1761099267541,1001.197
1761099267560,1001.24457
1761099267581,1001.27875
1761099267600,1001.2574
1761099267621,1001.3075
1761099267641,1001.27454
1761099267660,1001.3047
1761099267680,1001.28345
1761099267700,1001.2645
1761099267721,1001.20874
1761099267740,1001.15875
1761099267760,1001.1705
1761099267781,1001.17017
1761099267801,1001.1208
1761099267820,1001.1306
1761099267841,1001.16846
1761099267860,1001.1864
1761099267880,1001.16174
1761099267900,1001.1799
1761099267920,1001.16614
1761099267940,1001.2133
1761099267961,1001.21783
1761099267980,1001.23456
1761099268000,1001.23566
1761099268020,1001.2652
1761099268040,1001.41864
1761099268060,1001.503
1761099268080,1001.506
1761099268101,1001.39813
1761099268121,1001.3483
1761099268141,1001.40204
1761099268160,1001.4486
1761099268180,1001.4644
1761099268200,1001.4511
1761099268220,1001.3688
1761099268240,1001.3267
1761099268260,1001.3094
1761099268281,1001.2394
1761099268301,1001.1683
1761099268320,1001.15924
1761099268340,1001.1497
1761099268360,1001.1222
1761099268380,1001.16547
1761099268400,1001.15753
1761099268421,1001.2014
1761099268440,1001.2758
1761099268461,1001.29254
1761099268480,1001.40515
1761099268501,1001.3136
1761099268520,1001.27124
1761099268541,1001.2983
1761099268560,1001.5847
1761099268580,1001.60956
1761099268601,1001.8322
1761099268621,1001.8805
1761099268641,1001.65204
1761099268660,1001.5097
1761099268680,1001.4205
1761099268700,1001.375
1761099268720,1001.34564
1761099268740,1001.30066
1761099268760,1001.23236
1761099268781,1001.2147
1761099268801,1001.1991
1761099268821,1001.1974
1761099268841,1001.1989
1761099268861,1001.17456
1761099268880,1001.1983
1761099268900,1001.21265
1761099268921,1001.1995
1761099268941,1001.22797
1761099268961,1001.2577
1761099268981,1001.2667
1761099269000,1001.2591
1761099269020,1001.27594
1761099269040,1001.27124
1761099269061,1001.28265
1761099269081,1001.33484
1761099269101,1001.555
1761099269121,1001.62317
1761099269140,1001.5758
1761099269160,1001.41266
1761099269180,1001.3838
1761099269201,1001.5244
1761099269220,1001.60736
1761099269240,1001.5911
1761099269261,1001.55237
1761099269281,1001.58984
1761099269300,1001.5027
1761099269320,1001.3899
1761099269340,1001.3027
1761099269360,1001.2219
1761099269380,1001.16797
1761099269400,1001.16125
1761099269421,1001.17035
1761099269441,1001.15814
1761099269460,1001.1966
1761099269480,1001.2097
1761099269500,1001.1935
1761099269520,1001.28687
1761099269540,1001.267
1761099269560,1001.2667
1761099269581,1001.23456
1761099269601,1001.2111
1761099269621,1001.3185
1761099269640,1001.4488
1761099269660,1001.66345
1761099269680,1001.6966
1761099269700,1001.8719
1761099269720,1001.903
1761099269741,1001.78253
1761099269761,1001.6547
1761099269781,1001.4855
1761099269800,1001.42786
1761099269820,1001.37
1761099269841,1001.3792
1761099269861,1001.3622
1761099269880,1001.2883
1761099269900,1001.28845
1761099269921,1001.1967
1761099269941,1001.2081
1761099269961,1001.2416
1761099269980,1001.29407
1761099270000,1001.3308
1761099270020,1001.3052
1761099270040,1001.30035
1761099270061,1001.3016
1761099270081,1001.33453
1761099270101,1001.3222
1761099270120,1001.34625
1761099270141,1001.4902
1761099270161,1001.518
1761099270180,1001.61847
1761099270200,1001.6747
1761099270220,1001.5039
1761099270241,1001.4283
1761099270260,1001.6205
1761099270281,1001.6989
1761099270300,1001.66614
1761099270320,1001.6361
1761099270340,1001.623
1761099270360,1001.5033
1761099270381,1001.37067
1761099270401,1001.27234
1761099270421,1001.1694
1761099270441,1001.16895
1761099270461,1001.17145
1761099270480,1001.1981
1761099270501,1001.21906
1761099270520,1001.23505
1761099270540,1001.22174
1761099270561,1001.2326
1761099270581,1001.27905
1761099270601,1001.29095
1761099270620,1001.29095
1761099270640,1001.3085
1761099270660,1001.2739
1761099270680,1001.22894
1761099270700,1001.29877
1761099270721,1001.3316
1761099270740,1001.48004
1761099270761,1001.3869
1761099270781,1001.36316
1761099270800,1001.3619
1761099270820,1001.4316
1761099270840,1001.51953
1761099270860,1001.47205
1761099270880,1001.47534
1761099270901,1001.5236
1761099270921,1001.5797
1761099270941,1001.6347
1761099270960,1001.5596
1761099270981,1001.445
1761099271000,1001.435
1761099271020,1001.41595
1761099271040,1001.4396
1761099271060,1001.39813
1761099271081,1001.41565
1761099271101,1001.59314
1761099271121,1001.6836
1761099271141,1001.6981
1761099271160,1001.6299
1761099271180,1001.52954
1761099271200,1001.3757
1761099271220,1001.28986
1761099271241,1001.3216
1761099271261,1001.4086
1761099271280,1001.5661
1761099271300,1001.4527
1761099271320,1001.3047
1761099271340,1001.30597
1761099271360,1001.42645
1761099271380,1001.48425
1761099271400,1001.49677
1761099271421,1001.53253
1761099271440,1001.631
1761099271460,1001.7689
1761099271480,1001.73505
1761099271500,1001.6708
1761099271520,1001.5853
1761099271540,1001.506
1761099271560,1001.4561
1761099271581,1001.3799
1761099271600,1001.4516
1761099271620,1001.5311
1761099271641,1001.72723
1761099271660,1001.96564
1761099271680,1001.9495
1761099271700,1001.7433
1761099271720,1001.4392
1761099271741,1001.22064
1761099271762,1001.251
1761099271780,1001.3052
1761099271800,1001.47516
1761099271821,1001.3086
1761099271840,1001.27484
1761099271860,1001.3372
1761099271880,1001.23737
1761099271900,1001.2447
1761099271921,1001.3608
1761099271940,1001.5039
1761099271959,1001.6697
1761099271980,1001.8766
1761099272000,1002.07
1761099272020,1002.15814
1761099272040,1002.28033
1761099272061,1002.3086
1761099272081,1002.34784
1761099272100,1002.2933
1761099272120,1002.1475
1761099272141,1001.98236
1761099272161,1001.9924
1761099272180,1002.14923
1761099272200,1002.24567
1761099272221,1002.3931
1761099272241,1002.29236
1761099272261,1001.963
1761099272280,1001.7355
1761099272300,1001.3938
1761099272320,1001.17255
1761099272340,1001.0358
1761099272360,1001.0597
1761099272380,1001.15094
1761099272401,1001.49725
1761099272421,1001.59735
1761099272440,1001.48535
1761099272460,1001.2706
1761099272480,1001.10126
1761099272500,1001.1155
1761099272520,1001.2666
1761099272540,1001.36816
1761099272561,1001.4541
1761099272581,1001.60394
1761099272601,1001.6138
1761099272620,1001.5922
1761099272640,1001.6263
1761099272660,1001.6458
1761099272680,1001.5641
1761099272700,1001.4644
1761099272721,1001.4003
1761099272741,1001.29675
1761099272760,1001.16205
1761099272780,1001.21906
1761099272800,1001.2538
1761099272821,1001.3121
1761099272840,1001.3608
1761099272861,1001.48016
1761099272881,1001.48065
1761099272901,1001.3755
1761099272921,1001.27423
1761099272940,1001.2589
1761099272960,1001.3716
1761099272980,1001.41095
1761099273000,1001.22345
1761099273021,1001.1122
1761099273040,1001.0806
1761099273061,1001.2489
1761099273080,1001.15955
1761099273100,1001.1461
1761099273121,1001.183
1761099273140,1001.2717
1761099273160,1001.3691
1761099273180,1001.488
1761099273201,1001.68066
1761099273221,1001.89233
1761099273241,1002.04285
1761099273260,1002.0667
1761099273280,1002.16174
1761099273300,1002.27094
1761099273321,1002.28296
1761099273340,1002.14813
1761099273360,1001.9449
1761099273381,1001.85925
1761099273401,1001.8663
1761099273420,1001.9922
1761099273440,1002.2008
1761099273460,1002.35016
1761099273480,1002.36127
1761099273500,1002.1908
1761099273520,1001.9575
1761099273540,1001.7052
1761099273561,1001.7128
1761099273580,1001.65875
1761099273600,1001.33484
1761099273620,1001.09515
1761099273640,1000.9913
1761099273660,1000.9978
1761099273681,1001.1786
1761099273700,1001.42676
1761099273721,1001.3872
1761099273741,1001.2997
1761099273760,1001.1921
1761099273780,1001.0825
1761099273800,1001.0933
1761099273820,1001.1924
1761099273840,1001.34863
1761099273860,1001.4508
1761099273881,1001.42346
1761099273903,1001.41754
1761099273921,1001.4133
1761099273940,1001.3469
1761099273960,1001.23376
1761099273980,1001.1233
1761099274001,1001.0641
1761099274020,1000.9986
1761099274040,1001.0069
1761099274061,1001.0189
1761099274080,1001.0319
1761099274100,1001.0696
1761099274120,1001.0585
1761099274140,1001.08484
1761099274160,1001.10706
1761099274180,1001.1478
1761099274200,1001.23505
1761099274221,1001.23145
1761099274240,1001.2597
1761099274260,1001.1813
1761099274280,1001.23346
1761099274300,1001.8716
1761099274320,1002.3905
1761099274340,1002.59174
1761099274360,1002.15375
1761099274381,1001.6047
1761099274400,1001.22986
1761099274419,1001.186
1761099274439,1001.15894
1761099274459,1001.1942
1761099274479,1001.2592
1761099274500,1001.202
1761099274520,1001.075
1761099274541,1001.09125
1761099274561,1001.08484
1761099274580,1001.11786
1761099274600,1001.15234
1761099274620,1001.15814
1761099274640,1001.153
1761099274660,1001.1883
1761099274680,1001.2413
1761099274701,1001.2844
1761099274721,1001.3408
1761099274740,1001.4369
1761099274760,1001.7411
1761099274780,1001.9197
1761099274800,1001.8771
1761099274820,1001.73364
1761099274840,1001.5596
1761099274861,1001.4055
1761099274881,1001.29456
1761099274900,1001.2719
1761099274920,1001.2655
1761099274940,1001.2086
1761099274960,1001.1431
1761099274980,1001.1416
1761099275001,1001.1669
1761099275021,1001.138
1761099275041,1001.1799
1761099275060,1001.2416
1761099275080,1001.27893
1761099275100,1001.33
1761099275121,1001.48376
1761099275140,1001.3772
1761099275160,1001.33
1761099275180,1001.61176
1761099275201,1002.2022
1761099275221,1002.2569
1761099275241,1002.29987
1761099275260,1002.4316
1761099275280,1002.1516
1761099275300,1001.79376
1761099275321,1001.6274
1761099275341,1001.5666
1761099275361,1001.46814
1761099275381,1001.3867
1761099275400,1001.29565
1761099275420,1001.28265
1761099275441,1001.20844
1761099275461,1001.16254
1761099275480,1001.2233
1761099275501,1001.2609
1761099275521,1001.28296
1761099275541,1001.2631
1761099275560,1001.28534
1761099275580,1001.2675
1761099275600,1001.2544
1761099275620,1001.3166
1761099275640,1001.31067
1761099275660,1001.3352
1761099275681,1001.3228
1761099275701,1001.3256
1761099275720,1001.463
1761099275740,1001.5841
1761099275760,1001.6225
1761099275781,1001.58875
1761099275800,1001.5667
1761099275821,1001.49567
1761099275841,1001.48145
1761099275861,1001.4916
1761099275880,1001.5033
1761099275900,1001.53394
1761099275920,1001.5049
1761099275940,1001.5147
1761099275960,1001.5191
1761099275981,1001.42487
1761099276000,1001.3203
1761099276021,1001.2686
1761099276041,1001.2488
1761099276060,1001.24286
1761099276080,1001.27515
1761099276101,1001.29254
1761099276120,1001.3158
1761099276141,1001.34485
1761099276161,1001.4011
1761099276181,1001.4478
1761099276201,1001.5007
1761099276220,1001.34937
1761099276240,1001.3216
1761099276260,1001.3619
1761099276280,1001.39734
1761099276300,1001.7688
1761099276320,1001.6413
1761099276341,1001.47784
1761099276361,1001.47687
1761099276380,1001.64813
1761099276400,1001.7711
1761099276420,1001.8108
1761099276441,1001.8389
1761099276460,1001.8336
1761099276481,1001.7714
1761099276502,1001.6486
1761099276521,1001.53644
1761099276540,1001.4919
1761099276560,1001.4475
1761099276580,1001.42346
1761099276601,1001.3844
1761099276620,1001.3411
1761099276640,1001.35925
1761099276660,1001.3775
1761099276681,1001.36237
1761099276701,1001.3831
1761099276720,1001.3902
1761099276740,1001.39343
1761099276760,1001.42285
1761099276780,1001.4388
1761099276800,1001.4402
1761099276820,1001.47284
1761099276840,1001.42676
1761099276861,1001.4441
1761099276880,1001.5138
1761099276900,1001.48987
1761099276920,1001.6211
1761099276940,1001.6297
1761099276961,1001.6235
1761099276981,1001.6224
1761099277001,1001.66046
1761099277021,1001.7558
1761099277040,1001.8216
1761099277060,1001.8728
1761099277080,1001.92065
1761099277100,1001.8991
1761099277120,1001.7567
1761099277141,1001.6199
1761099277161,1001.501
1761099277181,1001.3947
1761099277200,1001.3572
1761099277220,1001.3256
1761099277240,1001.34
1761099277260,1001.36255
1761099277281,1001.363
1761099277300,1001.4325
1761099277320,1001.43677
1761099277341,1001.52734
1761099277360,1001.5106
1761099277380,1001.52515
1761099277401,1001.52423
1761099277420,1001.503
1761099277440,1001.61957
1761099277461,1002.1313
1761099277480,1001.8767
1761099277501,1001.85205
1761099277521,1001.9586
1761099277540,1001.9985
1761099277568,1001.9955
1761099277580,1002.0646
1761099277600,1002.0878
1761099277620,1002.03503
1761099277641,1002.0241
1761099277661,1001.9411
1761099277681,1001.8241
1761099277700,1001.6694
1761099277720,1001.60254
1761099277740,1001.64484
1761099277760,1001.6861
1761099277780,1001.73596
1761099277800,1001.78735
1761099277821,1001.8295
1761099277841,1001.7366
1761099277860,1001.72754
1761099277880,1001.7725
1761099277900,1001.56
1761099277920,1001.4205
1761099277940,1001.3802
1761099277960,1001.39923
1761099277980,1001.4964
1761099278001,1001.59973
1761099278020,1001.49286
1761099278040,1001.3875
1761099278060,1001.48926
1761099278080,1001.5905
1761099278100,1001.66956
1761099278120,1001.7047
1761099278140,1001.8219
1761099278161,1001.9014
1761099278181,1001.8786
1761099278200,1001.8383
1761099278220,1001.7588
1761099278240,1001.5828
1761099278260,1001.4466
1761099278280,1001.53345
1761099278300,1001.68207
1761099278321,1002.008
1761099278341,1002.09033
1761099278360,1002.02844
1761099278380,1001.7608
1761099278400,1001.5142
1761099278420,1001.46094
1761099278440,1001.6172
1761099278460,1001.85864
1761099278481,1001.6122
1761099278501,1001.33344
1761099278520,1001.28143
1761099278541,1001.30707
1761099278560,1001.4069
1761099278580,1001.5716
1761099278600,1001.5911
1761099278621,1001.7086
1761099278641,1001.8705
1761099278661,1002.077
1761099278680,1002.2097
1761099278700,1002.2758
1761099278720,1002.3027
1761099278740,1002.34784
1761099278761,1002.4094
1761099278781,1002.41986
1761099278800,1002.33954
1761099278821,1002.29376
1761099278841,1002.3771
1761099278860,1002.447
1761099278880,1002.305
1761099278900,1002.23425
1761099278920,1002.1683
1761099278941,1002.09064
1761099278961,1001.9417
1761099278981,1001.6166
1761099279001,1001.3757
1761099279020,1001.2053
1761099279040,1001.1797
1761099279060,1001.15735
1761099279080,1001.17786
1761099279100,1001.43317
1761099279120,1001.77234
1761099279142,1001.65173
1761099279161,1001.3191
1761099279180,1001.1871
1761099279200,1001.1972
1761099279220,1001.28986
1761099279240,1001.40314
1761099279260,1001.4711
1761099279280,1001.60065
1761099279300,1001.72815
1761099279321,1001.72363
1761099279340,1001.705
1761099279360,1001.66376
1761099279381,1001.5791
1761099279400,1001.4534
1761099279420,1001.3319
1761099279440,1001.2589
1761099279460,1001.2394
1761099279481,1001.21625
1761099279500,1001.3325
1761099279520,1001.41504
1761099279540,1001.54736
1761099279560,1001.6952
1761099279581,1001.7441
1761099279601,1001.556
1761099279621,1001.378
1761099279641,1001.3153
1761099279661,1001.3277
1761099279680,1001.3111
1761099279701,1001.2544
1761099279720,1001.2128
1761099279740,1001.4517
1761099279760,1001.3138
1761099279780,1001.2507
1761099279801,1001.28925
1761099279821,1001.51
1761099279840,1001.59174
1761099279860,1001.7405
1761099279880,1001.9347
1761099279900,1002.08374
1761099279920,1002.1853
1761099279940,1002.23206
1761099279961,1002.3653
1761099279981,1002.40375
1761099280001,1002.35754
1761099280020,1002.298
1761099280040,1002.2425
1761099280060,1002.3128
1761099280080,1002.41364
1761099280101,1002.34924
1761099280121,1002.2547
1761099280141,1002.1147
1761099280160,1001.9514
1761099280180,1001.7608
1761099280200,1001.61487
1761099280220,1001.47845
1761099280240,1001.28534
1761099280260,1001.1938
1761099280280,1001.10144
1761099280301,1001.16626
1761099280321,1001.46344
1761099280340,1001.8253
1761099280360,1001.7013
1761099280380,1001.42255
1761099280400,1001.29395
1761099280420,1001.2411
1761099280440,1001.29755
1761099280461,1001.41907
1761099280481,1001.5305
1761099280500,1001.66925
1761099280520,1001.7144
1761099280540,1001.6321
1761099280560,1001.53955
1761099280580,1001.42004
1761099280600,1001.34424
1761099280621,1001.2599
1761099280641,1001.22253
1761099280661,1001.1992
1761099280680,1001.17285
1761099280700,1001.22125
1761099280720,1001.2372
1761099280740,1001.2613
1761099280761,1001.28656
1761099280780,1001.2755
1761099280801,1001.2811
1761099280820,1001.28033
1761099280840,1001.41547
1761099280860,1001.3849
1761099280880,1001.3594
1761099280900,1001.42737
1761099280920,1001.48175
1761099280940,1001.9025
1761099280961,1002.21643
1761099280981,1002.6908
1761099281000,1002.5555
1761099281020,1002.09503
1761099281040,1001.5756
1761099281061,1001.4016
1761099281081,1001.3647
1761099281100,1001.34515
1761099281121,1001.3047
1761099281141,1001.29095
1761099281160,1001.28406
1761099281181,1001.3096
1761099281200,1001.3283
1761099281220,1001.35925
1761099281240,1001.3733
1761099281260,1001.3892
1761099281281,1001.4313
1761099281301,1001.4291
1761099281320,1001.47266
1761099281340,1001.43066
1761099281360,1001.4008
1761099281380,1001.4844
1761099281400,1001.73395
1761099281420,1001.886
1761099281440,1001.85095
1761099281461,1001.66736
1761099281480,1001.6399
1761099281500,1001.67114
1761099281520,1001.6416
1761099281540,1001.60455
1761099281560,1001.53235
1761099281581,1001.49207
1761099281601,1001.48706
1761099281621,1001.41364
1761099281641,1001.3099
1761099281661,1001.29785
1761099281680,1001.316
1761099281700,1001.36847
1761099281720,1001.40204
1761099281740,1001.41144
1761099281761,1001.4485
1761099281781,1001.53345
1761099281801,1001.58594
1761099281820,1001.4528
1761099281840,1001.5036
1761099281860,1001.6175
1761099281881,1002.2805
1761099281901,1001.693
1761099281920,1001.59674
1761099281941,1001.6289
1761099281961,1001.6367
1761099281980,1001.6352
1761099282000,1001.6722
1761099282021,1001.65204
1761099282040,1001.66815
1761099282060,1001.65204
1761099282081,1001.5878
1761099282101,1001.5111
1761099282121,1001.4608
1761099282141,1001.46515
1761099282160,1001.47516
1761099282180,1001.5055
1761099282200,1001.4961
1761099282220,1001.53925
1761099282240,1001.54395
1761099282260,1001.5241
1761099282281,1001.5409
1761099282300,1001.53644
1761099282321,1001.55817
1761099282341,1001.5661
1761099282360,1001.5852
1761099282380,1001.6983
1761099282401,1002.1116
1761099282421,1002.22565
1761099282441,1002.1239
1761099282461,1001.868
1761099282480,1001.7503
1761099282501,1001.7494
1761099282520,1001.7516
1761099282540,1001.71674
1761099282560,1001.6928
1761099282581,1001.64874
1761099282601,1001.64844
1761099282621,1001.59863
1761099282640,1001.5039
1761099282660,1001.4369
1761099282680,1001.41156
1761099282700,1001.4366
1761099282720,1001.47363
1761099282740,1001.4844
1761099282761,1001.5167
1761099282781,1001.53253
1761099282801,1001.5983
1761099282820,1001.636
1761099282840,1001.7055
1761099282860,1001.5725
1761099282880,1001.5803
1761099282900,1001.642
1761099282920,1001.91125
1761099282940,1001.8858
1761099282959,1001.77563
1761099282979,1001.77704
1761099282999,1001.79144
1761099283020,1001.78503
1761099283040,1001.8038
1761099283060,1001.7933
1761099283080,1001.7625
1761099283101,1001.6885
1761099283121,1001.6467
1761099283140,1001.61957
1761099283160,1001.5875
1761099283180,1001.5908
1761099283200,1001.5544
1761099283220,1001.5458
1761099283241,1001.5745
1761099283261,1001.5797
1761099283281,1001.5925
1761099283300,1001.60626
1761099283320,1001.5886
1761099283340,1001.60516
1761099283360,1001.643
1761099283380,1001.66174
1761099283400,1001.65625
1761099283420,1001.6838
1761099283440,1001.7211
1761099283460,1001.9583
1761099283481,1002.17926
1761099283500,1001.97504
1761099283520,1001.8061
1761099283540,1001.7549
1761099283560,1001.7497
1761099283580,1001.8064
1761099283601,1001.838
1761099283620,1001.8192
1761099283641,1001.7703
1761099283661,1001.738
1761099283680,1001.65533
1761099283700,1001.5652
1761099283720,1001.53937
1761099283740,1001.515
1761099283761,1001.5628
1761099283781,1001.59485
1761099283800,1001.5827
1761099283820,1001.6249
1761099283841,1001.6683
1761099283860,1001.7044
1761099283880,1001.72736
1761099283900,1001.6875
1761099283921,1001.6822
1761099283941,1001.7433
1761099283960,1002.0072
1761099283980,1002.01843
1761099284000,1001.7739
1761099284020,1001.77704
1761099284040,1001.7733
1761099284060,1001.77234
1761099284081,1001.79065
1761099284101,1001.7858
1761099284121,1001.7717
1761099284140,1001.7147
1761099284160,1001.66437
1761099284180,1001.66376
1761099284200,1001.6381
1761099284220,1001.6277
1761099284240,1001.64844
1761099284260,1001.6221
1761099284280,1001.65955
1761099284300,1001.6533
1761099284320,1001.6891
1761099284340,1001.6797
1761099284360,1001.6858
1761099284380,1001.7047
1761099284400,1001.7097
1761099284421,1001.72156
1761099284441,1001.72815
1761099284460,1001.7055
1761099284480,1001.73145
1761099284500,1001.7517
1761099284520,1002.0183
1761099284540,1002.1992
1761099284560,1002.0681
1761099284581,1001.8827
1761099284601,1001.78534
1761099284620,1001.8241
1761099284640,1001.945
1761099284660,1002.03265
1761099284680,1002.02734
1761099284700,1001.945
1761099284720,1001.86597
1761099284741,1001.77765
1761099284761,1001.6977
1761099284781,1001.5817
1761099284801,1001.5722
1761099284821,1001.59485
1761099284840,1001.6269
1761099284860,1001.6819
1761099284880,1001.78723
1761099284901,1001.8622
1761099284921,1002.08984
1761099284940,1001.7772
1761099284960,1001.6352
1761099284980,1001.7474
1761099285000,1001.8174
1761099285020,1001.91046
1761099285040,1001.90283
1761099285060,1001.8819
1761099285081,1001.9414
1761099285100,1002.0763
1761099285120,1002.28296
1761099285140,1002.4977
1761099285160,1002.54236
1761099285180,1002.6444
1761099285201,1002.67285
1761099285221,1002.6405
1761099285241,1002.61426
1761099285261,1002.6097
1761099285280,1002.65063
1761099285300,1002.60474
1761099285321,1002.6472
1761099285340,1002.686
1761099285360,1002.5049
1761099285380,1001.8987
1761099285400,1001.59674
1761099285421,1001.54315
1761099285440,1001.5852
1761099285460,1001.8166
1761099285480,1002.0739
1761099285500,1001.8157
1761099285520,1001.6375
1761099285540,1001.5502
1761099285561,1001.5261
1761099285581,1001.6816
1761099285600,1001.7666
1761099285620,1001.8313
1761099285640,1001.91046
1761099285660,1002.0505
1761099285680,1002.0739
1761099285700,1002.0216
1761099285721,1001.99677
1761099285740,1001.9349
1761099285760,1001.7366
1761099285780,1001.6367
1761099285800,1001.5319
1761099285820,1001.52374
1761099285840,1001.5641
1761099285860,1001.67645
1761099285881,1001.7691
1761099285901,1001.92487
1761099285921,1001.9961
1761099285940,1001.8378
1761099285960,1001.6764
1761099285980,1001.53394
1761099286000,1001.5066
1761099286020,1001.5794
1761099286041,1001.5947
1761099286061,1001.53546
1761099286081,1001.5594
1761099286100,1001.6375
1761099286120,1001.64813
1761099286140,1001.52893
1761099286161,1001.5466
1761099286180,1001.64484
1761099286200,1001.827
1761099286221,1001.9511
1761099286241,1002.0836
1761099286260,1002.2716
1761099286280,1002.41595
1761099286300,1002.54987
1761099286320,1002.6586
1761099286340,1002.6931
1761099286361,1002.67255
1761099286380,1002.60706
1761099286401,1002.47534
1761099286420,1002.4433
1761099286440,1002.53314
1761099286460,1002.6247
1761099286481,1002.6555
1761099286500,1002.6989
1761099286521,1002.6673
1761099286540,1002.5145
1761099286561,1002.23425
1761099286581,1001.8697
1761099286600,1001.5777
1761099286620,1001.42255
1761099286640,1001.3386
1761099286660,1001.3408
1761099286680,1001.4534
1761099286700,1001.7028
1761099286721,1001.8422
1761099286741,1001.8199
1761099286761,1001.61206
1761099286780,1001.445
1761099286800,1001.433
1761099286820,1001.48486
1761099286840,1001.5944
1761099286860,1001.67285
1761099286881,1001.7733
1761099286901,1001.9353
1761099286920,1001.9452
1761099286940,1001.90796
1761099286960,1001.8936
1761099286980,1001.8305
1761099287000,1001.7147
1761099287020,1001.5905
1761099287040,1001.518
1761099287061,1001.4939
1761099287080,1001.4866
1761099287100,1001.53516
1761099287120,1001.62427
1761099287140,1001.7197
1761099287160,1001.8191
1761099287181,1001.7919
1761099287200,1001.6888
1761099287221,1001.6863
1761099287241,1001.7769
1761099287262,1001.97296
1761099287280,1001.7933
1761099287300,1001.48047
1761099287320,1001.3675
1761099287341,1001.3889
1761099287361,1001.59644
1761099287381,1001.5227
1761099287401,1001.4758
1761099287420,1001.47266
1761099287440,1001.5075
1761099287460,1001.59
1761099287480,1001.60144
1761099287501,1001.65485
1761099287521,1001.83734
1761099287541,1002.0008
1761099287561,1002.0586
1761099287581,1002.05035
1761099287600,1002.04596
1761099287621,1001.8689
1761099287640,1001.72064
1761099287660,1001.60645
1761099287680,1001.53394
1761099287701,1001.4686
1761099287721,1001.4502
1761099287740,1001.46484
1761099287760,1001.53064
1761099287781,1001.5469
1761099287800,1001.5605
1761099287820,1001.61346
1761099287840,1001.7197
1761099287861,1001.8394
1761099287881,1001.91675
1761099287900,1002.0067
1761099287920,1001.865
1761099287940,1001.7585
1761099287960,1001.7474
1761099287980,1001.7542
1761099288000,1001.8191
1761099288021,1001.89
1761099288041,1001.90753
1761099288061,1001.8908
1761099288080,1001.7611
1761099288100,1001.6477
1761099288120,1001.5755
1761099288140,1001.5028
1761099288160,1001.4675
1761099288180,1001.4517
1761099288201,1001.47675
1761099288221,1001.5061
1761099288240,1001.5253
1761099288261,1001.5605
1761099288280,1001.5683
1761099288300,1001.58624
1761099288321,1001.6358
1761099288340,1001.65533
1761099288361,1001.58704
1761099288381,1001.5745
1761099288400,1001.6503
1761099288420,1001.753
1761099288440,1002.3953
1761099288460,1001.9794
1761099288480,1001.72473
1761099288500,1001.85535
1761099288521,1001.90393
1761099288541,1001.9333
1761099288560,1001.9386
1761099288580,1001.8835
1761099288601,1001.9625
1761099288620,1002.017
1761099288640,1002.02765
1761099288661,1001.9311
1761099288680,1001.78284
1761099288701,1001.6266
1761099288721,1001.5794
1761099288740,1001.56
1761099288760,1001.58923
1761099288780,1001.58624
1761099288800,1001.5755
1761099288820,1001.5872
1761099288840,1001.6299
1761099288861,1001.6008
1761099288881,1001.6478
1761099288900,1001.65173
1761099288921,1001.66016
1761099288940,1001.6669
1761099288960,1001.67285
1761099288980,1001.6981
1761099289000,1001.80426
1761099289021,1002.1152
1761099289041,1002.28644
1761099289060,1002.03986
1761099289080,1001.8797
1761099289100,1001.8544
1761099289120,1001.8842
1761099289140,1001.9697
1761099289161,1002.02454
1761099289181,1002.011
1761099289201,1001.9947
1761099289220,1001.84515
1761099289240,1001.7455
1761099289260,1001.691
1761099289280,1001.6261
1761099289300,1001.5596
1761099289321,1001.5649
1761099289341,1001.5894
1761099289361,1001.60126
1761099289382,1001.60846
1761099289400,1001.6494
1761099289420,1001.6777
1761099289441,1001.71484
1761099289460,1001.72974
1761099289480,1001.7536
1761099289501,1001.7521
1761099289521,1001.6874
1761099289541,1001.7136
1761099289560,1001.73395
1761099289580,1001.79596
1761099289600,1001.8877
1761099289620,1001.92285
1761099289640,1001.98596
1761099289660,1001.97754
1761099289681,1002.03406
1761099289702,1002.09015
1761099289721,1002.0719
1761099289741,1001.97723
1761099289760,1001.90894
1761099289781,1001.9553
1761099289800,1001.887
1761099289820,1001.8049
1761099289841,1001.738
1761099289862,1001.71515
1761099289880,1001.67175
1761099289900,1001.6761
1761099289921,1001.6888
1761099289941,1001.73175
1761099289960,1001.7461
1761099289981,1001.72675
1761099290000,1001.71344
1761099290021,1001.73627
1761099290041,1001.72815
1761099290060,1001.7644
1761099290080,1001.7883
1761099290101,1001.7763
1761099290120,1001.78375
1761099290140,1001.8266
1761099290160,1002.0527
1761099290181,1002.1275
1761099290201,1002.01733
1761099290220,1001.91174
1761099290240,1001.91473
1761099290260,1002.0041
1761099290280,1001.96643
1761099290301,1002.02374
1761099290322,1002.00214
1761099290340,1002.0036
1761099290361,1001.9564
1761099290380,1001.8702
1761099290400,1001.7463
1761099290420,1001.66644
1761099290440,1001.6341
1761099290460,1001.6719
1761099290480,1001.6791
1761099290501,1001.6991
1761099290521,1001.6999
1761099290541,1001.73596
1761099290560,1001.78625
1761099290581,1001.8253
1761099290601,1001.8227
1761099290620,1001.9407
1761099290640,1001.7836
1761099290660,1001.72705
1761099290681,1001.7611
1761099290700,1001.8991
1761099290720,1001.93
1761099290740,1001.91064
1761099290761,1001.91376
1761099290780,1001.955
1761099290800,1001.9683
1761099290821,1001.97125
1761099290840,1001.98254
1761099290861,1001.9592
1761099290880,1001.8792
1761099290900,1001.868
1761099290920,1001.8802
1761099290940,1001.8663
1761099290960,1001.865
1761099290981,1001.8353
1761099291000,1001.79266
1761099291021,1001.77783
1761099291041,1001.7708
1761099291060,1001.78723
1761099291080,1001.79065
1761099291100,1001.77246
1761099291120,1001.79144
1761099291140,1001.79767
1761099291161,1001.78485
1761099291181,1001.80035
1761099291200,1001.8231
1761099291220,1001.80035
1761099291240,1001.8096
1761099291260,1001.8286
1761099291281,1001.8777
1761099291301,1001.8831
1761099291321,1001.8933
1761099291341,1001.91174
1761099291360,1001.9888
1761099291380,1002.28485
1761099291400,1002.1836
1761099291420,1001.9297
1761099291440,1001.91345
1761099291461,1002.0805
1761099291480,1002.11255
1761099291501,1002.09344
1761099291521,1002.0759
1761099291540,1002.10754
1761099291560,1002.08984
1761099291580,1001.9683
1761099291601,1001.84534
1761099291620,1001.7608
1761099291640,1001.7169
1761099291660,1001.7089
1761099291681,1001.7222
1761099291700,1001.78674
1761099291720,1001.79517
1761099291740,1001.80457
1761099291760,1001.8408
1761099291780,1001.85114
1761099291801,1001.86597
1761099291820,1001.8913
1761099291842,1001.9313
1761099291860,1001.89954
1761099291880,1001.8831
1761099291900,1001.85895
1761099291920,1001.85596
1761099291940,1001.85065
1761099291961,1001.85364
1761099291981,1001.9355
1761099292001,1002.0081
1761099292020,1001.97144
1761099292040,1001.98364
1761099292060,1002.0786
1761099292081,1002.1456
1761099292100,1002.1977
1761099292120,1002.3244
1761099292141,1002.3844
1761099292161,1002.4237
1761099292181,1002.3955
1761099292200,1002.29034
1761099292220,1002.17426
1761099292241,1002.1152
1761099292260,1002.11395
1761099292281,1002.0258
1761099292301,1001.9552
1761099292321,1001.97455
1761099292341,1002.05005
1761099292360,1002.1033
1761099292380,1002.0805
1761099292400,1001.97296
1761099292420,1001.9336
1761099292440,1001.9385
1761099292460,1002.0455
1761099292480,1002.11957
1761099292501,1002.1152
1761099292521,1002.09766
1761099292540,1002.09314
1761099292560,1002.03937
1761099292582,1002.03674
1761099292600,1001.92926
1761099292620,1001.9011
1761099292640,1001.881
1761099292660,1001.9527
1761099292680,1002.0266
1761099292700,1002.0244
1761099292720,1001.95874
1761099292740,1001.8702
1761099292760,1001.8812
1761099292781,1001.99286
1761099292801,1002.1727
1761099292821,1002.29254
1761099292841,1002.2455
1761099292861,1002.22363
1761099292880,1002.2644
1761099292901,1002.3083
1761099292920,1002.2469
1761099292940,1002.16406
1761099292961,1002.0038
1761099292980,1001.9058
1761099293001,1001.89923
1761099293020,1002.04254
1761099293040,1002.15924
1761099293060,1002.2532
1761099293080,1002.3128
1761099293100,1002.14
1761099293121,1001.97345
1761099293140,1001.90924
1761099293161,1001.97516
1761099293180,1002.0294
1761099293200,1001.90594
1761099293220,1001.73816
1761099293240,1001.67004
1761099293260,1001.6786
1761099293280,1001.92535
1761099293301,1001.8319
1761099293321,1001.7613
1761099293340,1001.8292
1761099293360,1002.005
1761099293380,1002.15985
1761099293400,1002.3352
1761099293420,1002.4325
1761099293441,1002.5797
1761099293460,1002.67017
1761099293481,1002.745
1761099293500,1002.73505
1761099293520,1002.6453
1761099293540,1002.5222
1761099293560,1002.40564
1761099293580,1002.29486
1761099293600,1002.2692
1761099293620,1002.49347
1761099293640,1002.66425
1761099293661,1002.79987
1761099293680,1002.7517
1761099293700,1002.5311
1761099293720,1002.2532
1761099293740,1001.9625
1761099293761,1001.84515
1761099293780,1001.7997
1761099293801,1001.6824
1761099293821,1001.61017
1761099293840,1001.5755
1761099293860,1001.6289
1761099293880,1001.95844
1761099293901,1002.09064
1761099293920,1002.04175
1761099293940,1001.7681
1761099293960,1001.61017
1761099293981,1001.60754
1761099294000,1001.6922
1761099294020,1001.78174
1761099294040,1001.8903
1761099294060,1001.98035
1761099294080,1002.1058
1761099294100,1002.0305
1761099294120,1001.9466
1761099294141,1001.95874
1761099294160,1001.91534
1761099294180,1001.9033
1761099294200,1001.7636
1761099294220,1001.7011
1761099294240,1001.66205
1761099294260,1001.6341
1761099294280,1001.7553
1761099294301,1001.84906
1761099294321,1001.9083
1761099294340,1002.0702
1761099294360,1002.29535
1761099294380,1002.27515
1761099294401,1002.11005
1761099294420,1001.8849
1761099294441,1001.7114
1761099294461,1001.6846
1761099294481,1001.7128
1761099294500,1001.73425
1761099294520,1001.71515
1761099294540,1001.7011
1761099294560,1001.8088
1761099294581,1001.79565
1761099294600,1001.6946
1761099294621,1001.66284
1761099294640,1001.6766
1761099294660,1001.7663
1761099294680,1001.8847
1761099294700,1001.92706
1761099294720,1002.0731
1761099294740,1002.2585
1761099294761,1002.41956
1761099294781,1002.5027
1761099294802,1002.5227
1761099294820,1002.5055
1761099294840,1002.46924
1761099294860,1002.35504
1761099294881,1002.2567
1761099294900,1002.16956
1761099294920,1002.1183
1761099294940,1002.1352
1761099294961,1002.22266
1761099294981,1002.42175
1761099295000,1002.6399
1761099295021,1002.7105
1761099295041,1002.4364
1761099295060,1002.1091
1761099295081,1001.8927
1761099295101,1001.77563
1761099295121,1001.6356
1761099295142,1001.53973
1761099295160,1001.52765
1761099295180,1001.6464
1761099295200,1001.945
1761099295220,1002.0655
1761099295240,1002.0894
1761099295260,1001.94556
1761099295281,1001.765
1761099295301,1001.6116
1761099295320,1001.6294
1761099295340,1001.78345
1761099295360,1001.9641
1761099295380,1002.12036
1761099295400,1002.02734
1761099295420,1001.9416
1761099295441,1002.03766
1761099295461,1001.9641
1761099295480,1001.8119
1761099295500,1001.73145
1761099295520,1001.6439
1761099295541,1001.6227
1761099295560,1001.615
1761099295581,1001.6306
1761099295600,1001.6244
1761099295620,1001.65674
1761099295641,1001.6456
1761099295660,1001.66455
1761099295680,1001.6944
1761099295700,1001.7524
1761099295720,1001.8258
1761099295740,1001.838
1761099295760,1001.86597
1761099295781,1001.7739
1761099295801,1001.71875
1761099295820,1001.7955
1761099295840,1002.3096
1761099295860,1002.4208
1761099295880,1002.1989
1761099295900,1002.03534
1761099295920,1001.90765
1761099295941,1001.8425
1761099295961,1001.89813
1761099295980,1002.0149
1761099296000,1002.1221
1761099296020,1002.0685
1761099296040,1001.9341
1761099296060,1001.79285
1761099296080,1001.72815
1761099296101,1001.6878
1761099296121,1001.6983
1761099296140,1001.72986
1761099296161,1001.79156
1761099296181,1001.827
1761099296200,1001.77234
1761099296220,1001.7413
1761099296240,1001.7692
1761099296261,1001.7727
1761099296281,1001.8075
1761099296300,1001.83875
1761099296320,1001.827
1761099296340,1001.86255
1761099296360,1001.98047
1761099296380,1002.0194
1761099296401,1002.0147
1761099296420,1001.97675
1761099296441,1001.97565
1761099296461,1002.0071
1761099296480,1002.0063
1761099296500,1002.0035
1761099296520,1001.9908
1761099296541,1002.0197
1761099296560,1002.15125
1761099296580,1002.0116
1761099296601,1001.9299
1761099296621,1001.85657
1761099296640,1001.8127
1761099296660,1001.77203
1761099296680,1001.7678
1761099296700,1001.73364
1761099296720,1001.7634
1761099296740,1001.7624
1761099296761,1001.79645
1761099296781,1001.83765
1761099296800,1001.8789
1761099296820,1001.8942
1761099296840,1001.90625
1761099296860,1001.91644
1761099296880,1001.92706
1761099296901,1001.8957
1761099296920,1001.8938
1761099296941,1001.9083
1761099296960,1002.0827
1761099296980,1002.1183
1761099297001,1002.0866
1761099297020,1002.09143
1761099297040,1002.2028
1761099297061,1002.1869
1761099297081,1002.2052
1761099297101,1002.19086
1761099297121,1002.1508
1761099297140,1002.1327
1761099297160,1002.05286
1761099297180,1001.95953
1761099297200,1001.91736
1761099297220,1001.8355
1761099297240,1001.8627
1761099297261,1001.8389
1761099297281,1001.838
1761099297300,1001.8735
1761099297320,1001.8884
1761099297340,1001.91956
1761099297360,1001.90094
1761099297381,1001.8844
1761099297400,1001.91144
1761099297421,1001.9369
1761099297441,1001.93176
1761099297460,1001.9369
1761099297480,1001.9369
1761099297501,1001.97925
1761099297521,1002.1927
1761099297540,1002.16345
1761099297560,1002.1882
1761099297580,1002.0803
1761099297601,1002.0961
1761099297620,1002.17377
1761099297640,1002.2391
1761099297660,1002.2219
1761099297680,1002.3267
1761099297700,1002.41595
1761099297720,1002.2347
1761099297741,1002.05707
1761099297761,1001.91486
1761099297781,1001.8698
1761099297801,1001.8331
1761099297820,1001.8192
1761099297840,1001.83
1761099297860,1001.8264
1761099297881,1001.85144
1761099297900,1001.8967
1761099297921,1001.91846
1761099297941,1001.9325
1761099297960,1001.9222
1761099297980,1001.8909
1761099298000,1001.8886
1761099298020,1001.91864
1761099298041,1001.9553
1761099298060,1002.0919
1761099298081,1002.0738
1761099298101,1001.97925
1761099298120,1001.98145
1761099298141,1002.0067
1761099298160,1001.97736
1761099298181,1001.93036
1761099298200,1001.98816
1761099298220,1001.9961
1761099298241,1001.9619
1761099298261,1001.92566
1761099298280,1001.9286
1761099298300,1001.9022
1761099298320,1001.91113
1761099298340,1001.9288
1761099298360,1001.9447
1761099298381,1001.9988
1761099298401,1002.09204
1761099298421,1002.34534
1761099298441,1002.78796
1761099298460,1003.393
1761099298480,1003.5784
1761099298500,1003.72797
1761099298520,1003.8789
1761099298540,1004.0241
1761099298561,1004.1228
1761099298581,1004.2744
1761099298601,1004.49066
1761099298620,1004.6942
1761099298640,1004.9533
1761099298660,1005.1395
1761099298680,1005.196
1761099298701,1005.4558
1761099298721,1005.59796
1761099298741,1005.5451
1761099298761,1005.5124
1761099298780,1005.4341
1761099298800,1005.1238
1761099298820,1004.6914
1761099298840,1004.5597
1761099298861,1004.6108
1761099298880,1004.7144
1761099298900,1004.7366
1761099298921,1004.73175
1761099298940,1004.6444
1761099298960,1004.5505
1761099298980,1004.4388
1761099299000,1004.3202
1761099299021,1004.1347
1761099299040,1003.9986
1761099299061,1003.78864
1761099299081,1003.65594
1761099299100,1003.54175
1761099299120,1003.47095
1761099299140,1003.41504
1761099299160,1003.34796
1761099299180,1003.27234
1761099299200,1003.15955
1761099299221,1003.0308
1761099299241,1002.97833
1761099299261,1002.8824
1761099299280,1002.73376
1761099299300,1002.6411
1761099299321,1002.6007
1761099299340,1002.5738
1761099299360,1002.4425
1761099299381,1002.3147
1761099299400,1002.1508
1761099299421,1002.03937
1761099299440,1002.0094
1761099299460,1001.8802
1761099299480,1001.73926
1761099299500,1001.6383
1761099299520,1001.66986
1761099299540,1001.7597
1761099299561,1001.5666
1761099299581,1001.3867
1761099299600,1001.16626
1761099299621,1001.2677
1761099299640,1001.2114
1761099299661,1001.1097
1761099299681,1001.0794
1761099299701,1001.0192
1761099299721,1000.91046
1761099299741,1000.8844
1761099299760,1000.86816
1761099299780,1000.7602
1761099299800,1000.66986
1761099299820,1000.62427
1761099299840,1000.59393
1761099299862,1000.5608
1761099299880,1000.5897
1761099299900,1000.5819
1761099299920,1000.5919
1761099299939,1000.59283
1761099299959,1000.6372
1761099299979,1000.65375
1761099299999,1000.6933
1761099300019,1000.71
1761099300039,1000.7663
1761099300060,1000.79236
1761099300080,1000.8295
1761099300102,1000.85864
1761099300119,1000.8766
1761099300139,1000.91876
1761099300159,1000.9233
1761099300179,1000.96515
1761099300199,1001.0013
1761099300220,1000.9986
1761099300240,1001.0167
1761099300259,1001.04596
1761099300279,1001.0741
1761099300299,1001.0636
1761099300319,1001.1105
1761099300339,1001.11285
1761099300360,1001.1331
1761099300380,1001.15424
1761099300401,1001.16785
1761099300419,1001.2064
1761099300439,1001.2175
1761099300459,1001.2599
1761099300479,1001.28406
1761099300499,1001.3157
1761099300519,1001.3171
1761099300540,1001.3303
1761099300561,1001.378
1761099300581,1001.3799
1761099300599,1001.3991
1761099300620,1001.42175
1761099300640,1001.4567
1761099300659,1001.47504
1761099300680,1001.4841
1761099300700,1001.47144
1761099300720,1001.4883
1761099300741,1001.48596
1761099300760,1001.5297
1761099300780,1001.56
1761099300800,1001.5447
1761099300819,1001.5652
1761099300840,1001.5716
1761099300860,1001.5836
1761099300880,1001.5864
1761099300900,1001.61395
1761099300921,1001.6136
1761099300940,1001.613
1761099300960,1001.6175
1761099300980,1001.6221
1761099301000,1001.6141
1761099301021,1001.6358
1761099301041,1001.67426
1761099301061,1001.7028
1761099301080,1001.7652
1761099301099,1001.7486
1761099301120,1001.79517
1761099301140,1001.8055
1761099301160,1001.84375
1761099301180,1001.8763
1761099301200,1001.91736
1761099301220,1002.03564
1761099301241,1002.0808
1761099301260,1002.0696
1761099301280,1002.0814
1761099301300,1002.1978
1761099301321,1002.29767
1761099301340,1002.3666
1761099301360,1002.41504
1761099301380,1002.42896
1761099301400,1002.4672
1761099301420,1002.53204
1761099301440,1002.8328
1761099301459,1002.6905
1761099301479,1002.3691
1761099301499,1002.23816
