1761098121725,1002.3038
1761098121745,1002.3108
1761098121765,1002.3161
1761098121786,1002.35254
1761098121806,1002.40753
1761098121827,1002.4697
1761098121846,1002.49286
1761098121865,1002.48956
1761098121886,1002.4933
1761098121905,1002.5152
1761098121926,1002.53
1761098121945,1002.53015
1761098121966,1002.5091
1761098121986,1002.47614
1761098122006,1002.4619
1761098122026,1002.4542
1761098122046,1002.4491
1761098122066,1002.4392
1761098122086,1002.47156
1761098122106,1002.4963
1761098122126,1002.4847
1761098122146,1002.4455
1761098122167,1002.4614
1761098122187,1002.4442
1761098122206,1002.4594
1761098122226,1002.4837
1761098122246,1002.47894
1761098122266,1002.4625
1761098122286,1002.4525
1761098122306,1002.47784
1761098122326,1002.47925
1761098122346,1002.4349
1761098122367,1002.4283
1761098122386,1002.395
1761098122406,1002.4033
1761098122426,1002.42737
1761098122446,1002.46124
1761098122466,1002.48157
1761098122486,1002.4528
1761098122506,1002.4411
1761098122526,1002.42816
1761098122546,1002.41144
1761098122566,1002.4435
1761098122586,1002.42145
1761098122606,1002.4325
1761098122626,1002.4552
1761098122646,1002.4407
1761098122668,1002.41614
1761098122687,1002.4375
1761098122707,1002.4308
1761098122725,1002.41046
1761098122746,1002.41205
1761098122765,1002.4072
1761098122786,1002.41046
1761098122806,1002.3799
1761098122826,1002.4308
1761098122847,1002.4402
1761098122866,1002.41797
1761098122886,1002.42487
1761098122906,1002.4133
1761098122926,1002.3997
1761098122946,1002.40125
1761098122966,1002.41907
1761098122986,1002.41473
1761098123006,1002.42267
1761098123026,1002.41656
1761098123045,1002.3967
1761098123066,1002.41046
1761098123086,1002.41504
1761098123106,1002.3775
1761098123127,1002.36255
1761098123146,1002.3794
1761098123167,1002.3763
1761098123188,1002.41815
1761098123208,1002.40704
1761098123226,1002.41895
1761098123246,1002.41174
1761098123265,1002.3638
1761098123286,1002.29895
1761098123307,1002.29114
1761098123327,1002.2633
1761098123346,1002.2547
1761098123366,1002.2594
1761098123386,1002.2819
1761098123406,1002.2736
1761098123426,1002.3211
1761098123446,1002.34424
1761098123466,1002.3608
1761098123486,1002.3636
1761098123506,1002.3813
1761098123526,1002.3714
1761098123546,1002.3858
1761098123565,1002.3853
1761098123586,1002.3895
1761098123606,1002.3909
1761098123626,1002.39233
1761098123653,1002.35205
1761098123666,1002.33954
1761098123686,1002.2819
1761098123705,1002.29236
1761098123726,1002.2811
1761098123746,1002.3144
1761098123766,1002.3352
1761098123786,1002.34906
1761098123807,1002.3472
1761098123827,1002.35474
1761098123847,1002.3735
1761098123866,1002.3636
1761098123887,1002.33344
1761098123906,1002.34595
1761098123926,1002.3436
1761098123946,1002.3274
1761098123966,1002.3281
1761098123987,1002.3222
1761098124007,1002.3245
1761098124026,1002.3124
1761098124046,1002.29626
1761098124066,1002.3183
1761098124086,1002.35754
1761098124106,1002.41144
1761098124126,1002.45703
1761098124146,1002.5138
1761098124167,1002.5736
1761098124186,1002.608
1761098124206,1002.60486
1761098124225,1002.5972
1761098124246,1002.54645
1761098124266,1002.4996
1761098124286,1002.4375
1761098124306,1002.40533
1761098124326,1002.3774
1761098124346,1002.3828
1761098124366,1002.39703
1761098124386,1002.4324
1761098124406,1002.4583
1761098124426,1002.47815
1761098124446,1002.4286
1761098124466,1002.403
1761098124487,1002.4016
1761098124507,1002.4047
1761098124526,1002.47815
1761098124546,1002.4908
1761098124566,1002.511
1761098124586,1002.52094
1761098124606,1002.54205
1761098124627,1002.5469
1761098124646,1002.5122
1761098124667,1002.4374
1761098124686,1002.4402
1761098124706,1002.42267
1761098124726,1002.41223
1761098124746,1002.40894
1761098124766,1002.4244
1761098124786,1002.3983
1761098124806,1002.42175
1761098124827,1002.3902
1761098124846,1002.3939
1761098124866,1002.41016
1761098124886,1002.3886
1761098124906,1002.3869
1761098124926,1002.3783
1761098124946,1002.3469
1761098124966,1002.3677
1761098124987,1002.37036
1761098125007,1002.3825
1761098125026,1002.35474
1761098125046,1002.3769
1761098125066,1002.38
1761098125086,1002.3583
1761098125106,1002.35394
1761098125126,1002.34064
1761098125147,1002.34143
1761098125168,1002.3364
1761098125186,1002.3155
1761098125206,1002.3378
1761098125227,1002.3594
1761098125246,1002.34955
1761098125266,1002.35535
1761098125286,1002.3906
1761098125306,1002.40735
1761098125327,1002.3849
1761098125346,1002.3508
1761098125366,1002.3252
1761098125386,1002.315
1761098125406,1002.3264
1761098125426,1002.3203
1761098125446,1002.3075
1761098125466,1002.313
1761098125487,1002.3177
1761098125506,1002.3185
1761098125526,1002.3105
1761098125547,1002.3077
1761098125566,1002.2739
1761098125586,1002.29047
1761098125606,1002.321
1761098125627,1002.35675
1761098125650,1002.3744
1761098125667,1002.3508
1761098125685,1002.3483
1761098125705,1002.3164
1761098125725,1002.333
1761098125745,1002.34784
1761098125766,1002.3666
1761098125786,1002.35535
1761098125806,1002.3342
1761098125826,1002.3322
1761098125846,1002.33234
1761098125866,1002.3113
1761098125886,1002.3284
1761098125906,1002.3088
1761098125926,1002.3331
1761098125946,1002.3322
1761098125966,1002.3291
1761098125986,1002.3163
1761098126006,1002.30817
1761098126026,1002.3196
1761098126046,1002.3136
1761098126066,1002.3289
1761098126086,1002.3103
1761098126106,1002.3099
1761098126127,1002.3172
1761098126147,1002.3122
1761098126166,1002.30707
1761098126186,1002.3124
1761098126206,1002.3147
1761098126226,1002.3183
1761098126245,1002.2647
1761098126265,1002.22656
1761098126286,1002.2294
1761098126306,1002.23035
1761098126327,1002.2694
1761098126346,1002.29565
1761098126366,1002.3275
1761098126386,1002.3305
1761098126406,1002.3239
1761098126426,1002.35864
1761098126446,1002.3845
1761098126466,1002.4194
1761098126487,1002.42035
1761098126506,1002.4347
1761098126526,1002.4594
1761098126546,1002.4438
1761098126566,1002.40314
1761098126586,1002.3694
1761098126606,1002.3769
1761098126627,1002.36536
1761098126647,1002.36255
1761098126667,1002.34454
1761098126686,1002.3358
1761098126706,1002.3369
1761098126728,1002.3686
1761098126745,1002.3366
1761098126766,1002.33984
1761098126786,1002.3192
1761098126806,1002.32983
1761098126827,1002.3172
1761098126846,1002.308
1761098126866,1002.29016
1761098126886,1002.29535
1761098126906,1002.3275
1761098126926,1002.35016
1761098126946,1002.34595
1761098126966,1002.3777
1761098126987,1002.36676
1761098127006,1002.3358
1761098127026,1002.34985
1761098127046,1002.34625
1761098127066,1002.3238
1761098127086,1002.3222
1761098127106,1002.3169
1761098127126,1002.3831
1761098127146,1002.40094
1761098127166,1002.41907
1761098127186,1002.4407
1761098127206,1002.4413
1761098127226,1002.3958
1761098127246,1002.34454
1761098127266,1002.3227
1761098127286,1002.3239
1761098127306,1002.36707
1761098127326,1002.3533
1761098127346,1002.3774
1761098127366,1002.3366
1761098127386,1002.35223
1761098127406,1002.35626
1761098127426,1002.3213
1761098127446,1002.3108
1761098127466,1002.3038
1761098127487,1002.28937
1761098127506,1002.2577
1761098127526,1002.29095
1761098127546,1002.2919
1761098127566,1002.3306
1761098127586,1002.35376
1761098127607,1002.34906
1761098127627,1002.3661
1761098127653,1002.3714
1761098127669,1002.34564
1761098127685,1002.3196
1761098127705,1002.3025
1761098127725,1002.3203
1761098127745,1002.28174
1761098127766,1002.2656
1761098127786,1002.2411
1761098127806,1002.2355
1761098127826,1002.2489
1761098127846,1002.2694
1761098127866,1002.2622
1761098127886,1002.2636
1761098127906,1002.2683
1761098127926,1002.29175
1761098127946,1002.3231
1761098127966,1002.34784
1761098127986,1002.34454
1761098128006,1002.3469
1761098128026,1002.3228
1761098128046,1002.303
1761098128066,1002.2758
1761098128086,1002.2794
1761098128106,1002.27484
1761098128126,1002.2702
1761098128147,1002.2569
1761098128166,1002.2638
1761098128186,1002.2574
1761098128206,1002.256
1761098128226,1002.2583
1761098128246,1002.29175
1761098128266,1002.29785
1761098128286,1002.31177
1761098128307,1002.2955
1761098128326,1002.27924
1761098128346,1002.2655
1761098128366,1002.2119
1761098128386,1002.1947
1761098128406,1002.2002
1761098128426,1002.17377
1761098128446,1002.21954
1761098128467,1002.1919
1761098128486,1002.24316
1761098128506,1002.22455
1761098128526,1002.2563
1761098128546,1002.2416
1761098128566,1002.23535
1761098128586,1002.2441
1761098128607,1002.20874
1761098128627,1002.2341
1761098128647,1002.2097
1761098128666,1002.1935
1761098128686,1002.22424
1761098128706,1002.21814
1761098128726,1002.2294
1761098128746,1002.21906
1761098128766,1002.1928
1761098128786,1002.208
1761098128807,1002.2158
1761098128826,1002.16846
1761098128846,1002.1455
1761098128866,1002.1399
1761098128886,1002.1594
1761098128906,1002.2045
1761098128926,1002.1558
1761098128947,1002.1225
1761098128967,1002.136
1761098128986,1002.1372
1761098129006,1002.14624
1761098129026,1002.1497
1761098129046,1002.1414
1761098129066,1002.14624
1761098129086,1002.1597
1761098129107,1002.15875
1761098129127,1002.1406
1761098129147,1002.17786
1761098129166,1002.1955
1761098129186,1002.1683
1761098129206,1002.1319
1761098129226,1002.0947
1761098129246,1002.1417
1761098129266,1002.1949
1761098129286,1002.178
1761098129307,1002.1947
1761098129326,1002.1297
1761098129346,1002.1269
1761098129366,1002.10406
1761098129386,1002.113
1761098129406,1002.1136
1761098129426,1002.131
1761098129447,1002.1163
1761098129467,1002.11066
1761098129486,1002.10095
1761098129507,1002.1199
1761098129526,1002.1214
1761098129546,1002.09174
1761098129566,1002.09973
1761098129586,1002.09924
1761098129606,1002.083
1761098129628,1002.1133
1761098129656,1002.1306
1761098129666,1002.1406
1761098129685,1002.1497
1761098129706,1002.17255
1761098129726,1002.15015
1761098129746,1002.1214
1761098129766,1002.0691
1761098129786,1002.0547
1761098129806,1002.0636
1761098129826,1002.04895
1761098129846,1002.08594
1761098129866,1002.09595
1761098129886,1002.1189
1761098129906,1002.1489
1761098129926,1002.17505
1761098129946,1002.20483
1761098129967,1002.1838
1761098129986,1002.14624
1761098130006,1002.0936
1761098130026,1002.0516
1761098130046,1002.0216
1761098130066,1002.0272
1761098130087,1002.03723
1761098130106,1002.03723
1761098130127,1002.0742
1761098130147,1002.1152
1761098130166,1002.09845
1761098130186,1002.1246
1761098130206,1002.15625
1761098130226,1002.16766
1761098130246,1002.1775
1761098130266,1002.16656
1761098130286,1002.1327
1761098130306,1002.1116
1761098130326,1002.0696
1761098130346,1002.04565
1761098130366,1002.03235
1761098130386,1002.0225
1761098130406,1002.01843
1761098130426,1002.03143
1761098130447,1002.03815
1761098130467,1001.98047
1761098130486,1001.9972
1761098130506,1001.9605
1761098130526,1001.9694
1761098130547,1001.9891
1761098130566,1002.0138
1761098130587,1002.02
1761098130607,1002.03516
1761098130627,1002.0727
1761098130647,1002.0889
1761098130666,1002.0419
1761098130686,1002.0142
1761098130706,1002.0189
1761098130726,1002.0636
1761098130746,1002.0655
1761098130767,1002.05707
1761098130786,1002.04407
1761098130806,1002.05707
1761098130826,1002.0583
1761098130846,1002.0491
1761098130866,1002.0588
1761098130886,1002.06067
1761098130906,1002.0047
1761098130926,1001.98035
1761098130947,1001.9844
1761098130966,1001.9558
1761098130986,1001.9672
1761098131006,1001.9758
1761098131026,1001.97064
1761098131046,1001.9475
1761098131066,1001.97296
1761098131086,1001.9694
1761098131107,1001.996
1761098131127,1002.023
1761098131146,1002.0789
1761098131166,1002.1344
1761098131187,1002.14984
1761098131207,1002.1813
1761098131226,1002.17017
1761098131248,1002.15643
1761098131266,1002.11426
1761098131287,1002.0575
1761098131306,1001.9944
1761098131326,1001.9255
1761098131346,1001.8716
1761098131366,1001.85876
1761098131386,1001.89874
1761098131406,1001.87103
1761098131427,1001.8822
1761098131447,1001.928
1761098131466,1001.92456
1761098131486,1001.93677
1761098131506,1001.9439
1761098131526,1001.9794
1761098131546,1002.02094
1761098131566,1002.0046
1761098131586,1002.0261
1761098131607,1001.98096
1761098131626,1001.96844
1761098131646,1001.9578
1761098131666,1001.9455
1761098131686,1001.91064
1761098131708,1001.8767
1761098131727,1001.8397
1761098131747,1001.8192
1761098131767,1001.83093
1761098131786,1001.8149
1761098131806,1001.78705
1761098131826,1001.7736
1761098131846,1001.79877
1761098131866,1001.775
1761098131886,1001.77924
1761098131906,1001.8103
1761098131926,1001.8163
1761098131947,1001.86597
1761098131966,1001.8746
1761098131986,1001.85175
1761098132006,1001.85223
1761098132026,1001.8169
1761098132046,1001.8122
1761098132066,1001.8163
1761098132087,1001.8283
1761098132107,1001.8019
1761098132126,1001.7633
1761098132146,1001.7613
1761098132166,1001.7631
1761098132186,1001.77423
1761098132206,1001.8228
1761098132226,1001.8391
1761098132247,1001.84845
1761098132266,1001.85956
1761098132287,1001.8972
1761098132306,1001.91473
1761098132326,1001.8666
1761098132346,1001.8533
1761098132366,1001.85156
1761098132386,1001.84424
1761098132407,1001.85034
1761098132427,1001.8774
1761098132447,1001.838
1761098132466,1001.8369
1761098132486,1001.8292
1761098132506,1001.84784
1761098132526,1001.8408
1761098132546,1001.8364
1761098132566,1001.84393
1761098132586,1001.84515
1761098132607,1001.85535
1761098132626,1001.8919
1761098132646,1001.90753
1761098132666,1001.9236
1761098132686,1001.90424
1761098132706,1001.8897
1761098132726,1001.89734
1761098132747,1001.84705
1761098132766,1001.84784
1761098132786,1001.84393
1761098132806,1001.8252
1761098132826,1001.8178
1761098132846,1001.85785
1761098132866,1001.86255
1761098132886,1001.8786
1761098132906,1001.89484
1761098132926,1001.8917
1761098132947,1001.91376
1761098132966,1001.8858
1761098132986,1001.85315
1761098133006,1001.8816
1761098133026,1001.8389
1761098133046,1001.8097
1761098133066,1001.78925
1761098133087,1001.7739
1761098133107,1001.80786
1761098133126,1001.84033
1761098133146,1001.8369
1761098133166,1001.8405
1761098133186,1001.8224
1761098133206,1001.7997
1761098133226,1001.7955
1761098133249,1001.8038
1761098133266,1001.8225
1761098133286,1001.8069
1761098133306,1001.79926
1761098133326,1001.79486
1761098133346,1001.7794
1761098133366,1001.8096
1761098133386,1001.7697
1761098133406,1001.8192
1761098133426,1001.8075
1761098133446,1001.8133
1761098133466,1001.79047
1761098133486,1001.8049
1761098133506,1001.8331
1761098133526,1001.84735
1761098133547,1001.86237
1761098133567,1001.8108
1761098133587,1001.78784
1761098133607,1001.77203
1761098133627,1001.79034
1761098133646,1001.8033
1761098133668,1001.7805
1761098133686,1001.78735
1761098133706,1001.775
1761098133727,1001.8113
1761098133747,1001.8027
1761098133766,1001.80145
1761098133786,1001.78296
1761098133806,1001.78296
1761098133826,1001.7958
1761098133846,1001.8041
1761098133866,1001.798
1761098133886,1001.7794
1761098133906,1001.73004
1761098133927,1001.72546
1761098133946,1001.7219
1761098133966,1001.7439
1761098133986,1001.762
1761098134006,1001.7405
1761098134026,1001.72473
1761098134046,1001.7463
1761098134067,1001.7302
1761098134087,1001.72003
1761098134107,1001.6941
1761098134126,1001.67957
1761098134146,1001.6875
1761098134166,1001.70844
1761098134186,1001.68
1761098134206,1001.67206
1761098134227,1001.703
1761098134247,1001.7422
1761098134266,1001.7588
1761098134286,1001.7597
1761098134306,1001.72644
1761098134326,1001.6874
1761098134346,1001.68317
1761098134366,1001.64233
1761098134386,1001.6491
1761098134406,1001.68427
1761098134427,1001.74097
1761098134446,1001.7122
1761098134466,1001.72784
1761098134486,1001.7155
1761098134506,1001.68567
1761098134526,1001.6755
1761098134546,1001.638
1761098134567,1001.65234
1761098134586,1001.6303
1761098134606,1001.6191
1761098134626,1001.59924
1761098134646,1001.54956
1761098134666,1001.5022
1761098134686,1001.5013
1761098134706,1001.54956
1761098134727,1001.5708
1761098134747,1001.5866
1761098134766,1001.59094
1761098134786,1001.59424
1761098134806,1001.59644
1761098134826,1001.59906
1761098134846,1001.5605
1761098134866,1001.5763
1761098134886,1001.5869
1761098134907,1001.5778
1761098134927,1001.5671
1761098134946,1001.55237
1761098134966,1001.59595
1761098134986,1001.60657
1761098135006,1001.60284
1761098135026,1001.59344
1761098135046,1001.5677
1761098135067,1001.53296
1761098135087,1001.54626
1761098135106,1001.5511
1761098135126,1001.59564
1761098135146,1001.60925
1761098135166,1001.60156
1761098135186,1001.6111
1761098135207,1001.5886
1761098135227,1001.5919
1761098135247,1001.60956
1761098135267,1001.61487
1761098135286,1001.6236
1761098135306,1001.59406
1761098135326,1001.60736
1761098135346,1001.6266
1761098135367,1001.6441
1761098135386,1001.623
1761098135407,1001.60986
1761098135427,1001.5808
1761098135446,1001.6219
1761098135467,1001.60297
1761098135486,1001.65173
1761098135506,1001.66394
1761098135526,1001.6477
1761098135546,1001.65814
1761098135566,1001.6497
1761098135587,1001.65924
1761098135606,1001.66095
1761098135626,1001.65625
1761098135646,1001.6439
1761098135666,1001.6397
1761098135686,1001.6141
1761098135706,1001.6319
1761098135727,1001.6345
1761098135747,1001.6388
1761098135766,1001.6257
1761098135786,1001.60364
1761098135806,1001.6274
1761098135826,1001.6292
1761098135846,1001.6227
1761098135866,1001.61816
1761098135887,1001.6263
1761098135907,1001.64233
1761098135927,1001.6431
1761098135946,1001.66455
1761098135966,1001.65063
1761098135986,1001.6296
1761098136006,1001.60846
1761098136026,1001.59674
1761098136047,1001.61566
1761098136067,1001.6278
1761098136087,1001.6294
1761098136106,1001.64844
1761098136126,1001.6505
1761098136147,1001.64813
1761098136166,1001.6227
1761098136187,1001.60126
1761098136206,1001.5817
1761098136228,1001.5852
1761098136247,1001.5889
1761098136266,1001.59033
1761098136286,1001.60645
1761098136306,1001.6224
1761098136326,1001.64343
1761098136346,1001.64484
1761098136366,1001.6282
1761098136386,1001.6313
1761098136407,1001.6302
1761098136426,1001.61237
1761098136446,1001.61096
1761098136466,1001.61536
1761098136486,1001.61066
1761098136506,1001.59784
1761098136526,1001.61536
1761098136547,1001.62177
1761098136567,1001.6508
1761098136587,1001.6272
1761098136606,1001.6342
1761098136626,1001.6339
1761098136646,1001.61847
1761098136667,1001.6238
1761098136686,1001.61487
1761098136706,1001.61395
1761098136726,1001.5998
1761098136747,1001.60626
1761098136766,1001.613
1761098136785,1001.6464
1761098136806,1001.6392
1761098136826,1001.6341
1761098136846,1001.625
1761098136866,1001.60614
1761098136887,1001.61597
1761098136907,1001.5788
1761098136926,1001.5742
1761098136946,1001.59125
1761098136966,1001.585
1761098136986,1001.58875
1761098137006,1001.61346
1761098137027,1001.59985
1761098137046,1001.5947
1761098137067,1001.6127
1761098137086,1001.6283
1761098137106,1001.61237
1761098137126,1001.62427
1761098137146,1001.62067
1761098137166,1001.61395
1761098137186,1001.5822
1761098137207,1001.59344
1761098137227,1001.60706
1761098137247,1001.6369
1761098137266,1001.6261
1761098137286,1001.6325
1761098137306,1001.6249
1761098137326,1001.60657
1761098137346,1001.59174
1761098137366,1001.5733
1761098137386,1001.5714
1761098137407,1001.5894
1761098137426,1001.6116
1761098137446,1001.643
1761098137466,1001.5847
1761098137486,1001.5811
1761098137506,1001.59283
1761098137526,1001.59564
1761098137546,1001.5502
1761098137566,1001.5211
1761098137586,1001.53723
1761098137606,1001.5778
1761098137626,1001.6455
1761098137646,1001.64453
1761098137666,1001.64844
1761098137686,1001.6327
1761098137706,1001.66113
1761098137727,1001.66705
1761098137747,1001.64874
1761098137766,1001.60065
1761098137786,1001.6322
1761098137806,1001.61176
1761098137826,1001.61237
1761098137846,1001.61597
1761098137866,1001.6314
1761098137887,1001.6505
1761098137907,1001.66003
1761098137926,1001.65454
1761098137946,1001.6253
1761098137966,1001.5742
1761098137986,1001.6133
1761098138006,1001.58093
1761098138026,1001.6033
1761098138047,1001.59503
1761098138067,1001.62177
1761098138086,1001.58344
1761098138106,1001.5828
1761098138126,1001.5816
1761098138146,1001.5816
1761098138167,1001.5858
1761098138186,1001.5864
1761098138207,1001.61206
1761098138227,1001.59015
1761098138246,1001.623
1761098138266,1001.6274
1761098138286,1001.61456
1761098138306,1001.59796
1761098138326,1001.57983
1761098138346,1001.60205
1761098138366,1001.61066
1761098138387,1001.58234
1761098138407,1001.62
1761098138427,1001.6261
1761098138446,1001.6297
1761098138466,1001.66644
1761098138486,1001.6921
1761098138506,1001.6413
1761098138526,1001.59955
1761098138548,1001.6141
1761098138567,1001.60034
1761098138586,1001.5294
1761098138606,1001.4352
1761098138626,1001.4592
1761098138646,1001.4964
1761098138666,1001.58234
1761098138686,1001.6669
1761098138706,1001.7063
1761098138727,1001.7116
1761098138746,1001.698
1761098138766,1001.6238
1761098138786,1001.6225
1761098138806,1001.6277
1761098138826,1001.59283
1761098138846,1001.5613
1761098138866,1001.59735
1761098138886,1001.61395
1761098138906,1001.5866
1761098138926,1001.5739
1761098138946,1001.5866
1761098138966,1001.6213
1761098138986,1001.5866
1761098139006,1001.5727
1761098139026,1001.573
1761098139047,1001.575
1761098139067,1001.5739
1761098139086,1001.58374
1761098139106,1001.6321
1761098139127,1001.6597
1761098139146,1001.66376
1761098139166,1001.66516
1761098139186,1001.66626
1761098139207,1001.6927
1761098139227,1001.60504
1761098139247,1001.60114
1761098139266,1001.5739
1761098139286,1001.55145
1761098139305,1001.5671
1761098139326,1001.5125
1761098139346,1001.52124
1761098139366,1001.52625
1761098139386,1001.53845
1761098139406,1001.5681
1761098139426,1001.59534
1761098139446,1001.66644
1761098139466,1001.7383
1761098139486,1001.6864
1761098139506,1001.642
1761098139526,1001.6525
1761098139547,1001.66614
1761098139567,1001.6292
1761098139586,1001.60706
1761098139606,1001.60254
1761098139626,1001.65405
1761098139646,1001.61597
1761098139666,1001.5706
1761098139687,1001.5655
1761098139707,1001.5719
1761098139727,1001.572
1761098139746,1001.54395
1761098139766,1001.55347
1761098139785,1001.5689
1761098139805,1001.583
1761098139826,1001.60675
1761098139846,1001.72095
1761098139867,1001.7452
1761098139887,1001.6972
1761098139906,1001.61536
1761098139926,1001.59174
1761098139946,1001.5588
1761098139966,1001.5844
1761098139986,1001.61035
1761098140006,1001.6467
1761098140027,1001.7038
1761098140047,1001.708
1761098140066,1001.6514
1761098140086,1001.6127
1761098140106,1001.5866
1761098140126,1001.60486
1761098140146,1001.6136
1761098140166,1001.61066
1761098140187,1001.57
1761098140207,1001.5842
1761098140227,1001.55707
1761098140246,1001.53625
1761098140266,1001.5269
1761098140286,1001.55176
1761098140306,1001.5575
1761098140326,1001.57
1761098140347,1001.5775
1761098140366,1001.593
1761098140387,1001.573
1761098140406,1001.60754
1761098140426,1001.6744
1761098140446,1001.6741
1761098140466,1001.67847
1761098140487,1001.6892
1761098140506,1001.7036
1761098140527,1001.6758
1761098140547,1001.641
1761098140566,1001.6361
1761098140586,1001.5944
1761098140607,1001.6205
1761098140626,1001.6433
1761098140646,1001.6708
1761098140666,1001.67896
1761098140686,1001.67114
1761098140707,1001.64954
1761098140726,1001.67706
1761098140746,1001.6846
1761098140766,1001.6786
1761098140786,1001.66565
1761098140806,1001.6755
1761098140826,1001.6683
1761098140846,1001.61646
1761098140866,1001.59644
1761098140887,1001.5513
1761098140906,1001.6127
1761098140926,1001.68036
1761098140946,1001.67145
1761098140966,1001.6963
1761098140986,1001.66284
1761098141007,1001.6911
1761098141026,1001.6716
1761098141047,1001.6374
1761098141066,1001.5836
1761098141086,1001.5552
1761098141106,1001.5803
1761098141126,1001.6219
1761098141146,1001.61316
1761098141166,1001.66266
1761098141188,1001.6981
1761098141207,1001.7125
1761098141226,1001.73096
1761098141246,1001.73206
1761098141266,1001.7036
1761098141285,1001.65814
1761098141305,1001.625
1761098141326,1001.55536
1761098141347,1001.5628
1761098141366,1001.5586
1761098141387,1001.5583
1761098141406,1001.59644
1761098141426,1001.6188
1761098141446,1001.61066
1761098141466,1001.6261
1761098141486,1001.6444
1761098141506,1001.65784
1761098141527,1001.66895
1761098141547,1001.6431
1761098141566,1001.6321
1761098141586,1001.64
1761098141606,1001.6257
1761098141626,1001.61395
1761098141646,1001.59564
1761098141667,1001.61285
1761098141687,1001.5864
1761098141707,1001.5767
1761098141726,1001.60205
1761098141746,1001.5866
1761098141766,1001.61096
1761098141786,1001.5788
1761098141806,1001.60626
1761098141826,1001.6669
1761098141846,1001.6417
1761098141867,1001.64484
1761098141886,1001.6211
1761098141906,1001.58875
1761098141926,1001.5658
1761098141946,1001.5803
1761098141967,1001.5558
1761098141987,1001.54315
1761098142006,1001.5739
1761098142027,1001.60126
1761098142048,1001.6466
1761098142067,1001.6299
1761098142086,1001.59424
1761098142106,1001.5886
1761098142126,1001.59906
1761098142146,1001.59924
1761098142167,1001.5876
1761098142187,1001.58563
1761098142207,1001.5872
1761098142226,1001.593
1761098142246,1001.59625
1761098142266,1001.6277
1761098142286,1001.6335
1761098142306,1001.6417
1761098142326,1001.68207
1761098142346,1001.697
1761098142367,1001.7002
1761098142386,1001.66205
1761098142406,1001.66656
1761098142426,1001.60126
1761098142446,1001.59906
1761098142466,1001.54425
1761098142487,1001.48535
1761098142506,1001.4414
1761098142526,1001.5225
1761098142546,1001.6322
1761098142566,1001.66595
1761098142586,1001.7116
1761098142606,1001.6761
1761098142626,1001.6111
1761098142647,1001.5622
1761098142667,1001.6278
1761098142687,1001.67896
1761098142707,1001.67126
1761098142726,1001.65393
1761098142746,1001.60815
1761098142766,1001.53937
1761098142786,1001.4963
1761098142806,1001.4988
1761098142826,1001.5588
1761098142846,1001.5658
1761098142867,1001.58984
1761098142886,1001.6417
1761098142906,1001.7645
1761098142926,1001.887
1761098142946,1001.91656
1761098142966,1001.85736
1761098142986,1001.7722
1761098143007,1001.64874
1761098143027,1001.59924
1761098143046,1001.54126
1761098143066,1001.5175
1761098143086,1001.5007
1761098143106,1001.4877
1761098143126,1001.4947
1761098143146,1001.5094
1761098143167,1001.56
1761098143187,1001.59753
1761098143208,1001.57214
1761098143226,1001.5719
1761098143247,1001.59174
1761098143266,1001.54895
1761098143286,1001.5839
1761098143305,1001.5808
1761098143326,1001.6283
1761098143346,1001.6514
1761098143367,1001.6514
1761098143386,1001.59985
1761098143407,1001.60486
1761098143427,1001.61487
1761098143446,1001.6285
1761098143466,1001.6364
1761098143486,1001.6225
1761098143507,1001.6136
1761098143527,1001.64343
1761098143546,1001.65625
1761098143566,1001.683
1761098143586,1001.68286
1761098143606,1001.66437
1761098143627,1001.64844
1761098143647,1001.6247
1761098143668,1001.6324
1761098143687,1001.6425
1761098143706,1001.6175
1761098143726,1001.5936
1761098143746,1001.58234
1761098143766,1001.5736
1761098143786,1001.5505
1761098143806,1001.565
1761098143826,1001.58234
1761098143846,1001.5958
1761098143867,1001.61646
1761098143886,1001.61285
1761098143906,1001.59406
1761098143926,1001.54126
1761098143946,1001.53204
1761098143966,1001.5791
1761098143987,1001.631
1761098144007,1001.61646
1761098144027,1001.6191
1761098144046,1001.59937
1761098144066,1001.5805
1761098144086,1001.5786
1761098144106,1001.5663
1761098144126,1001.54895
1761098144146,1001.5683
1761098144166,1001.58875
1761098144187,1001.59375
1761098144206,1001.60266
1761098144226,1001.60425
1761098144246,1001.6158
1761098144266,1001.61847
1761098144288,1001.6236
1761098144306,1001.6267
1761098144326,1001.5911
1761098144346,1001.55566
1761098144366,1001.54816
1761098144386,1001.53845
1761098144406,1001.5596
1761098144426,1001.5685
1761098144446,1001.59283
1761098144466,1001.59143
1761098144486,1001.54926
1761098144506,1001.55597
1761098144527,1001.5733
1761098144546,1001.5647
1761098144566,1001.53784
1761098144586,1001.4958
1761098144606,1001.41296
1761098144626,1001.3153
1761098144646,1001.2507
1761098144666,1001.2625
1761098144687,1001.2706
1761098144706,1001.3096
1761098144726,1001.33
1761098144746,1001.35626
1761098144766,1001.3597
1761098144786,1001.34546
1761098144806,1001.42566
1761098144826,1001.46655
1761098144847,1001.5255
1761098144866,1001.53406
1761098144886,1001.6155
1761098144906,1001.6238
1761098144926,1001.6458
1761098144946,1001.66296
1761098144966,1001.6633
1761098144986,1001.66956
1761098145007,1001.66895
1761098145027,1001.6783
1761098145046,1001.688
1761098145066,1001.68427
1761098145086,1001.7105
1761098145106,1001.72516
1761098145126,1001.7002
1761098145147,1001.7197
1761098145167,1001.7063
1761098145187,1001.66406
1761098145207,1001.65814
1761098145226,1001.6395
1761098145248,1001.63336
1761098145266,1001.61676
1761098145286,1001.6352
1761098145306,1001.6356
1761098145326,1001.63
1761098145346,1001.59033
1761098145366,1001.59534
1761098145386,1001.59656
1761098145407,1001.5599
1761098145426,1001.55817
1761098145446,1001.5027
1761098145466,1001.42596
1761098145486,1001.4313
1761098145507,1001.4435
1761098145526,1001.40204
1761098145546,1001.4072
1761098145566,1001.3677
1761098145586,1001.4133
1761098145606,1001.41187
1761098145626,1001.41547
1761098145646,1001.447
1761098145667,1001.4672
1761098145687,1001.4524
1761098145706,1001.46893
1761098145726,1001.4925
1761098145746,1001.52625
1761098145766,1001.54095
1761098145786,1001.5508
1761098145806,1001.5588
1761098145826,1001.5486
1761098145847,1001.5677
1761098145866,1001.5725
1761098145886,1001.5544
1761098145906,1001.59546
1761098145926,1001.60614
1761098145947,1001.60626
1761098145966,1001.6183
1761098145986,1001.6416
1761098146007,1001.6097
1761098146026,1001.60706
1761098146046,1001.5644
1761098146066,1001.5864
1761098146086,1001.61707
1761098146106,1001.6094
1761098146126,1001.59204
1761098146147,1001.6202
1761098146167,1001.60925
1761098146186,1001.59924
1761098146206,1001.5769
1761098146226,1001.59924
1761098146246,1001.59064
1761098146268,1001.60223
1761098146287,1001.60016
1761098146306,1001.64703
1761098146326,1001.67346
1761098146347,1001.6775
1761098146366,1001.6936
1761098146386,1001.6878
1761098146406,1001.6822
1761098146426,1001.6669
1761098146446,1001.6363
1761098146466,1001.6388
1761098146487,1001.61816
1761098146507,1001.60535
1761098146526,1001.633
1761098146546,1001.6374
1761098146566,1001.6403
1761098146586,1001.67035
1761098146606,1001.6533
1761098146626,1001.6316
1761098146646,1001.6305
1761098146667,1001.6314
1761098146686,1001.6389
1761098146706,1001.6533
1761098146726,1001.66205
1761098146747,1001.65405
1761098146766,1001.5805
1761098146786,1001.48267
1761098146806,1001.3805
1761098146826,1001.315
1761098146847,1001.2761
1761098146866,1001.2711
1761098146886,1001.27
1761098146906,1001.3064
1761098146926,1001.2997
1761098146947,1001.3136
1761098146966,1001.35516
1761098146987,1001.375
1761098147007,1001.3652
1761098147026,1001.333
1761098147046,1001.34863
1761098147066,1001.34753
1761098147086,1001.35223
1761098147106,1001.34924
1761098147126,1001.3611
1761098147147,1001.3741
1761098147167,1001.3677
1761098147187,1001.3947
1761098147206,1001.4436
1761098147227,1001.4669
1761098147246,1001.48785
1761098147266,1001.47876
1761098147287,1001.48206
1761098147306,1001.48114
1761098147327,1001.49097
1761098147346,1001.498
1761098147366,1001.5042
1761098147386,1001.54785
1761098147406,1001.53345
1761098147426,1001.5855
1761098147446,1001.6261
1761098147466,1001.71643
1761098147486,1001.7717
1761098147506,1001.8142
1761098147526,1001.8088
1761098147546,1001.8211
1761098147566,1001.8317
1761098147586,1001.8203
1761098147606,1001.84094
1761098147627,1001.833
1761098147647,1001.83563
1761098147667,1001.8361
1761098147687,1001.8244
1761098147706,1001.84564
1761098147726,1001.8317
1761098147746,1001.8284
1761098147766,1001.79254
1761098147787,1001.76984
1761098147806,1001.761
1761098147826,1001.7614
1761098147846,1001.7147
1761098147866,1001.6949
1761098147886,1001.6747
1761098147906,1001.6406
1761098147926,1001.68036
1761098147946,1001.6933
1761098147966,1001.6439
1761098147986,1001.68036
1761098148006,1001.67004
1761098148026,1001.60504
1761098148046,1001.58
1761098148066,1001.59564
1761098148085,1001.628
1761098148106,1001.6416
1761098148126,1001.6328
1761098148146,1001.6325
1761098148167,1001.5958
1761098148186,1001.5788
1761098148206,1001.53156
1761098148226,1001.51843
1761098148246,1001.5247
1761098148266,1001.5136
1761098148286,1001.54376
1761098148306,1001.5605
1761098148326,1001.5758
1761098148346,1001.58
1761098148366,1001.59705
1761098148386,1001.59705
1761098148406,1001.6319
1761098148426,1001.6497
1761098148446,1001.6483
1761098148466,1001.65485
1761098148486,1001.6836
1761098148505,1001.6475
1761098148526,1001.65906
1761098148546,1001.65173
1761098148566,1001.66626
1761098148586,1001.65656
1761098148606,1001.6861
1761098148627,1001.6637
1761098148647,1001.6683
1761098148667,1001.6257
1761098148686,1001.6378
1761098148706,1001.66406
1761098148726,1001.73035
1761098148746,1001.79266
1761098148766,1001.86005
1761098148787,1001.8836
1761098148807,1001.8447
1761098148827,1001.8013
1761098148845,1001.7636
1761098148866,1001.66815
1761098148886,1001.6285
1761098148906,1001.60876
1761098148926,1001.59766
1761098148946,1001.54297
1761098148967,1001.53754
1761098148988,1001.5534
1761098149006,1001.5419
1761098149026,1001.54376
1761098149046,1001.5674
1761098149067,1001.6097
1761098149086,1001.621
1761098149106,1001.6222
1761098149127,1001.6147
1761098149147,1001.5908
1761098149167,1001.5005
1761098149186,1001.4502
1761098149206,1001.4408
1761098149226,1001.5
1761098149246,1001.47955
1761098149266,1001.443
1761098149287,1001.4247
1761098149308,1001.4069
1761098149326,1001.358
1761098149346,1001.255
1761098149366,1001.22546
1761098149386,1001.2397
1761098149406,1001.29095
1761098149426,1001.30286
1761098149446,1001.35297
1761098149466,1001.3642
1761098149487,1001.3814
1761098149506,1001.35895
1761098149525,1001.387
1761098149546,1001.387
1761098149565,1001.3961
1761098149586,1001.42596
1761098149606,1001.41846
1761098149627,1001.4297
1761098149646,1001.4416
1761098149666,1001.42285
1761098149686,1001.39984
1761098149706,1001.41534
1761098149726,1001.4133
1761098149746,1001.4819
1761098149766,1001.52374
1761098149787,1001.5502
1761098149808,1001.6208
1761098149826,1001.6291
1761098149846,1001.6466
1761098149866,1001.65704
1761098149886,1001.65924
1761098149906,1001.6425
1761098149926,1001.60516
1761098149946,1001.572
1761098149967,1001.5094
1761098149987,1001.47705
1761098150006,1001.46375
1761098150026,1001.4352
1761098150046,1001.40424
1761098150066,1001.4382
1761098150086,1001.41473
1761098150106,1001.41394
1761098150127,1001.4514
1761098150147,1001.48596
1761098150167,1001.5216
1761098150186,1001.5241
1761098150206,1001.5727
1761098150226,1001.5817
1761098150246,1001.6291
1761098150266,1001.6344
1761098150286,1001.6247
1761098150307,1001.5968
1761098150326,1001.5647
1761098150346,1001.5022
1761098150366,1001.4961
1761098150386,1001.5002
1761098150406,1001.488
1761098150426,1001.47565
1761098150446,1001.48114
1761098150467,1001.53937
1761098150487,1001.5745
1761098150506,1001.5936
1761098150526,1001.5652
1761098150546,1001.5635
1761098150566,1001.6227
1761098150586,1001.5911
1761098150606,1001.6247
1761098150626,1001.6283
1761098150647,1001.60846
1761098150666,1001.60815
1761098150686,1001.60815
1761098150706,1001.65015
1761098150726,1001.6503
1761098150746,1001.66266
1761098150766,1001.65955
1761098150786,1001.68
1761098150807,1001.6981
1761098150826,1001.7061
1761098150846,1001.678
1761098150866,1001.6427
1761098150886,1001.66223
1761098150906,1001.64
1761098150926,1001.6669
1761098150946,1001.6869
1761098150966,1001.67346
1761098150986,1001.6747
1761098151006,1001.66534
1761098151026,1001.68427
1761098151046,1001.6561
1761098151066,1001.6263
1761098151086,1001.6194
1761098151106,1001.60236
1761098151126,1001.60065
1761098151147,1001.628
1761098151166,1001.6461
1761098151186,1001.65485
1761098151206,1001.6752
1761098151226,1001.64874
1761098151246,1001.65674
1761098151266,1001.6533
1761098151287,1001.6489
1761098151307,1001.631
1761098151325,1001.60376
1761098151345,1001.6455
1761098151366,1001.6491
1761098151386,1001.66284
1761098151406,1001.64484
1761098151426,1001.6314
1761098151447,1001.6442
1761098151467,1001.6225
1761098151486,1001.6257
1761098151506,1001.6213
1761098151526,1001.6219
1761098151546,1001.62317
1761098151566,1001.62067
1761098151586,1001.58453
1761098151606,1001.5844
1761098151627,1001.59015
1761098151646,1001.6347
1761098151666,1001.66956
1761098151686,1001.6763
1761098151707,1001.6766
1761098151726,1001.6436
1761098151746,1001.6411
1761098151766,1001.6267
1761098151787,1001.65375
1761098151807,1001.65814
1761098151825,1001.6439
1761098151846,1001.6211
1761098151866,1001.6241
1761098151886,1001.6353
1761098151906,1001.6302
1761098151926,1001.613
1761098151946,1001.61847
1761098151967,1001.64343
1761098151986,1001.64343
1761098152006,1001.643
1761098152026,1001.6189
1761098152046,1001.6406
1761098152066,1001.65375
1761098152088,1001.67017
1761098152106,1001.6683
1761098152126,1001.6392
1761098152146,1001.6127
1761098152166,1001.6247
1761098152186,1001.6188
1761098152206,1001.59784
1761098152226,1001.58984
1761098152246,1001.59125
1761098152267,1001.5839
1761098152287,1001.59644
1761098152307,1001.6414
1761098152327,1001.67114
1761098152346,1001.73035
1761098152365,1001.7438
1761098152386,1001.71765
1761098152406,1001.6956
1761098152426,1001.6478
1761098152447,1001.61664
1761098152467,1001.6325
1761098152486,1001.61206
1761098152506,1001.60376
1761098152526,1001.5594
1761098152546,1001.59735
1761098152566,1001.62177
1761098152586,1001.6383
1761098152607,1001.6322
1761098152627,1001.6213
1761098152646,1001.6428
1761098152666,1001.65265
1761098152687,1001.67896
1761098152706,1001.6877
1761098152726,1001.7044
1761098152746,1001.6978
1761098152767,1001.6833
1761098152787,1001.65753
1761098152807,1001.60486
1761098152826,1001.56177
1761098152846,1001.53516
1761098152866,1001.47266
1761098152886,1001.4841
1761098152906,1001.488
1761098152926,1001.5033
1761098152946,1001.4925
1761098152967,1001.53174
1761098152986,1001.53485
1761098153006,1001.5924
1761098153026,1001.60236
1761098153046,1001.65234
1761098153066,1001.64813
1761098153086,1001.65955
1761098153107,1001.65656
1761098153128,1001.6258
1761098153146,1001.60126
1761098153166,1001.60126
1761098153186,1001.5839
1761098153206,1001.5642
1761098153226,1001.5736
1761098153247,1001.5569
1761098153267,1001.5222
1761098153287,1001.4589
1761098153307,1001.4244
1761098153327,1001.3938
1761098153346,1001.3739
1761098153366,1001.41895
1761098153386,1001.41284
1761098153406,1001.4361
1761098153426,1001.4261
1761098153447,1001.4441
1761098153466,1001.4283
1761098153486,1001.4463
1761098153506,1001.4421
1761098153526,1001.4421
1761098153546,1001.455
1761098153566,1001.47705
1761098153586,1001.5144
1761098153606,1001.53516
1761098153627,1001.5577
1761098153646,1001.5681
1761098153666,1001.59796
1761098153686,1001.5875
1761098153706,1001.58234
1761098153726,1001.5032
1761098153746,1001.4675
1761098153767,1001.463
1761098153787,1001.5064
1761098153806,1001.5458
1761098153828,1001.59015
1761098153845,1001.59283
1761098153866,1001.5841
1761098153886,1001.58954
1761098153906,1001.6328
1761098153926,1001.60394
1761098153947,1001.5866
1761098153966,1001.60205
1761098153986,1001.5961
1761098154006,1001.6008
1761098154026,1001.66565
1761098154046,1001.6572
1761098154066,1001.60345
1761098154086,1001.54266
1761098154106,1001.54846
1761098154127,1001.5319
1761098154146,1001.5255
1761098154166,1001.5239
1761098154186,1001.5216
1761098154206,1001.5599
1761098154226,1001.5632
1761098154246,1001.5586
1761098154267,1001.59314
1761098154287,1001.58954
1761098154306,1001.5919
1761098154326,1001.5825
1761098154345,1001.5827
1761098154366,1001.5696
1761098154386,1001.5752
1761098154406,1001.5784
1761098154426,1001.58875
1761098154446,1001.60754
1761098154466,1001.6253
1761098154486,1001.65656
1761098154506,1001.6094
1761098154526,1001.5533
1761098154546,1001.54504
1761098154566,1001.5486
1761098154586,1001.5644
1761098154606,1001.53906
1761098154626,1001.54877
1761098154646,1001.52673
1761098154666,1001.53656
1761098154686,1001.55206
1761098154706,1001.55176
1761098154726,1001.5866
1761098154747,1001.6441
1761098154767,1001.6475
1761098154787,1001.6303
1761098154806,1001.61285
1761098154826,1001.5719
1761098154846,1001.5619
1761098154866,1001.54095
1761098154886,1001.54095
1761098154906,1001.54596
1761098154926,1001.54376
1761098154946,1001.5186
1761098154966,1001.53656
1761098154986,1001.55597
1761098155006,1001.54376
1761098155026,1001.5508
1761098155046,1001.54504
1761098155066,1001.5661
1761098155086,1001.53656
1761098155107,1001.5169
1761098155126,1001.5128
1761098155146,1001.48206
1761098155166,1001.5219
1761098155186,1001.5616
1761098155206,1001.53284
1761098155227,1001.53284
1761098155247,1001.5089
1761098155267,1001.4913
1761098155286,1001.5124
1761098155306,1001.48535
1761098155326,1001.4913
1761098155345,1001.48364
1761098155366,1001.5067
1761098155386,1001.47754
1761098155406,1001.4569
1761098155426,1001.4547
1761098155447,1001.4514
1761098155466,1001.45
1761098155486,1001.42456
1761098155506,1001.4352
1761098155526,1001.4517
1761098155546,1001.4413
1761098155567,1001.42786
1761098155586,1001.4313
1761098155607,1001.4364
1761098155626,1001.4294
1761098155646,1001.3997
1761098155666,1001.40735
1761098155686,1001.3841
1761098155706,1001.3805
1761098155726,1001.3867
1761098155747,1001.36176
1761098155767,1001.3611
1761098155786,1001.40875
1761098155806,1001.3908
1761098155826,1001.3831
1761098155846,1001.3842
1761098155866,1001.3483
1761098155886,1001.3797
1761098155906,1001.39044
1761098155926,1001.41345
1761098155947,1001.4302
1761098155966,1001.4247
1761098155986,1001.405
1761098156006,1001.39
1761098156026,1001.3925
1761098156047,1001.3805
1761098156066,1001.3583
1761098156087,1001.33453
1761098156107,1001.3235
1761098156126,1001.27985
1761098156146,1001.29486
1761098156167,1001.3153
1761098156186,1001.35394
1761098156206,1001.35645
1761098156226,1001.34735
1761098156247,1001.34796
1761098156268,1001.3304
1761098156286,1001.36707
1761098156306,1001.34033
1761098156326,1001.3288
1761098156346,1001.3352
1761098156366,1001.35114
1761098156386,1001.316
1761098156406,1001.3241
1761098156427,1001.323
1761098156446,1001.3247
1761098156466,1001.3355
1761098156486,1001.3569
1761098156506,1001.35364
1761098156526,1001.3533
1761098156546,1001.35516
1761098156566,1001.3508
1761098156587,1001.33344
1761098156607,1001.3227
1761098156626,1001.29877
1761098156646,1001.29767
1761098156666,1001.3132
1761098156687,1001.3075
1761098156706,1001.3397
1761098156727,1001.3863
1761098156747,1001.3785
1761098156767,1001.3942
1761098156786,1001.3967
1761098156807,1001.3775
1761098156826,1001.3789
1761098156847,1001.35345
1761098156866,1001.34143
1761098156886,1001.34204
1761098156906,1001.318
1761098156927,1001.3088
1761098156946,1001.3047
1761098156966,1001.29614
1761098156986,1001.3157
1761098157006,1001.2819
1761098157026,1001.2586
1761098157046,1001.2597
1761098157067,1001.2538
1761098157086,1001.261
1761098157106,1001.2517
1761098157126,1001.2603
1761098157146,1001.2675
1761098157166,1001.2574
1761098157186,1001.2642
1761098157206,1001.2808
1761098157227,1001.29376
1761098157247,1001.315
1761098157267,1001.3125
1761098157286,1001.3119
1761098157306,1001.3147
1761098157326,1001.2944
1761098157345,1001.3216
1761098157366,1001.3174
1761098157386,1001.2822
1761098157406,1001.29877
1761098157428,1001.23816
1761098157446,1001.24286
1761098157466,1001.2416
1761098157486,1001.24066
1761098157506,1001.2494
1761098157526,1001.256
1761098157546,1001.2567
1761098157567,1001.2794
1761098157587,1001.28815
1761098157606,1001.29376
1761098157626,1001.2719
1761098157646,1001.2649
1761098157666,1001.2595
1761098157686,1001.2805
1761098157706,1001.2772
1761098157727,1001.27
1761098157747,1001.2686
1761098157767,1001.2532
1761098157787,1001.2663
1761098157806,1001.26984
1761098157826,1001.27594
1761098157846,1001.2997
1761098157866,1001.2567
1761098157886,1001.2628
1761098157906,1001.2669
1761098157926,1001.27423
1761098157946,1001.28314
1761098157966,1001.2641
1761098157986,1001.27844
1761098158006,1001.27814
1761098158026,1001.23486
1761098158046,1001.2589
1761098158066,1001.22894
1761098158087,1001.2438
1761098158107,1001.243
1761098158125,1001.28705
1761098158146,1001.2997
1761098158166,1001.30237
1761098158186,1001.27423
1761098158207,1001.24207
1761098158226,1001.24036
1761098158247,1001.21704
1761098158267,1001.22675
1761098158286,1001.2169
1761098158306,1001.22546
1761098158326,1001.22144
1761098158347,1001.22174
1761098158366,1001.22406
1761098158386,1001.2094
1761098158406,1001.21924
1761098158427,1001.2508
1761098158446,1001.22766
1761098158466,1001.24036
1761098158487,1001.2469
1761098158506,1001.2664
1761098158526,1001.2944
1761098158546,1001.26984
1761098158566,1001.2836
1761098158587,1001.2511
1761098158606,1001.23425
1761098158626,1001.23645
1761098158646,1001.21844
1761098158666,1001.1824
1761098158686,1001.21594
1761098158706,1001.2169
1761098158727,1001.1836
1761098158747,1001.15405
1761098158768,1001.1311
1761098158786,1001.17456
1761098158806,1001.2128
1761098158826,1001.29144
1761098158847,1001.33
1761098158866,1001.3641
1761098158886,1001.3831
1761098158907,1001.36676
1761098158927,1001.3311
1761098158946,1001.2556
1761098158966,1001.1866
1761098158986,1001.1119
1761098159006,1001.0756
1761098159026,1001.03296
1761098159046,1001.0664
1761098159067,1001.0702
1761098159087,1001.0603
1761098159107,1001.115
1761098159126,1001.1633
1761098159146,1001.22314
1761098159166,1001.23926
1761098159186,1001.2567
1761098159206,1001.23456
1761098159227,1001.16406
1761098159247,1001.1347
1761098159266,1001.1338
1761098159286,1001.1269
1761098159306,1001.1597
1761098159326,1001.16125
1761098159346,1001.1752
1761098159366,1001.17316
1761098159386,1001.23566
1761098159406,1001.2535
1761098159426,1001.27844
1761098159446,1001.28845
1761098159466,1001.2039
1761098159486,1001.1547
1761098159506,1001.09644
1761098159527,1001.05756
1761098159546,1001.03784
1761098159567,1001.0033
1761098159587,1000.9392
1761098159606,1000.92236
1761098159626,1000.89453
1761098159646,1000.9341
1761098159666,1000.92395
1761098159686,1000.9344
1761098159706,1000.98737
1761098159727,1001.0164
1761098159746,1001.10254
1761098159765,1001.14484
1761098159786,1001.1775
1761098159806,1001.16406
1761098159826,1001.16815
1761098159846,1001.16364
1761098159867,1001.09845
1761098159886,1001.0675
1761098159906,1001.0019
1761098159926,1000.9633
1761098159946,1000.97003
1761098159966,1000.9697
1761098159986,1001.05566
1761098160006,1001.15204
1761098160026,1001.1866
1761098160046,1001.2639
1761098160066,1001.2436
1761098160086,1001.22845
1761098160106,1001.1911
1761098160126,1001.1866
1761098160146,1001.16235
1761098160166,1001.11145
1761098160187,1001.072
1761098160206,1001.03613
1761098160227,1001.09937
1761098160248,1001.1233
1761098160267,1001.15753
1761098160286,1001.1511
1761098160306,1001.11145
1761098160326,1001.0642
1761098160347,1000.99347
1761098160366,1000.9266
1761098160386,1000.8792
1761098160407,1000.84796
1761098160426,1000.838
1761098160446,1000.8185
1761098160466,1000.8002
1761098160486,1000.8077
1761098160506,1000.8181
1761098160526,1000.8721
1761098160546,1000.91003
1761098160567,1000.9513
1761098160586,1000.95844
1761098160606,1000.90454
1761098160626,1000.9168
1761098160646,1000.90375
1761098160666,1000.89813
1761098160686,1000.8724
1761098160706,1000.8694
1761098160727,1000.8364
1761098160746,1000.84875
1761098160766,1000.9335
1761098160787,1000.96924
1761098160806,1000.97546
1761098160826,1000.97064
1761098160846,1000.9553
1761098160867,1000.9383
1761098160887,1000.90643
1761098160907,1000.89484
1761098160926,1000.9072
1761098160946,1000.9382
1761098160966,1001.0061
1761098160986,1001.04376
1761098161006,1001.0891
1761098161026,1001.11707
1761098161046,1001.0738
1761098161069,1001.04565
1761098161086,1000.9964
1761098161106,1000.97424
1761098161126,1000.9316
1761098161146,1000.895
1761098161166,1000.8544
1761098161186,1000.8322
1761098161206,1000.8372
1761098161227,1000.86066
1761098161246,1000.905
1761098161266,1000.95953
1761098161286,1000.9524
1761098161306,1000.9925
1761098161326,1001.0472
1761098161346,1001.0522
1761098161366,1000.96564
1761098161387,1000.8757
1761098161407,1000.8041
1761098161426,1000.8169
1761098161446,1000.8741
1761098161466,1000.91125
1761098161486,1000.93286
1761098161506,1000.9266
1761098161526,1000.903
1761098161547,1000.8811
1761098161567,1000.8838
1761098161586,1000.875
1761098161606,1000.89624
1761098161626,1000.86957
1761098161646,1000.85895
1761098161666,1000.885
1761098161686,1000.9208
1761098161707,1000.9611
1761098161727,1000.9581
1761098161746,1000.9669
1761098161766,1000.9446
1761098161786,1000.91516
1761098161806,1000.90784
1761098161826,1000.91254
1761098161846,1000.91156
1761098161866,1000.9324
1761098161886,1000.9577
1761098161906,1000.97473
1761098161926,1000.996
1761098161946,1000.97864
1761098161966,1000.98267
1761098161986,1000.99677
1761098162006,1000.9905
1761098162026,1001.0058
1761098162047,1001.0144
1761098162067,1001.0089
1761098162086,1001.0131
1761098162106,1000.9989
1761098162127,1000.9723
1761098162146,1000.9844
1761098162166,1000.9566
1761098162186,1000.95483
1761098162207,1000.9503
1761098162227,1000.9263
1761098162246,1000.9288
1761098162267,1000.9236
1761098162286,1000.9647
1761098162306,1000.93097
1761098162327,1000.9269
1761098162346,1000.9452
1761098162366,1000.91473
1761098162387,1000.91956
1761098162406,1000.8811
1761098162426,1000.85175
1761098162446,1000.8331
1761098162466,1000.8622
1761098162488,1000.84595
1761098162506,1000.8292
1761098162526,1000.828
1761098162547,1000.8792
1761098162567,1000.8597
1761098162586,1000.91016
1761098162606,1000.9375
1761098162626,1000.9469
1761098162646,1000.98755
1761098162666,1000.995
1761098162687,1000.98755
1761098162707,1001.0134
1761098162727,1001.03625
1761098162746,1001.03033
1761098162766,1000.98065
1761098162786,1000.96375
1761098162806,1000.9506
1761098162827,1000.9625
1761098162846,1000.97314
1761098162866,1001.0153
1761098162886,1001.0153
1761098162906,1001.0166
1761098162926,1001.0222
1761098162946,1001.03406
1761098162966,1001.02625
1761098162986,1001.02203
1761098163006,1001.04926
1761098163026,1001.03064
1761098163046,1001.02844
1761098163066,1001.0102
1761098163086,1001.02454
1761098163106,1000.99457
1761098163125,1000.9497
1761098163146,1000.881
1761098163166,1000.85565
1761098163186,1000.84753
1761098163206,1000.8061
1761098163227,1000.8049
1761098163246,1000.8116
1761098163266,1000.79095
1761098163286,1000.8244
1761098163306,1000.79395
1761098163326,1000.83203
1761098163347,1000.81165
1761098163366,1000.8125
1761098163386,1000.8002
1761098163406,1000.79565
1761098163426,1000.7972
1761098163446,1000.79095
1761098163466,1000.78375
1761098163486,1000.7678
1761098163506,1000.8088
1761098163526,1000.8094
1761098163547,1000.8292
1761098163566,1000.85675
1761098163586,1000.8922
1761098163606,1000.89233
1761098163626,1000.9003
1761098163646,1000.9316
1761098163666,1000.8933
1761098163686,1000.8925
1761098163707,1000.8777
1761098163727,1000.8711
1761098163746,1000.8861
1761098163765,1000.886
1761098163786,1000.8986
1761098163806,1000.8644
1761098163826,1001.0089
1761098163846,1001.0942
1761098163866,1001.0828
1761098163886,1001.03485
1761098163906,1000.9346
1761098163926,1000.8821
