1761097748941,1000.9436
1761097748961,1000.9297
1761097748981,1000.9491
1761097749000,1000.97284
1761097749020,1001.0141
1761097749041,1001.04626
1761097749060,1001.0736
1761097749080,1001.1294
1761097749101,1001.1788
1761097749121,1001.25
1761097749141,1001.27234
1761097749160,1001.28394
1761097749180,1001.2447
1761097749201,1001.23285
1761097749221,1001.2542
1761097749240,1001.2661
1761097749261,1001.27203
1761097749281,1001.2452
1761097749301,1001.23737
1761097749321,1001.256
1761097749341,1001.2508
1761097749360,1001.2014
1761097749380,1001.1447
1761097749400,1001.0827
1761097749421,1001.05396
1761097749441,1001.03094
1761097749461,1000.9602
1761097749481,1000.8889
1761097749500,1000.86426
1761097749521,1000.8313
1761097749541,1000.813
1761097749560,1000.80096
1761097749580,1000.78723
1761097749601,1000.8097
1761097749621,1000.8183
1761097749642,1000.85046
1761097749661,1000.823
1761097749681,1000.8177
1761097749701,1000.84625
1761097749721,1000.8169
1761097749741,1000.79395
1761097749761,1000.7758
1761097749782,1000.73956
1761097749802,1000.7471
1761097749821,1000.7544
1761097749841,1000.761
1761097749862,1000.7672
1761097749881,1000.7966
1761097749901,1000.7919
1761097749921,1000.8144
1761097749942,1000.8316
1761097749962,1000.8952
1761097749981,1000.9683
1761097750001,1001.0
1761097750021,1000.97455
1761097750041,1000.9297
1761097750061,1000.91376
1761097750081,1000.8608
1761097750101,1000.84985
1761097750122,1000.8569
1761097750142,1000.85065
1761097750161,1000.8789
1761097750181,1000.8764
1761097750200,1000.85736
1761097750221,1000.8572
1761097750241,1000.858
1761097750261,1000.8969
1761097750281,1000.8753
1761097750302,1000.8969
1761097750321,1000.91766
1761097750341,1000.92004
1761097750360,1000.91785
1761097750380,1000.9625
1761097750400,1001.02765
1761097750421,1001.08624
1761097750441,1001.1278
1761097750461,1001.21
1761097750481,1001.2677
1761097750500,1001.3863
1761097750521,1001.4977
1761097750540,1001.4478
1761097750561,1001.28766
1761097750581,1001.2013
1761097750601,1001.1892
1761097750622,1001.2525
1761097750641,1001.2169
1761097750661,1001.1344
1761097750681,1001.136
1761097750701,1001.1964
1761097750721,1001.23364
1761097750745,1001.1936
1761097750764,1001.1608
1761097750781,1001.1072
1761097750800,1001.085
1761097750820,1001.04126
1761097750841,1001.04486
1761097750861,1001.03265
1761097750881,1001.0594
1761097750901,1001.08673
1761097750921,1001.0891
1761097750941,1001.075
1761097750962,1001.03876
1761097750981,1001.0649
1761097751000,1001.1478
1761097751021,1001.1935
1761097751040,1001.22723
1761097751061,1001.2369
1761097751081,1001.22925
1761097751101,1001.2514
1761097751122,1001.28735
1761097751141,1001.34973
1761097751161,1001.4433
1761097751181,1001.5061
1761097751201,1001.48706
1761097751221,1001.3799
1761097751241,1001.2705
1761097751261,1001.2688
1761097751282,1001.3252
1761097751301,1001.3133
1761097751321,1001.3027
1761097751341,1001.29236
1761097751361,1001.2447
1761097751381,1001.23236
1761097751401,1001.2659
1761097751421,1001.2775
1761097751442,1001.1419
1761097751462,1001.0697
1761097751483,1001.04736
1761097751501,1001.0608
1761097751521,1001.02313
1761097751541,1001.0828
1761097751561,1001.10626
1761097751581,1001.0938
1761097751602,1001.09515
1761097751621,1001.0791
1761097751641,1001.1374
1761097751661,1001.1355
1761097751681,1001.1477
1761097751701,1001.10504
1761097751721,1001.0753
1761097751741,1001.0905
1761097751762,1001.11816
1761097751782,1001.1547
1761097751801,1001.1669
1761097751821,1001.1813
1761097751841,1001.1211
1761097751861,1001.0611
1761097751881,1001.0627
1761097751902,1001.0438
1761097751922,1001.05927
1761097751942,1001.0583
1761097751962,1001.0519
1761097751981,1001.0024
1761097752000,1000.9386
1761097752020,1000.91113
1761097752040,1000.89734
1761097752061,1000.8783
1761097752081,1000.8205
1761097752102,1000.78406
1761097752121,1000.78815
1761097752141,1000.8295
1761097752161,1000.8284
1761097752181,1000.8583
1761097752201,1000.8686
1761097752221,1000.8961
1761097752241,1000.9252
1761097752262,1000.98267
1761097752282,1001.01
1761097752301,1001.0646
1761097752321,1001.1417
1761097752341,1001.2055
1761097752361,1001.15704
1761097752382,1001.1533
1761097752402,1001.1811
1761097752422,1001.1914
1761097752442,1001.1847
1761097752461,1001.0792
1761097752481,1001.0106
1761097752501,1000.98755
1761097752521,1000.91315
1761097752541,1000.9299
1761097752561,1000.9308
1761097752582,1000.89984
1761097752602,1000.91766
1761097752621,1000.8814
1761097752641,1000.85114
1761097752661,1000.8133
1761097752681,1000.7422
1761097752701,1000.78253
1761097752722,1000.822
1761097752748,1000.85815
1761097752766,1000.8622
1761097752780,1000.8716
1761097752800,1000.871
1761097752821,1000.85876
1761097752841,1000.89923
1761097752861,1000.9083
1761097752881,1000.9558
1761097752901,1001.0137
1761097752922,1001.08984
1761097752941,1001.1252
1761097752960,1001.08624
1761097752981,1001.0333
1761097753000,1001.0227
1761097753021,1001.03033
1761097753042,1001.03534
1761097753061,1001.0214
1761097753081,1001.0588
1761097753101,1001.04016
1761097753121,1001.0041
1761097753141,1000.97424
1761097753161,1000.9483
1761097753182,1000.91675
1761097753201,1000.85815
1761097753221,1000.8033
1761097753242,1000.7805
1761097753262,1000.7836
1761097753281,1000.80096
1761097753301,1000.85986
1761097753321,1000.9655
1761097753341,1001.0153
1761097753361,1001.0275
1761097753381,1000.97614
1761097753402,1000.9563
1761097753422,1000.97345
1761097753441,1001.0055
1761097753461,1000.9919
1761097753481,1000.96094
1761097753504,1000.9506
1761097753521,1001.03796
1761097753541,1001.15
1761097753561,1001.22986
1761097753582,1001.28485
1761097753602,1001.2605
1761097753620,1001.2056
1761097753641,1001.17017
1761097753661,1001.1431
1761097753682,1001.126
1761097753701,1001.1458
1761097753721,1001.1199
1761097753742,1001.05707
1761097753761,1000.9975
1761097753781,1000.933
1761097753801,1000.91876
1761097753821,1000.9233
1761097753841,1000.9524
1761097753861,1000.9369
1761097753882,1000.8888
1761097753903,1000.8931
1761097753921,1000.8891
1761097753941,1000.9308
1761097753961,1000.97253
1761097753981,1001.0347
1761097754001,1001.03015
1761097754020,1001.0225
1761097754041,1001.0555
1761097754062,1001.09564
1761097754082,1001.0852
1761097754101,1001.10406
1761097754121,1001.1408
1761097754141,1001.1469
1761097754161,1001.0886
1761097754181,1001.11346
1761097754201,1001.1572
1761097754222,1001.1886
1761097754242,1001.1928
1761097754261,1001.1983
1761097754281,1001.1924
1761097754302,1001.13
1761097754321,1001.11035
1761097754341,1001.1406
1761097754361,1001.1572
1761097754381,1001.1514
1761097754402,1001.10565
1761097754421,1001.03094
1761097754441,1000.9536
1761097754461,1000.93036
1761097754481,1000.93097
1761097754503,1000.9461
1761097754521,1001.0108
1761097754541,1001.0675
1761097754562,1001.10236
1761097754581,1001.1306
1761097754601,1001.1239
1761097754621,1001.1127
1761097754641,1001.11127
1761097754661,1001.1277
1761097754681,1001.1716
1761097754701,1001.1833
1761097754722,1001.1769
1761097754748,1001.16003
1761097754764,1001.11017
1761097754781,1001.0894
1761097754800,1001.10046
1761097754820,1001.08984
1761097754841,1001.1119
1761097754861,1001.17487
1761097754881,1001.2078
1761097754902,1001.1555
1761097754921,1001.10144
1761097754941,1001.04126
1761097754961,1001.04736
1761097754981,1001.0671
1761097755002,1001.10504
1761097755021,1001.0761
1761097755041,1001.0124
1761097755062,1001.0127
1761097755081,1001.0088
1761097755101,1001.012
1761097755121,1000.998
1761097755141,1000.9563
1761097755161,1000.9672
1761097755181,1000.97437
1761097755201,1000.9602
1761097755222,1000.97314
1761097755242,1000.9913
1761097755261,1001.04926
1761097755281,1001.0738
1761097755301,1001.1108
1761097755321,1001.16046
1761097755341,1001.22687
1761097755361,1001.23016
1761097755382,1001.21643
1761097755401,1001.21533
1761097755421,1001.16406
1761097755441,1001.1349
1761097755461,1001.1308
1761097755481,1001.17065
1761097755501,1001.178
1761097755521,1001.15625
1761097755541,1001.135
1761097755561,1001.1122
1761097755581,1001.07
1761097755602,1001.09125
1761097755621,1001.09814
1761097755640,1001.0858
1761097755661,1001.0419
1761097755681,1001.01984
1761097755701,1000.9939
1761097755721,1001.0105
1761097755741,1001.0055
1761097755761,1000.9952
1761097755781,1000.97406
1761097755801,1000.9952
1761097755821,1001.0483
1761097755842,1001.04114
1761097755862,1001.04535
1761097755883,1001.05786
1761097755901,1001.0811
1761097755921,1001.0905
1761097755941,1001.09906
1761097755961,1001.1116
1761097755981,1001.1278
1761097756002,1001.1863
1761097756021,1001.16345
1761097756041,1001.1319
1761097756061,1001.09705
1761097756085,1001.03687
1761097756101,1001.0124
1761097756121,1001.003
1761097756141,1001.0097
1761097756161,1001.0167
1761097756181,1000.98236
1761097756201,1000.9575
1761097756221,1000.96204
1761097756241,1000.9861
1761097756261,1000.99286
1761097756281,1000.97876
1761097756301,1000.9547
1761097756321,1000.9561
1761097756341,1000.98004
1761097756362,1001.0641
1761097756381,1001.09
1761097756401,1001.0755
1761097756421,1001.0911
1761097756441,1001.0538
1761097756462,1001.0894
1761097756481,1001.11127
1761097756501,1001.1752
1761097756521,1001.22144
1761097756543,1001.18207
1761097756561,1001.20593
1761097756581,1001.1967
1761097756601,1001.16895
1761097756621,1001.1805
1761097756641,1001.15564
1761097756661,1001.15924
1761097756681,1001.1439
1761097756702,1001.108
1761097756721,1001.15173
1761097756741,1001.1347
1761097756760,1001.0789
1761097756780,1001.0597
1761097756800,1001.04364
1761097756821,1000.9905
1761097756841,1000.98676
1761097756862,1000.97064
1761097756881,1000.945
1761097756901,1000.9236
1761097756921,1000.92126
1761097756941,1000.9647
1761097756961,1001.0197
1761097756981,1001.0228
1761097757001,1000.97986
1761097757022,1000.9719
1761097757041,1001.0069
1761097757061,1001.0111
1761097757081,1000.99457
1761097757101,1000.9933
1761097757121,1000.96204
1761097757141,1000.9611
1761097757162,1000.9989
1761097757182,1001.04175
1761097757202,1001.03235
1761097757221,1001.0678
1761097757241,1001.02454
1761097757261,1001.03876
1761097757281,1001.0738
1761097757301,1001.08844
1761097757321,1001.1372
1761097757341,1001.16315
1761097757362,1001.17316
1761097757381,1001.213
1761097757401,1001.1883
1761097757421,1001.2139
1761097757441,1001.23285
1761097757462,1001.24457
1761097757482,1001.2613
1761097757502,1001.22974
1761097757522,1001.30096
1761097757541,1001.4495
1761097757560,1001.5555
1761097757581,1001.5239
1761097757601,1001.41223
1761097757621,1001.30536
1761097757641,1001.16376
1761097757661,1000.8786
1761097757681,1000.6375
1761097757701,1000.7544
1761097757721,1000.93036
1761097757741,1000.91516
1761097757761,1000.65594
1761097757782,1000.54047
1761097757801,1000.548
1761097757821,1000.5741
1761097757842,1000.54956
1761097757861,1000.5694
1761097757881,1000.5758
1761097757901,1000.59784
1761097757921,1000.61316
1761097757941,1000.6199
1761097757961,1000.6242
1761097757982,1000.64703
1761097758002,1000.6747
1761097758022,1000.6708
1761097758041,1000.66876
1761097758061,1000.6897
1761097758081,1000.6961
1761097758101,1000.7103
1761097758121,1000.72253
1761097758142,1000.7377
1761097758161,1000.75
1761097758182,1000.74817
1761097758201,1000.77313
1761097758221,1000.77924
1761097758241,1000.78784
1761097758261,1000.79425
1761097758281,1000.7919
1761097758301,1000.8261
1761097758322,1000.8281
1761097758342,1000.84125
1761097758362,1000.84
1761097758381,1000.84094
1761097758401,1000.8661
1761097758421,1000.8245
1761097758441,1000.8627
1761097758461,1000.84875
1761097758482,1000.86676
1761097758503,1000.8895
1761097758521,1000.8908
1761097758540,1000.886
1761097758561,1000.90704
1761097758581,1000.892
1761097758601,1000.91046
1761097758621,1000.92847
1761097758642,1000.9297
1761097758662,1000.9266
1761097758682,1000.941
1761097758701,1000.92926
1761097758721,1000.92426
1761097758741,1000.95
1761097758761,1000.9569
1761097758781,1000.96783
1761097758801,1000.97125
1761097758822,1000.98425
1761097758842,1000.9971
1761097758861,1000.9941
1761097758881,1000.995
1761097758901,1000.97797
1761097758921,1001.001
1761097758941,1000.995
1761097758961,1000.9833
1761097758982,1001.0186
1761097759002,1001.03687
1761097759021,1001.0297
1761097759041,1001.0136
1761097759061,1001.028
1761097759081,1001.03516
1761097759101,1001.02515
1761097759121,1001.04175
1761097759141,1001.06
1761097759161,1001.03784
1761097759181,1001.0336
1761097759201,1001.03156
1761097759221,1001.04114
1761097759241,1001.0552
1761097759261,1001.0227
1761097759282,1001.0599
1761097759302,1001.0552
1761097759322,1001.0561
1761097759341,1001.04614
1761097759361,1001.0633
1761097759381,1001.0813
1761097759401,1001.04926
1761097759421,1001.0836
1761097759441,1001.08875
1761097759461,1001.07983
1761097759482,1001.0761
1761097759502,1001.08
1761097759521,1001.0706
1761097759540,1001.048
1761097759561,1001.0577
1761097759581,1001.0675
1761097759602,1001.0813
1761097759622,1001.0627
1761097759644,1001.0745
1761097759663,1001.0702
1761097759681,1001.0691
1761097759701,1001.0789
1761097759721,1001.075
1761097759741,1001.0653
1761097759762,1001.09235
1761097759781,1001.1033
1761097759802,1001.10364
1761097759822,1001.1161
1761097759841,1001.1072
1761097759861,1001.11646
1761097759881,1001.1186
1761097759901,1001.10486
1761097759921,1001.1122
1761097759941,1001.1174
1761097759962,1001.1199
1761097759982,1001.10956
1761097760001,1001.10315
1761097760022,1001.1258
1761097760041,1001.1221
1761097760061,1001.1388
1761097760081,1001.1325
1761097760101,1001.1469
1761097760122,1001.1516
1761097760142,1001.1345
1761097760161,1001.1399
1761097760182,1001.1458
1761097760201,1001.1594
1761097760221,1001.16144
1761097760241,1001.15656
1761097760261,1001.16046
1761097760281,1001.1547
1761097760301,1001.1525
1761097760321,1001.16376
1761097760341,1001.1569
1761097760361,1001.16205
1761097760381,1001.193
1761097760401,1001.17035
1761097760421,1001.1944
1761097760441,1001.17426
1761097760461,1001.17645
1761097760484,1001.1516
1761097760501,1001.17175
1761097760522,1001.18286
1761097760540,1001.18427
1761097760561,1001.16016
1761097760581,1001.1805
1761097760601,1001.1861
1761097760621,1001.16986
1761097760641,1001.16895
1761097760661,1001.1871
1761097760681,1001.16626
1761097760701,1001.16174
1761097760721,1001.1775
1761097760741,1001.1835
1761097760761,1001.1833
1761097760781,1001.1889
1761097760801,1001.2042
1761097760821,1001.18567
1761097760841,1001.1927
1761097760861,1001.1931
1761097760881,1001.2003
1761097760901,1001.2064
1761097760921,1001.21765
1761097760941,1001.2034
1761097760961,1001.2019
1761097760981,1001.2119
1761097761001,1001.22345
1761097761021,1001.22284
1761097761041,1001.21875
1761097761061,1001.2061
1761097761081,1001.20483
1761097761101,1001.21735
1761097761122,1001.2471
1761097761141,1001.23395
1761097761161,1001.2034
1761097761181,1001.22656
1761097761201,1001.2141
1761097761221,1001.23157
1761097761241,1001.22424
1761097761261,1001.21625
1761097761281,1001.23376
1761097761302,1001.22485
1761097761321,1001.2045
1761097761341,1001.2377
1761097761361,1001.22504
1761097761381,1001.21814
1761097761401,1001.20483
1761097761422,1001.21765
1761097761442,1001.2044
1761097761462,1001.22955
1761097761482,1001.2283
1761097761501,1001.22546
1761097761522,1001.24097
1761097761541,1001.2175
1761097761561,1001.2175
1761097761582,1001.2158
1761097761602,1001.22375
1761097761621,1001.21985
1761097761641,1001.2369
1761097761661,1001.2322
1761097761681,1001.2347
1761097761701,1001.23157
1761097761721,1001.22504
1761097761741,1001.22174
1761097761761,1001.2055
1761097761781,1001.22095
1761097761801,1001.21
1761097761821,1001.205
1761097761841,1001.23047
1761097761861,1001.21954
1761097761881,1001.23016
1761097761901,1001.23004
1761097761922,1001.24036
1761097761942,1001.21954
1761097761962,1001.256
1761097761981,1001.2505
1761097762001,1001.2507
1761097762021,1001.2466
1761097762041,1001.2475
1761097762061,1001.24
1761097762081,1001.2488
1761097762101,1001.2717
1761097762122,1001.2538
1761097762141,1001.2599
1761097762161,1001.24817
1761097762181,1001.2628
1761097762201,1001.28204
1761097762221,1001.2578
1761097762242,1001.2658
1761097762261,1001.23926
1761097762281,1001.23627
1761097762301,1001.23096
1761097762321,1001.2644
1761097762341,1001.2485
1761097762361,1001.2627
1761097762381,1001.2616
1761097762402,1001.2649
1761097762421,1001.2658
1761097762442,1001.2505
1761097762461,1001.2496
1761097762481,1001.2599
1761097762501,1001.2641
1761097762521,1001.2711
1761097762541,1001.2966
1761097762561,1001.2532
1761097762581,1001.2532
1761097762602,1001.2603
1761097762621,1001.2595
1761097762641,1001.2645
1761097762661,1001.28345
1761097762681,1001.2616
1761097762701,1001.2772
1761097762721,1001.27844
1761097762741,1001.2511
1761097762762,1001.28015
1761097762782,1001.28345
1761097762801,1001.27844
1761097762821,1001.2649
1761097762841,1001.2602
1761097762861,1001.2758
1761097762881,1001.28534
1761097762902,1001.2675
1761097762922,1001.24347
1761097762942,1001.2394
1761097762961,1001.2622
1761097762981,1001.2717
1761097763001,1001.2772
1761097763021,1001.27515
1761097763041,1001.2758
1761097763061,1001.2485
1761097763081,1001.2614
1761097763102,1001.2488
1761097763121,1001.2686
1761097763141,1001.2794
1761097763161,1001.27313
1761097763181,1001.28253
1761097763201,1001.2769
1761097763221,1001.29175
1761097763241,1001.2755
1761097763262,1001.2691
1761097763281,1001.27985
1761097763302,1001.27765
1761097763321,1001.2519
1761097763341,1001.2494
1761097763361,1001.2811
1761097763381,1001.2541
1761097763405,1001.2667
1761097763422,1001.2577
1761097763441,1001.24347
1761097763461,1001.2505
1761097763482,1001.24457
1761097763501,1001.2614
1761097763521,1001.2608
1761097763542,1001.2499
1761097763561,1001.24347
1761097763581,1001.23425
1761097763602,1001.22955
1761097763621,1001.2553
1761097763641,1001.2511
1761097763661,1001.2544
1761097763681,1001.2489
1761097763701,1001.2413
1761097763721,1001.2361
1761097763742,1001.2477
1761097763762,1001.2608
1761097763781,1001.2502
1761097763801,1001.2544
1761097763821,1001.2634
1761097763842,1001.2641
1761097763861,1001.2589
1761097763881,1001.2625
1761097763902,1001.2645
1761097763922,1001.267
1761097763941,1001.2544
1761097763961,1001.27625
1761097763981,1001.28796
1761097764001,1001.2783
1761097764021,1001.268
1761097764041,1001.28595
1761097764061,1001.2755
1761097764082,1001.2628
1761097764101,1001.2603
1761097764121,1001.2775
1761097764141,1001.2775
1761097764161,1001.26843
1761097764181,1001.27625
1761097764201,1001.2574
1761097764221,1001.2705
1761097764242,1001.2769
1761097764262,1001.2661
1761097764281,1001.28845
1761097764302,1001.28546
1761097764321,1001.2711
1761097764341,1001.2775
1761097764361,1001.28204
1761097764381,1001.29846
1761097764401,1001.2628
1761097764422,1001.28314
1761097764441,1001.2691
1761097764461,1001.28143
1761097764481,1001.2719
1761097764501,1001.28375
1761097764521,1001.2502
1761097764542,1001.2561
1761097764561,1001.30457
1761097764581,1001.27734
1761097764601,1001.2614
1761097764621,1001.258
1761097764641,1001.27875
1761097764661,1001.2691
1761097764681,1001.2517
1761097764701,1001.28564
1761097764721,1001.28564
1761097764742,1001.28687
1761097764761,1001.267
1761097764781,1001.2794
1761097764801,1001.2692
1761097764821,1001.28656
1761097764841,1001.2844
1761097764862,1001.29224
1761097764881,1001.28125
1761097764902,1001.28937
1761097764921,1001.27985
1761097764941,1001.29047
1761097764961,1001.3089
1761097764981,1001.298
1761097765001,1001.29614
1761097765021,1001.29285
1761097765042,1001.28064
1761097765061,1001.2589
1761097765081,1001.2472
1761097765101,1001.2908
1761097765121,1001.3169
1761097765141,1001.2755
1761097765161,1001.29517
1761097765181,1001.3102
1761097765201,1001.3241
1761097765221,1001.3055
1761097765242,1001.29486
1761097765261,1001.29376
1761097765281,1001.3141
1761097765301,1001.29456
1761097765321,1001.31177
1761097765341,1001.3138
1761097765361,1001.31177
1761097765381,1001.3202
1761097765401,1001.3111
1761097765421,1001.30035
1761097765441,1001.30597
1761097765460,1001.30066
1761097765481,1001.318
1761097765501,1001.3125
1761097765522,1001.3261
1761097765541,1001.3058
1761097765562,1001.3181
1761097765581,1001.3219
1761097765601,1001.3216
1761097765621,1001.30597
1761097765641,1001.3386
1761097765661,1001.321
1761097765681,1001.34125
1761097765702,1001.3238
1761097765721,1001.3097
1761097765741,1001.3102
1761097765761,1001.3066
1761097765781,1001.34656
1761097765801,1001.3174
1761097765821,1001.3341
1761097765841,1001.33765
1761097765861,1001.3347
1761097765882,1001.3178
1761097765902,1001.34155
1761097765921,1001.3277
1761097765941,1001.35254
1761097765961,1001.34955
1761097765981,1001.33453
1761097766001,1001.3205
1761097766022,1001.34784
1761097766041,1001.3319
1761097766062,1001.3216
1761097766081,1001.3286
1761097766101,1001.343
1761097766121,1001.3483
1761097766141,1001.35016
1761097766161,1001.34033
1761097766182,1001.35864
1761097766201,1001.3355
1761097766222,1001.34766
1761097766242,1001.3472
1761097766261,1001.3394
1761097766281,1001.35675
1761097766301,1001.3469
1761097766321,1001.3558
1761097766341,1001.3408
1761097766361,1001.3597
1761097766382,1001.3619
1761097766401,1001.34955
1761097766421,1001.35046
1761097766441,1001.3894
1761097766461,1001.378
1761097766481,1001.35565
1761097766501,1001.3775
1761097766521,1001.36816
1761097766542,1001.3799
1761097766561,1001.35736
1761097766581,1001.37427
1761097766601,1001.35254
1761097766621,1001.375
1761097766641,1001.36816
1761097766662,1001.3845
1761097766681,1001.373
1761097766702,1001.3856
1761097766722,1001.3913
1761097766741,1001.4094
1761097766761,1001.3902
1761097766781,1001.3727
1761097766802,1001.4055
1761097766821,1001.3978
1761097766841,1001.3852
1761097766862,1001.3899
1761097766882,1001.3827
1761097766902,1001.3909
1761097766921,1001.4055
1761097766941,1001.3769
1761097766961,1001.4044
1761097766981,1001.3892
1761097767001,1001.3967
1761097767022,1001.41016
1761097767042,1001.40985
1761097767061,1001.3874
1761097767081,1001.3978
1761097767101,1001.3888
1761097767121,1001.4016
1761097767141,1001.403
1761097767164,1001.40375
1761097767181,1001.3919
1761097767201,1001.3955
1761097767221,1001.40265
1761097767240,1001.3725
1761097767261,1001.3941
1761097767280,1001.3966
1761097767300,1001.40393
1761097767320,1001.4308
1761097767341,1001.3961
1761097767361,1001.3994
1761097767381,1001.41626
1761097767400,1001.40454
1761097767420,1001.39484
1761097767440,1001.40314
1761097767460,1001.41266
1761097767480,1001.4
1761097767501,1001.41113
1761097767521,1001.3964
1761097767541,1001.42255
1761097767560,1001.41345
1761097767581,1001.3997
1761097767600,1001.3899
1761097767621,1001.39874
1761097767640,1001.3782
1761097767661,1001.4263
1761097767681,1001.41534
1761097767701,1001.4505
1761097767720,1001.4208
1761097767740,1001.43317
1761097767761,1001.4247
1761097767780,1001.4495
1761097767802,1001.4481
1761097767821,1001.4478
1761097767841,1001.4414
1761097767861,1001.45483
1761097767880,1001.42896
1761097767901,1001.458
1761097767920,1001.435
1761097767940,1001.41547
1761097767960,1001.4589
1761097767981,1001.4408
1761097768001,1001.4194
1761097768021,1001.4308
1761097768041,1001.4316
1761097768061,1001.4244
1761097768080,1001.4441
1761097768100,1001.42535
1761097768120,1001.41534
1761097768141,1001.42126
1761097768161,1001.4322
1761097768182,1001.4397
1761097768201,1001.42676
1761097768221,1001.438
1761097768241,1001.4517
1761097768261,1001.4567
1761097768281,1001.4216
1761097768301,1001.4492
1761097768321,1001.43207
1761097768341,1001.4346
1761097768361,1001.445
1761097768380,1001.445
1761097768400,1001.4358
1761097768421,1001.43317
1761097768440,1001.4469
1761097768461,1001.42737
1761097768481,1001.4447
1761097768501,1001.4422
1761097768521,1001.45734
1761097768541,1001.4508
1761097768561,1001.4514
1761097768580,1001.4407
1761097768600,1001.43427
1761097768621,1001.4294
1761097768641,1001.4474
1761097768661,1001.4541
1761097768681,1001.4286
1761097768701,1001.4564
1761097768721,1001.41034
1761097768741,1001.4475
1761097768761,1001.46204
1761097768780,1001.4205
1761097768801,1001.4542
1761097768823,1001.4628
1761097768841,1001.46
1761097768860,1001.433
1761097768880,1001.4361
1761097768900,1001.46484
1761097768920,1001.4499
1761097768941,1001.4388
1761097768961,1001.4591
1761097768981,1001.4514
1761097769001,1001.45734
1761097769021,1001.47986
1761097769040,1001.4352
1761097769061,1001.47235
1761097769081,1001.4511
1761097769101,1001.4439
1761097769121,1001.46375
1761097769141,1001.4567
1761097769161,1001.4524
1761097769181,1001.4394
1761097769201,1001.4614
1761097769221,1001.46875
1761097769241,1001.4502
1761097769261,1001.46173
1761097769281,1001.4611
1761097769301,1001.4405
1761097769321,1001.4502
1761097769342,1001.4608
1761097769360,1001.4458
1761097769381,1001.4503
1761097769400,1001.4538
1761097769420,1001.4516
1761097769440,1001.468
1761097769461,1001.4478
1761097769481,1001.447
1761097769501,1001.4547
1761097769520,1001.4481
1761097769540,1001.4244
1761097769560,1001.4622
1761097769580,1001.42316
1761097769600,1001.4405
1761097769621,1001.4502
1761097769641,1001.4477
1761097769661,1001.4108
1761097769681,1001.4302
1761097769700,1001.46735
1761097769721,1001.4288
1761097769741,1001.45526
1761097769761,1001.4453
1761097769781,1001.43567
1761097769801,1001.46075
1761097769821,1001.43317
1761097769842,1001.4446
1761097769861,1001.4477
1761097769881,1001.4291
1761097769900,1001.4522
1761097769920,1001.4352
1761097769940,1001.4489
1761097769961,1001.4366
1761097769981,1001.4263
1761097770001,1001.46124
1761097770020,1001.4477
1761097770040,1001.4502
1761097770060,1001.433
1761097770080,1001.4494
1761097770100,1001.4644
1761097770121,1001.48145
1761097770141,1001.46313
1761097770161,1001.4414
1761097770180,1001.4561
1761097770200,1001.4428
1761097770220,1001.46063
1761097770241,1001.465
1761097770261,1001.4592
1761097770281,1001.45593
1761097770301,1001.47687
1761097770321,1001.46844
1761097770341,1001.47455
1761097770361,1001.445
1761097770381,1001.47473
1761097770401,1001.46094
1761097770421,1001.47174
1761097770441,1001.46906
1761097770461,1001.4478
1761097770482,1001.4534
1761097770502,1001.4586
1761097770521,1001.4488
1761097770541,1001.45483
1761097770561,1001.4436
1761097770580,1001.4675
1761097770601,1001.4614
1761097770621,1001.443
1761097770641,1001.45483
1761097770662,1001.4538
1761097770681,1001.4567
1761097770702,1001.4572
1761097770721,1001.43176
1761097770741,1001.4669
1761097770761,1001.4446
1761097770781,1001.47266
1761097770802,1001.47516
1761097770821,1001.4416
1761097770841,1001.4502
1761097770861,1001.4286
1761097770881,1001.4219
1761097770901,1001.4494
1761097770921,1001.4556
1761097770941,1001.441
1761097770962,1001.4547
1761097770982,1001.45844
1761097771002,1001.45953
1761097771021,1001.4494
1761097771043,1001.4578
1761097771061,1001.4661
1761097771081,1001.4336
1761097771101,1001.46375
1761097771121,1001.4536
1761097771142,1001.48627
1761097771161,1001.46814
1761097771181,1001.458
1761097771201,1001.47455
1761097771221,1001.4485
1761097771241,1001.4866
1761097771262,1001.4722
1761097771281,1001.4733
1761097771302,1001.4675
1761097771322,1001.4597
1761097771341,1001.46674
1761097771361,1001.48364
1761097771381,1001.4614
1761097771401,1001.46313
1761097771421,1001.446
1761097771442,1001.47235
1761097771462,1001.4669
1761097771482,1001.4944
1761097771501,1001.47455
1761097771521,1001.4511
1761097771543,1001.46674
1761097771561,1001.47595
1761097771580,1001.46906
1761097771601,1001.47516
1761097771621,1001.46783
1761097771641,1001.4872
1761097771661,1001.47656
1761097771681,1001.47784
1761097771701,1001.49036
1761097771721,1001.4902
1761097771741,1001.4941
1761097771761,1001.49677
1761097771781,1001.48926
1761097771802,1001.5134
1761097771821,1001.4847
1761097771841,1001.48627
1761097771861,1001.4888
1761097771881,1001.495
1761097771902,1001.4908
1761097771921,1001.49097
1761097771942,1001.5052
1761097771963,1001.49457
1761097771981,1001.5106
1761097772001,1001.4964
1761097772021,1001.5089
1761097772041,1001.5244
1761097772061,1001.5075
1761097772081,1001.5066
1761097772101,1001.49817
1761097772122,1001.4883
1761097772142,1001.5028
1761097772161,1001.5192
1761097772181,1001.501
1761097772201,1001.5286
1761097772221,1001.503
1761097772241,1001.54596
1761097772262,1001.5106
1761097772282,1001.53296
1761097772302,1001.5136
1761097772321,1001.52704
1761097772341,1001.5064
1761097772361,1001.52893
1761097772381,1001.53516
1761097772401,1001.4997
1761097772421,1001.48505
1761097772442,1001.4952
1761097772462,1001.47144
1761097772481,1001.4933
1761097772503,1001.49457
1761097772521,1001.5072
1761097772541,1001.4949
1761097772560,1001.4916
1761097772581,1001.5022
1761097772602,1001.5153
1761097772622,1001.50244
1761097772642,1001.49316
1761097772660,1001.506
1761097772680,1001.5013
1761097772701,1001.5228
1761097772721,1001.4897
1761097772741,1001.5202
1761097772761,1001.4902
1761097772781,1001.49927
1761097772801,1001.4991
1761097772821,1001.4952
1761097772841,1001.47925
1761097772861,1001.48566
1761097772881,1001.5
1761097772901,1001.4999
1761097772921,1001.5133
1761097772942,1001.506
1761097772962,1001.54224
1761097772981,1001.4994
1761097773001,1001.5035
1761097773021,1001.5033
1761097773041,1001.52924
1761097773061,1001.5192
1761097773081,1001.5222
1761097773101,1001.5275
1761097773121,1001.52344
1761097773141,1001.53906
1761097773161,1001.53546
1761097773181,1001.54144
1761097773201,1001.5564
1761097773221,1001.53754
1761097773241,1001.5275
1761097773262,1001.55145
1761097773282,1001.5007
1761097773301,1001.53595
1761097773321,1001.54486
1761097773341,1001.54065
1761097773361,1001.5483
1761097773381,1001.5433
1761097773402,1001.5322
1761097773422,1001.53656
1761097773442,1001.54565
1761097773461,1001.55707
1761097773481,1001.52374
1761097773501,1001.5544
1761097773522,1001.53094
1761097773541,1001.53815
1761097773561,1001.55566
1761097773581,1001.54065
1761097773601,1001.5511
1761097773621,1001.54156
1761097773641,1001.5566
1761097773661,1001.54297
1761097773681,1001.5608
1761097773701,1001.558
1761097773721,1001.55286
1761097773741,1001.5708
1761097773762,1001.5611
1761097773782,1001.5658
1761097773801,1001.5663
1761097773821,1001.5538
1761097773841,1001.548
1761097773861,1001.5636
1761097773881,1001.5624
1761097773901,1001.5599
1761097773922,1001.54126
1761097773942,1001.55206
1761097773961,1001.54755
1761097773981,1001.54004
1761097774001,1001.54205
1761097774021,1001.54755
1761097774041,1001.53766
1761097774061,1001.54706
1761097774082,1001.5536
1761097774102,1001.5547
1761097774121,1001.5641
1761097774141,1001.55566
1761097774161,1001.55457
1761097774181,1001.5749
1761097774201,1001.5632
1761097774221,1001.55347
1761097774242,1001.5624
1761097774262,1001.555
1761097774281,1001.5544
1761097774301,1001.5864
1761097774321,1001.55566
1761097774341,1001.5502
1761097774361,1001.5469
1761097774381,1001.5784
1761097774401,1001.5725
1761097774422,1001.55457
1761097774442,1001.5574
1761097774461,1001.5622
1761097774481,1001.5574
1761097774501,1001.5594
1761097774521,1001.5596
1761097774542,1001.5664
1761097774561,1001.54767
1761097774581,1001.58563
1761097774602,1001.5784
1761097774621,1001.59204
1761097774641,1001.5872
1761097774661,1001.5641
1761097774681,1001.5688
1761097774701,1001.5808
1761097774721,1001.58923
1761097774741,1001.59485
1761097774762,1001.59155
1761097774781,1001.5736
1761097774801,1001.5696
1761097774821,1001.5653
1761097774841,1001.5739
1761097774861,1001.5574
1761097774881,1001.60474
1761097774902,1001.5869
1761097774921,1001.5866
1761097774941,1001.61145
1761097774961,1001.6008
1761097774981,1001.59735
1761097775001,1001.59143
1761097775021,1001.60486
1761097775042,1001.5866
1761097775061,1001.5839
1761097775081,1001.5947
1761097775101,1001.60095
1761097775121,1001.60675
1761097775141,1001.60754
1761097775161,1001.60675
1761097775181,1001.623
1761097775201,1001.6325
1761097775222,1001.6427
1761097775242,1001.66296
1761097775262,1001.6597
1761097775281,1001.6353
1761097775301,1001.66205
1761097775321,1001.6395
1761097775341,1001.6377
1761097775361,1001.6344
1761097775381,1001.6386
1761097775402,1001.65875
1761097775423,1001.66516
1761097775441,1001.66266
1761097775461,1001.65894
1761097775481,1001.6794
1761097775501,1001.66876
1761097775521,1001.6322
1761097775542,1001.6852
1761097775561,1001.7041
1761097775582,1001.768
1761097775601,1001.77515
1761097775621,1001.78784
1761097775641,1001.77594
1761097775661,1002.0667
1761097775680,1002.48566
1761097775701,1002.5064
1761097775721,1002.47833
1761097775741,1002.22675
1761097775761,1002.03925
1761097775781,1001.95984
1761097775801,1001.90234
1761097775821,1001.85956
1761097775840,1001.8839
1761097775861,1001.91766
1761097775881,1001.9908
1761097775901,1002.0122
1761097775921,1002.02454
1761097775941,1002.04425
1761097775961,1002.0142
1761097775981,1001.91504
1761097776001,1001.79755
1761097776021,1001.67065
1761097776041,1001.6322
1761097776061,1001.6569
1761097776082,1001.6381
1761097776101,1001.6358
1761097776121,1001.6375
1761097776141,1001.6364
1761097776161,1001.6191
1761097776181,1001.60815
1761097776201,1001.6211
1761097776221,1001.58765
1761097776241,1001.5788
1761097776261,1001.59393
1761097776281,1001.5925
1761097776301,1001.59784
1761097776321,1001.57983
1761097776341,1001.59143
1761097776362,1001.59283
1761097776381,1001.58234
1761097776402,1001.59
1761097776421,1001.5574
1761097776441,1001.5755
1761097776462,1001.62317
1761097776481,1001.61035
1761097776502,1001.60626
1761097776522,1001.589
1761097776543,1001.5755
1761097776562,1001.5836
1761097776581,1001.5642
1761097776601,1001.5599
1761097776621,1001.58234
1761097776641,1001.5753
1761097776661,1001.5833
1761097776681,1001.59314
1761097776701,1001.5778
1761097776722,1001.5834
1761097776742,1001.5696
1761097776761,1001.5486
1761097776781,1001.55597
1761097776801,1001.5761
1761097776821,1001.55206
1761097776842,1001.5655
1761097776862,1001.5647
1761097776882,1001.59265
1761097776902,1001.59064
1761097776921,1001.60516
1761097776941,1001.60016
1761097776961,1001.6236
1761097776981,1001.61786
1761097777001,1001.6188
1761097777022,1001.6044
1761097777042,1001.59
1761097777061,1001.59656
1761097777081,1001.60223
1761097777100,1001.6105
1761097777121,1001.60767
1761097777142,1001.60156
1761097777161,1001.59735
1761097777181,1001.5827
1761097777201,1001.59406
1761097777222,1001.5813
1761097777241,1001.5544
1761097777262,1001.571
1761097777281,1001.58484
1761097777301,1001.58594
1761097777321,1001.5775
1761097777343,1001.59973
1761097777361,1001.60046
1761097777381,1001.6158
1761097777401,1001.61707
1761097777421,1001.58374
1761097777441,1001.5894
1761097777461,1001.5969
1761097777482,1001.593
1761097777501,1001.5744
1761097777522,1001.5875
1761097777542,1001.59796
1761097777562,1001.59503
1761097777581,1001.58954
1761097777601,1001.61676
1761097777621,1001.59845
1761097777641,1001.6238
1761097777661,1001.6497
1761097777682,1001.6155
1761097777701,1001.60486
1761097777722,1001.59564
1761097777741,1001.5936
1761097777761,1001.59705
1761097777781,1001.61646
1761097777801,1001.61957
1761097777821,1001.6174
1761097777842,1001.5905
1761097777861,1001.5781
1761097777882,1001.60565
1761097777901,1001.60626
1761097777921,1001.6194
1761097777941,1001.6441
1761097777961,1001.65985
1761097777981,1001.683
1761097778001,1001.71094
1761097778021,1001.7175
1761097778042,1001.6927
1761097778062,1001.6995
1761097778081,1001.6772
1761097778101,1001.6836
1761097778121,1001.6633
1761097778141,1001.65924
1761097778161,1001.6475
1761097778182,1001.66705
1761097778202,1001.65314
1761097778221,1001.68097
1761097778241,1001.678
1761097778261,1001.6875
1761097778281,1001.6783
1761097778301,1001.6928
1761097778321,1001.6844
1761097778341,1001.72125
1761097778361,1001.7158
1761097778382,1001.72845
1761097778401,1001.7641
1761097778421,1001.7619
1761097778441,1001.7464
1761097778461,1001.78284
1761097778481,1001.77625
1761097778502,1001.8258
1761097778522,1001.86096
1761097778542,1001.84155
1761097778561,1001.85016
1761097778581,1001.85596
1761097778601,1001.83093
1761097778621,1001.79675
1761097778640,1001.7733
1761097778662,1001.7666
1761097778682,1001.7556
1761097778702,1001.72046
1761097778721,1001.71875
1761097778741,1001.73364
1761097778761,1001.6897
1761097778781,1001.7031
1761097778801,1001.6878
1761097778822,1001.66266
1761097778841,1001.6335
1761097778862,1001.61005
1761097778881,1001.6097
1761097778901,1001.6058
1761097778921,1001.6291
1761097778941,1001.6122
1761097778962,1001.60455
1761097778981,1001.6194
1761097779001,1001.6199
1761097779021,1001.6719
1761097779041,1001.65234
1761097779061,1001.6377
1761097779081,1001.6091
1761097779101,1001.6136
1761097779121,1001.60645
1761097779141,1001.5972
1761097779161,1001.5908
1761097779181,1001.5925
1761097779202,1001.5864
1761097779221,1001.6097
1761097779241,1001.6327
1761097779261,1001.60736
1761097779281,1001.6247
1761097779301,1001.58765
1761097779321,1001.60547
1761097779341,1001.6058
1761097779363,1001.59174
1761097779381,1001.59705
1761097779401,1001.60144
1761097779421,1001.60876
1761097779442,1001.593
1761097779461,1001.61066
1761097779481,1001.60175
1761097779502,1001.60754
1761097779522,1001.61395
1761097779541,1001.61786
1761097779561,1001.61395
1761097779581,1001.60376
1761097779601,1001.6144
1761097779621,1001.6257
1761097779641,1001.5936
1761097779661,1001.60504
1761097779681,1001.6247
1761097779701,1001.625
1761097779721,1001.61127
1761097779741,1001.638
1761097779761,1001.61646
1761097779781,1001.6292
1761097779801,1001.6269
1761097779821,1001.6152
1761097779841,1001.62177
1761097779862,1001.6278
1761097779881,1001.62177
1761097779901,1001.6266
1761097779921,1001.6253
1761097779941,1001.6175
1761097779961,1001.61237
1761097779981,1001.59863
1761097780001,1001.59644
1761097780022,1001.6169
1761097780041,1001.6233
1761097780061,1001.61456
1761097780081,1001.5947
1761097780101,1001.6108
1761097780121,1001.6008
1761097780141,1001.59924
1761097780161,1001.59973
1761097780182,1001.61237
1761097780201,1001.60876
1761097780221,1001.60876
1761097780241,1001.6033
1761097780261,1001.60095
1761097780281,1001.6211
1761097780301,1001.61005
1761097780321,1001.6328
1761097780341,1001.613
1761097780361,1001.6127
1761097780381,1001.6221
1761097780400,1001.61285
1761097780421,1001.59894
1761097780441,1001.5889
1761097780461,1001.60205
1761097780481,1001.6163
1761097780501,1001.62177
1761097780521,1001.60864
1761097780541,1001.6097
1761097780561,1001.6194
1761097780580,1001.60266
1761097780600,1001.5836
1761097780620,1001.5983
1761097780641,1001.60004
1761097780662,1001.60876
1761097780682,1001.6244
1761097780701,1001.5883
1761097780721,1001.60126
1761097780741,1001.5778
1761097780761,1001.58344
1761097780781,1001.5764
1761097780801,1001.5828
1761097780821,1001.5647
1761097780843,1001.5836
1761097780861,1001.5766
1761097780881,1001.57983
1761097780901,1001.5613
1761097780921,1001.5564
1761097780941,1001.53723
1761097780962,1001.52563
1761097780981,1001.5089
1761097781002,1001.5042
1761097781021,1001.47894
1761097781042,1001.5049
1761097781061,1001.4808
1761097781081,1001.4819
1761097781101,1001.4952
1761097781121,1001.463
1761097781141,1001.48236
1761097781161,1001.5042
1761097781181,1001.4844
1761097781201,1001.4966
1761097781221,1001.4783
1761097781241,1001.4722
1761097781261,1001.46375
1761097781281,1001.48737
1761097781302,1001.4988
1761097781321,1001.5078
1761097781341,1001.52124
1761097781361,1001.5244
1761097781381,1001.52704
1761097781401,1001.518
1761097781421,1001.54205
1761097781441,1001.55035
1761097781462,1001.5347
1761097781482,1001.5677
1761097781502,1001.53314
1761097781521,1001.55536
1761097781541,1001.583
1761097781561,1001.5745
1761097781581,1001.5722
1761097781601,1001.5491
1761097781622,1001.5731
1761097781642,1001.5722
1761097781662,1001.5719
1761097781681,1001.5716
1761097781701,1001.5758
1761097781721,1001.59796
1761097781741,1001.59204
1761097781761,1001.59424
1761097781781,1001.59125
1761097781802,1001.60315
1761097781822,1001.60675
1761097781841,1001.61017
1761097781861,1001.6347
1761097781881,1001.6536
1761097781901,1001.6475
1761097781921,1001.62067
1761097781941,1001.64844
1761097781961,1001.68207
1761097781982,1001.6794
1761097782001,1001.6907
1761097782021,1001.64813
1761097782041,1001.6511
1761097782062,1001.65094
1761097782081,1001.65393
1761097782101,1001.6514
1761097782121,1001.6205
1761097782142,1001.6238
1761097782162,1001.60095
1761097782181,1001.60187
1761097782201,1001.59894
1761097782221,1001.60315
1761097782241,1001.6399
1761097782261,1001.6227
1761097782282,1001.6458
1761097782302,1001.66113
1761097782322,1001.6274
1761097782341,1001.6244
1761097782361,1001.6402
1761097782381,1001.6447
1761097782401,1001.65985
1761097782421,1001.65204
1761097782441,1001.66925
1761097782462,1001.6878
1761097782482,1001.7133
1761097782501,1001.71893
1761097782522,1001.693
1761097782541,1001.6855
1761097782561,1001.6392
1761097782581,1001.61566
1761097782601,1001.6325
1761097782621,1001.6227
1761097782644,1001.6423
1761097782661,1001.65814
1761097782681,1001.6409
1761097782701,1001.6288
1761097782721,1001.638
1761097782741,1001.6147
1761097782762,1001.6214
1761097782782,1001.6241
1761097782802,1001.61707
1761097782821,1001.638
1761097782841,1001.6302
1761097782861,1001.6327
1761097782881,1001.6344
1761097782901,1001.64874
1761097782922,1001.67957
1761097782941,1001.64813
1761097782962,1001.6366
1761097782982,1001.6363
1761097783001,1001.64703
1761097783021,1001.66266
1761097783042,1001.66644
1761097783061,1001.655
1761097783081,1001.65924
1761097783101,1001.6341
1761097783122,1001.6169
1761097783142,1001.6486
1761097783161,1001.6597
1761097783181,1001.65125
1761097783201,1001.6472
1761097783221,1001.6452
1761097783241,1001.6403
1761097783261,1001.6441
1761097783282,1001.64874
1761097783301,1001.66223
1761097783321,1001.66736
1761097783341,1001.6885
1761097783361,1001.678
1761097783381,1001.6797
1761097783401,1001.6658
1761097783421,1001.7011
1761097783442,1001.673
1761097783462,1001.72876
1761097783481,1001.7441
1761097783501,1001.7391
1761097783521,1001.74536
1761097783541,1001.7566
1761097783561,1001.7571
1761097783582,1001.7588
1761097783601,1001.75
1761097783621,1001.74536
1761097783641,1001.7769
1761097783661,1001.72546
1761097783681,1001.7036
1761097783701,1001.6977
1761097783721,1001.6994
1761097783742,1001.6999
1761097783761,1001.7014
1761097783781,1001.6903
1761097783803,1001.6794
1761097783821,1001.6983
1761097783841,1001.7006
1761097783861,1001.7208
1761097783881,1001.70734
1761097783901,1001.72705
1761097783922,1001.72363
1761097783942,1001.72595
1761097783962,1001.7691
1761097783981,1001.74677
1761097784001,1001.72906
1761097784021,1001.7628
1761097784041,1001.78595
1761097784062,1001.78546
1761097784082,1001.78766
1761097784101,1001.8072
1761097784122,1001.8122
1761097784141,1001.8142
1761097784161,1001.833
1761097784181,1001.7991
1761097784201,1001.77783
1761097784221,1001.7606
1761097784241,1001.73096
1761097784261,1001.7494
1761097784282,1001.7128
1761097784301,1001.7116
1761097784321,1001.7067
1761097784341,1001.73895
1761097784361,1001.746
1761097784381,1001.7619
1761097784401,1001.8133
1761097784422,1001.8005
1761097784442,1001.79987
1761097784462,1001.7588
1761097784481,1001.72003
1761097784501,1001.72406
1761097784521,1001.6899
1761097784541,1001.7133
1761097784561,1001.7574
1761097784584,1001.8247
1761097784601,1001.90063
1761097784622,1001.90234
1761097784641,1001.903
1761097784661,1001.8663
1761097784681,1001.8274
1761097784701,1001.7666
1761097784722,1001.7549
1761097784741,1001.7678
1761097784761,1001.7722
1761097784782,1001.8113
1761097784801,1001.79395
1761097784821,1001.8331
1761097784842,1001.84155
1761097784861,1001.86066
1761097784881,1001.8764
1761097784901,1001.85004
1761097784921,1001.85846
1761097784942,1001.8767
1761097784962,1001.8677
1761097784981,1001.8811
1761097785002,1001.8906
1761097785021,1001.8891
1761097785041,1001.8944
1761097785062,1001.92737
1761097785081,1001.92255
1761097785101,1001.85376
1761097785121,1001.8344
1761097785141,1001.7652
1761097785161,1001.7569
1761097785181,1001.73315
1761097785201,1001.72784
1761097785221,1001.73926
1761097785241,1001.72614
1761097785262,1001.6999
1761097785282,1001.708
1761097785301,1001.72736
1761097785321,1001.74286
1761097785341,1001.72723
1761097785361,1001.7361
1761097785381,1001.76
1761097785402,1001.78595
1761097785422,1001.8325
1761097785442,1001.8761
1761097785461,1001.8858
1761097785481,1001.9358
1761097785501,1001.9558
1761097785522,1001.9291
1761097785541,1001.905
1761097785561,1001.84845
1761097785582,1001.85315
1761097785602,1001.84143
1761097785621,1001.8383
1761097785641,1001.8408
1761097785661,1001.83673
1761097785681,1001.84515
1761097785701,1001.838
1761097785721,1001.8313
1761097785742,1001.8194
1761097785762,1001.8341
1761097785781,1001.8344
1761097785801,1001.8199
1761097785821,1001.8347
1761097785841,1001.85516
1761097785861,1001.90924
1761097785881,1001.9319
1761097785901,1001.9492
1761097785922,1001.9583
1761097785942,1001.9333
1761097785961,1001.92096
1761097785981,1001.91174
1761097786001,1001.9375
1761097786021,1001.8914
1761097786042,1001.88
1761097786061,1001.86145
1761097786082,1001.8294
1761097786101,1001.8197
1761097786121,1001.8302
1761097786141,1001.8272
1761097786161,1001.79926
1761097786181,1001.74286
1761097786201,1001.7516
1761097786221,1001.74146
1761097786241,1001.7574
1761097786262,1001.7663
1761097786281,1001.7655
1761097786301,1001.7819
1761097786321,1001.7919
1761097786341,1001.8408
1761097786361,1001.83093
1761097786381,1001.85016
1761097786401,1001.8774
1761097786421,1001.91864
1761097786441,1001.9388
1761097786461,1001.98157
1761097786481,1001.96265
1761097786502,1001.9964
1761097786521,1001.97974
1761097786541,1001.9877
1761097786562,1002.0294
1761097786582,1002.02234
1761097786601,1002.0261
1761097786621,1002.03705
1761097786641,1001.9986
1761097786661,1001.99426
1761097786681,1001.98706
1761097786701,1001.9877
1761097786721,1001.9467
1761097786742,1001.91473
1761097786761,1001.9047
1761097786781,1001.9019
1761097786801,1001.8572
1761097786821,1001.8605
1761097786841,1001.86005
1761097786861,1001.83093
1761097786881,1001.8022
1761097786901,1001.7847
1761097786922,1001.7753
1761097786941,1001.7663
1761097786961,1001.76733
1761097786981,1001.7675
1761097787001,1001.7708
1761097787022,1001.7549
1761097787041,1001.7616
1761097787062,1001.77765
1761097787082,1001.80347
1761097787101,1001.7908
1761097787120,1001.84796
1761097787141,1001.83765
1761097787161,1001.82983
1761097787180,1001.84674
1761097787202,1001.8673
1761097787221,1001.8328
1761097787241,1001.78485
1761097787261,1001.77344
1761097787281,1001.7552
1761097787301,1001.7183
1761097787320,1001.6999
1761097787341,1001.72455
1761097787361,1001.6963
1761097787381,1001.72296
1761097787401,1001.72296
1761097787421,1001.71875
1761097787441,1001.7055
1761097787461,1001.71674
1761097787481,1001.67816
1761097787501,1001.6892
1761097787521,1001.6969
1761097787541,1001.7036
1761097787562,1001.702
1761097787582,1001.71765
1761097787601,1001.7194
1761097787621,1001.72974
1761097787641,1001.73267
1761097787661,1001.7366
1761097787681,1001.733
1761097787701,1001.7572
1761097787721,1001.7441
1761097787742,1001.7577
1761097787761,1001.73987
1761097787781,1001.7405
1761097787801,1001.7455
1761097787821,1001.7639
1761097787841,1001.7586
1761097787861,1001.73846
1761097787881,1001.7547
1761097787901,1001.7542
1761097787921,1001.7361
1761097787941,1001.7444
1761097787962,1001.72485
1761097787981,1001.7211
1761097788001,1001.71265
1761097788022,1001.73535
1761097788041,1001.7308
1761097788061,1001.71704
1761097788081,1001.7186
1761097788101,1001.7019
1761097788121,1001.708
1761097788140,1001.708
1761097788160,1001.7083
1761097788181,1001.72546
1761097788201,1001.72626
1761097788221,1001.6955
1761097788240,1001.72845
1761097788260,1001.7386
1761097788281,1001.73895
1761097788301,1001.73505
1761097788321,1001.72296
1761097788341,1001.6844
1761097788361,1001.6997
1761097788381,1001.6849
1761097788402,1001.7025
1761097788422,1001.73206
1761097788441,1001.77875
1761097788461,1001.79315
1761097788481,1001.8125
1761097788501,1001.868
1761097788521,1001.91486
1761097788542,1001.92346
1761097788563,1001.9291
1761097788581,1001.91626
1761097788601,1001.91766
1761097788621,1001.90765
1761097788641,1001.8766
1761097788661,1001.8906
1761097788682,1001.8583
1761097788701,1001.84845
1761097788722,1001.7728
1761097788741,1001.72394
1761097788761,1001.6747
1761097788781,1001.66864
1761097788801,1001.6335
1761097788821,1001.61346
1761097788841,1001.59625
1761097788861,1001.6194
1761097788882,1001.65784
1761097788901,1001.6913
1761097788921,1001.73987
1761097788941,1001.81
1761097788961,1001.8744
1761097788981,1001.93066
1761097789001,1001.90344
1761097789022,1001.87
1761097789042,1001.8897
1761097789061,1001.9275
1761097789081,1001.9269
1761097789101,1001.9524
1761097789121,1001.9408
1761097789141,1001.8878
1761097789161,1001.8714
1761097789181,1001.8888
1761097789202,1001.8713
1761097789222,1001.86847
1761097789241,1001.86597
1761097789261,1001.863
1761097789281,1001.84656
1761097789301,1001.8319
1761097789321,1001.80536
1761097789342,1001.79016
1761097789361,1001.7532
1761097789382,1001.7513
1761097789402,1001.73987
1761097789421,1001.6886
1761097789441,1001.7128
1761097789462,1001.7546
1761097789481,1001.79987
1761097789501,1001.8705
1761097789522,1002.0021
1761097789542,1002.0308
1761097789562,1002.02563
1761097789582,1001.9349
1761097789601,1001.8938
1761097789621,1001.90283
1761097789641,1001.9364
1761097789661,1001.91785
1761097789681,1001.898
1761097789702,1001.84235
1761097789721,1001.8227
1761097789741,1001.79205
1761097789761,1001.7644
1761097789781,1001.7274
1761097789801,1001.7125
1761097789821,1001.6822
1761097789842,1001.6758
1761097789861,1001.6525
1761097789882,1001.65063
1761097789901,1001.65784
1761097789921,1001.6967
1761097789941,1001.73505
1761097789961,1001.79095
1761097789981,1001.84784
1761097790001,1001.8764
1761097790022,1001.90814
1761097790042,1001.92487
1761097790061,1001.9335
1761097790082,1001.903
1761097790104,1001.91235
1761097790120,1001.90955
1761097790141,1001.9492
1761097790161,1001.9413
1761097790181,1001.97675
1761097790202,1001.9708
1761097790221,1001.9486
1761097790241,1001.9616
1761097790261,1001.9475
1761097790281,1001.92566
1761097790301,1001.8777
1761097790322,1001.8836
1761097790341,1001.8292
1761097790362,1001.8094
1761097790381,1001.78845
1761097790401,1001.78925
1761097790421,1001.8394
1761097790441,1001.85364
1761097790461,1001.90985
1761097790481,1001.91766
1761097790501,1001.92096
1761097790522,1001.8822
1761097790541,1001.8469
1761097790561,1001.85596
1761097790581,1001.91797
1761097790601,1001.9427
1761097790621,1001.9431
1761097790641,1001.94
1761097790661,1001.92065
1761097790681,1001.8927
1761097790702,1001.8883
1761097790721,1001.8817
1761097790741,1001.91455
1761097790761,1001.9539
1761097790781,1001.97815
1761097790801,1001.9583
1761097790821,1001.8825
1761097790842,1001.8178
1761097790862,1001.763
1761097790881,1001.7372
1761097790901,1001.6966
1761097790921,1001.6633
1761097790941,1001.655
1761097790961,1001.6361
1761097790981,1001.6266
1761097791002,1001.6683
1761097791023,1001.65924
1761097791041,1001.68286
1761097791061,1001.6833
1761097791081,1001.7144
1761097791102,1001.73926
1761097791121,1001.7441
1761097791141,1001.7624
1761097791162,1001.7561
1761097791181,1001.77203
1761097791201,1001.7736
1761097791221,1001.8227
1761097791241,1001.8158
1761097791261,1001.84204
1761097791281,1001.8281
1761097791301,1001.8277
1761097791321,1001.821
1761097791341,1001.7994
1761097791362,1001.8255
1761097791381,1001.8124
1761097791401,1001.8408
1761097791421,1001.8328
1761097791441,1001.85406
1761097791461,1001.85205
1761097791481,1001.85236
1761097791502,1001.8641
1761097791522,1001.8741
1761097791541,1001.8788
1761097791561,1001.89484
1761097791581,1001.86743
1761097791601,1001.86536
1761097791621,1001.8852
1761097791641,1001.8705
1761097791662,1001.8866
1761097791682,1001.8758
1761097791701,1001.92346
1761097791720,1001.97546
1761097791741,1001.9541
1761097791761,1001.9374
1761097791781,1001.91187
1761097791801,1001.92346
1761097791822,1001.92017
1761097791842,1001.8933
1761097791861,1001.8752
1761097791881,1001.84906
1761097791901,1001.8533
1761097791921,1001.8331
1761097791941,1001.79596
1761097791962,1001.79224
1761097791982,1001.80597
1761097792002,1001.8169
1761097792021,1001.85004
1761097792041,1001.84375
1761097792061,1001.8735
1761097792081,1001.8702
1761097792101,1001.90564
1761097792121,1001.91473
1761097792141,1001.9602
1761097792162,1001.96423
1761097792183,1001.9522
1761097792201,1001.9305
1761097792221,1001.91986
1761097792241,1001.92487
1761097792261,1001.9602
1761097792281,1001.91174
1761097792302,1001.8845
1761097792322,1001.8836
1761097792342,1001.90704
1761097792361,1001.91296
1761097792381,1001.91895
1761097792401,1001.90625
1761097792421,1001.8713
1761097792441,1001.8663
1761097792461,1001.8911
1761097792482,1001.8647
1761097792502,1001.8961
1761097792522,1001.8722
1761097792541,1001.8747
1761097792561,1001.8794
1761097792581,1001.8719
1761097792601,1001.8764
1761097792621,1001.87
1761097792641,1001.8953
1761097792662,1001.91797
1761097792681,1001.9466
1761097792701,1001.9605
1761097792721,1001.97754
1761097792741,1001.968
1761097792761,1001.9927
1761097792781,1002.04205
1761097792801,1002.09894
1761097792821,1002.1569
1761097792841,1002.22925
1761097792861,1002.2755
1761097792881,1002.2786
1761097792901,1002.3122
1761097792921,1002.3358
1761097792941,1002.3222
1761097792961,1002.2722
1761097792982,1002.24426
1761097793002,1002.2075
1761097793021,1002.21
1761097793041,1002.22656
1761097793061,1002.2589
1761097793081,1002.3033
1761097793101,1002.3275
1761097793121,1002.3761
1761097793141,1002.43
1761097793162,1002.42145
1761097793181,1002.4208
1761097793201,1002.398
1761097793221,1002.3705
1761097793241,1002.3408
1761097793261,1002.373
1761097793281,1002.3727
1761097793302,1002.38
1761097793321,1002.3202
1761097793341,1002.2761
1761097793361,1002.2424
1761097793381,1002.22754
1761097793401,1002.1933
1761097793421,1002.155
1761097793441,1002.10754
1761097793462,1002.0755
1761097793482,1002.06177
1761097793501,1002.04114
1761097793521,1002.0044
1761097793541,1002.0164
1761097793561,1001.98816
1761097793581,1001.97723
1761097793601,1001.9949
1761097793621,1001.998
1761097793641,1002.0141
1761097793661,1002.0522
1761097793681,1002.09406
1761097793701,1002.1213
1761097793721,1002.11456
1761097793741,1002.0875
1761097793762,1002.0555
1761097793781,1002.0502
1761097793801,1002.0233
1761097793822,1001.99567
1761097793841,1001.98627
1761097793861,1001.96313
1761097793881,1001.9391
1761097793901,1001.97876
1761097793921,1001.9866
1761097793941,1001.99066
1761097793961,1001.9605
1761097793982,1001.9577
1761097794001,1001.9397
1761097794021,1001.9014
1761097794041,1001.86926
1761097794061,1001.84125
1761097794081,1001.84125
1761097794101,1001.8355
1761097794122,1001.8353
1761097794141,1001.7933
1761097794161,1001.7983
1761097794181,1001.78735
1761097794201,1001.81067
1761097794221,1001.8824
1761097794241,1001.96814
1761097794261,1002.0032
1761097794281,1002.0206
1761097794302,1002.0166
1761097794322,1002.0216
1761097794341,1002.02875
1761097794361,1002.04846
1761097794381,1002.0777
1761097794401,1002.10394
1761097794421,1002.0883
1761097794441,1002.09064
1761097794461,1002.0674
1761097794481,1002.0667
1761097794501,1002.0766
1761097794521,1002.1208
1761097794541,1002.1136
1761097794561,1002.0792
1761097794581,1002.066
1761097794601,1002.01666
1761097794623,1002.025
1761097794642,1001.9366
1761097794661,1001.91797
1761097794681,1001.8844
1761097794701,1001.85986
1761097794721,1001.8216
1761097794741,1001.8289
1761097794761,1001.8327
1761097794782,1001.86066
1761097794801,1001.8605
1761097794821,1001.8746
1761097794841,1001.91296
1761097794861,1001.9385
1761097794881,1001.9525
1761097794901,1001.9619
1761097794921,1001.9489
1761097794942,1001.9327
1761097794962,1001.903
1761097794982,1001.92395
1761097795001,1001.9244
1761097795021,1001.92126
1761097795042,1001.91296
1761097795061,1001.9494
1761097795082,1001.95984
1761097795102,1001.93726
1761097795123,1001.91284
1761097795142,1001.8909
1761097795161,1001.8825
1761097795181,1001.8931
1761097795201,1001.8866
1761097795221,1001.91437
1761097795241,1001.8791
1761097795261,1001.86145
1761097795281,1001.85876
1761097795301,1001.85626
1761097795321,1001.8394
1761097795341,1001.8166
1761097795361,1001.8061
1761097795381,1001.7986
1761097795401,1001.815
1761097795421,1001.8436
1761097795442,1001.85364
1761097795462,1001.8627
1761097795481,1001.84485
1761097795501,1001.8544
1761097795522,1001.8782
1761097795541,1001.9385
1761097795561,1001.97815
1761097795581,1001.97675
1761097795601,1001.9975
1761097795622,1002.0336
1761097795641,1002.0911
1761097795660,1002.1356
1761097795680,1002.1903
1761097795701,1002.1911
1761097795721,1002.186
1761097795742,1002.1369
1761097795762,1002.0781
1761097795782,1002.04156
1761097795801,1002.0088
1761097795821,1001.97845
1761097795841,1001.98456
1761097795861,1001.90753
1761097795881,1001.8942
1761097795901,1001.8755
1761097795921,1001.8862
1761097795942,1001.9355
1761097795962,1001.99066
1761097795981,1002.0311
1761097796001,1002.02124
1761097796021,1002.0138
1761097796041,1001.98627
1761097796061,1002.0008
1761097796082,1002.0117
1761097796102,1002.0603
1761097796122,1002.0759
1761097796140,1002.0522
1761097796161,1002.04895
1761097796180,1002.066
1761097796201,1002.0603
1761097796221,1002.10266
1761097796241,1002.1191
1761097796261,1002.1385
1761097796282,1002.1303
1761097796301,1002.0778
1761097796321,1001.9949
1761097796341,1001.97565
1761097796361,1001.9449
1761097796381,1001.9086
1761097796401,1001.91644
1761097796421,1001.903
1761097796442,1001.9375
1761097796461,1001.9567
1761097796481,1001.9938
1761097796501,1001.9991
1761097796521,1002.0225
1761097796541,1002.02124
1761097796561,1002.0605
1761097796581,1002.08264
1761097796602,1002.0742
1761097796622,1002.10156
1761097796641,1002.1133
1761097796661,1002.11597
1761097796681,1002.0791
1761097796701,1002.0049
1761097796720,1001.9861
1761097796741,1001.97296
1761097796761,1001.97784
1761097796782,1001.9425
1761097796801,1001.96735
1761097796821,1001.92926
1761097796841,1001.9544
1761097796861,1001.98987
1761097796881,1002.0003
1761097796901,1002.02673
1761097796921,1002.0297
1761097796942,1002.01953
1761097796961,1002.0419
1761097796981,1002.04114
1761097797001,1002.0106
1761097797021,1001.9847
1761097797042,1001.96313
1761097797061,1001.9389
1761097797081,1001.9439
1761097797102,1001.94
1761097797121,1002.0092
1761097797141,1002.0972
1761097797161,1002.0878
1761097797181,1002.11957
1761097797201,1002.1383
1761097797221,1002.15704
1761097797241,1002.1322
1761097797261,1002.0678
1761097797281,1002.0008
1761097797301,1001.92065
1761097797321,1001.92737
1761097797341,1001.8853
1761097797361,1001.9033
1761097797381,1001.9252
1761097797401,1001.9464
1761097797422,1001.98535
1761097797442,1002.0158
1761097797461,1002.0794
1761097797481,1002.10864
1761097797503,1002.16187
1761097797521,1002.15283
1761097797541,1002.1288
1761097797562,1002.0983
1761097797582,1002.0625
1761097797601,1002.03564
1761097797621,1002.0383
1761097797641,1002.0097
1761097797661,1002.03284
1761097797681,1002.04626
1761097797700,1002.0175
1761097797721,1002.0077
1761097797741,1001.9974
1761097797762,1001.978
1761097797781,1001.948
1761097797801,1001.9497
1761097797821,1001.9866
1761097797841,1001.9877
1761097797861,1002.02454
1761097797881,1002.04895
1761097797902,1002.0588
1761097797922,1002.0603
1761097797941,1002.0522
1761097797961,1002.0683
1761097797981,1002.0671
1761097798001,1002.0655
1761097798021,1002.0761
1761097798041,1002.0866
1761097798061,1002.09015
1761097798082,1002.0803
1761097798101,1002.10547
1761097798121,1002.05005
1761097798141,1002.0269
1761097798161,1001.9972
1761097798181,1001.968
1761097798201,1001.9286
1761097798221,1001.9463
1761097798241,1001.92957
1761097798262,1001.9567
1761097798281,1002.0002
1761097798301,1002.03564
1761097798321,1002.03705
1761097798341,1002.09143
1761097798361,1002.0847
1761097798382,1002.07983
1761097798402,1002.09485
1761097798422,1002.1316
1761097798441,1002.16895
1761097798461,1002.1794
1761097798482,1002.2067
1761097798501,1002.23175
1761097798521,1002.23596
1761097798541,1002.21643
1761097798561,1002.1888
1761097798582,1002.1464
1761097798601,1002.10254
1761097798621,1002.11707
1761097798641,1002.08203
1761097798661,1001.9877
1761097798681,1001.9469
1761097798701,1001.9216
1761097798721,1001.90753
1761097798742,1001.92706
1761097798761,1001.9391
1761097798781,1001.9625
1761097798801,1001.9567
1761097798821,1001.96423
1761097798841,1001.97723
1761097798861,1002.01746
1761097798882,1002.05286
1761097798902,1002.0533
1761097798922,1002.03876
1761097798942,1002.0689
1761097798961,1002.0661
1761097798981,1002.0795
1761097799001,1002.10565
1761097799021,1002.16534
1761097799041,1002.1966
1761097799062,1002.22266
1761097799082,1002.267
1761097799101,1002.273
1761097799121,1002.29266
1761097799141,1002.30457
1761097799161,1002.3077
1761097799181,1002.2617
1761097799202,1002.2133
1761097799221,1002.193
1761097799242,1002.123
1761097799261,1002.09503
1761097799281,1002.0691
1761097799301,1002.04175
1761097799321,1002.01776
1761097799341,1002.03723
1761097799361,1002.0181
1761097799382,1002.0058
1761097799402,1002.0272
1761097799421,1002.0661
1761097799441,1002.08984
1761097799461,1002.1058
1761097799481,1002.11847
1761097799501,1002.1285
1761097799521,1002.1255
1761097799541,1002.137
1761097799562,1002.1697
1761097799581,1002.17645
1761097799601,1002.193
1761097799621,1002.2028
1761097799641,1002.18097
1761097799661,1002.16144
1761097799681,1002.15704
1761097799701,1002.1846
1761097799721,1002.2546
1761097799742,1002.3189
1761097799761,1002.3258
1761097799781,1002.30396
1761097799801,1002.2652
1761097799821,1002.2411
1761097799841,1002.23096
1761097799862,1002.2478
1761097799882,1002.22906
1761097799902,1002.1877
1761097799921,1002.1875
1761097799941,1002.1297
1761097799961,1002.0905
1761097799981,1002.09814
1761097800001,1002.10144
1761097800021,1002.0811
1761097800041,1002.03986
1761097800061,1002.0419
1761097800081,1002.04376
1761097800101,1002.0708
1761097800121,1002.0678
1761097800140,1002.11676
1761097800161,1002.09753
1761097800181,1002.1308
1761097800201,1002.1722
1761097800222,1002.17126
1761097800241,1002.148
1761097800261,1002.1907
1761097800281,1002.2111
1761097800301,1002.2064
1761097800321,1002.24567
1761097800341,1002.2119
1761097800361,1002.21533
1761097800382,1002.2034
1761097800402,1002.22485
1761097800421,1002.198
1761097800441,1002.16
1761097800461,1002.1431
1761097800481,1002.1214
1761097800501,1002.1221
1761097800522,1002.1291
1761097800542,1002.1472
1761097800562,1002.16254
1761097800582,1002.1442
1761097800601,1002.10187
1761097800622,1002.10474
1761097800641,1002.0766
1761097800660,1002.10144
1761097800681,1002.10284
1761097800701,1002.09125
1761097800723,1002.0828
1761097800741,1002.11206
1761097800761,1002.10547
1761097800781,1002.1252
1761097800800,1002.1191
1761097800820,1002.1466
1761097800841,1002.14984
1761097800861,1002.14844
1761097800882,1002.14703
1761097800901,1002.1597
1761097800921,1002.178
1761097800941,1002.18176
1761097800961,1002.15314
1761097800980,1002.1311
1761097801000,1002.14923
1761097801021,1002.1633
1761097801041,1002.1413
1761097801061,1002.15814
1761097801081,1002.1494
1761097801101,1002.16156
1761097801121,1002.12067
1761097801141,1002.1297
1761097801161,1002.11096
1761097801181,1002.1461
1761097801201,1002.15704
1761097801222,1002.1886
1761097801241,1002.16284
1761097801261,1002.15814
1761097801281,1002.1363
1761097801301,1002.1419
1761097801321,1002.1272
1761097801341,1002.10266
1761097801361,1002.0714
1761097801382,1002.0828
1761097801401,1002.09375
1761097801421,1002.1191
1761097801441,1002.1405
1761097801461,1002.1811
1761097801481,1002.1769
1761097801502,1002.17487
1761097801522,1002.20734
1761097801542,1002.2105
1761097801561,1002.16046
1761097801581,1002.1285
1761097801602,1002.15735
1761097801621,1002.17926
1761097801642,1002.16473
1761097801661,1002.1428
1761097801681,1002.09906
1761097801701,1002.08203
1761097801721,1002.0925
1761097801741,1002.16364
1761097801761,1002.17114
1761097801781,1002.16125
1761097801801,1002.1358
1761097801821,1002.11096
1761097801841,1002.08563
1761097801861,1002.088
1761097801883,1002.1188
1761097801901,1002.1303
1761097801921,1002.1083
1761097801941,1002.10144
1761097801961,1002.09204
1761097801981,1002.09235
1761097802002,1002.1158
1761097802022,1002.1141
1761097802042,1002.10474
1761097802061,1002.08594
1761097802081,1002.12317
1761097802101,1002.1478
1761097802121,1002.1263
1761097802144,1002.15814
1761097802161,1002.16034
1761097802181,1002.16223
1761097802202,1002.17426
1761097802221,1002.1908
1761097802241,1002.1886
1761097802261,1002.2034
1761097802281,1002.22205
1761097802301,1002.23114
1761097802321,1002.2388
1761097802341,1002.2528
1761097802362,1002.218
1761097802381,1002.1924
1761097802401,1002.1522
1761097802421,1002.11456
1761097802441,1002.0697
1761097802461,1002.0678
1761097802481,1002.06067
1761097802502,1002.04565
1761097802522,1002.0745
1761097802542,1002.072
1761097802561,1002.0784
1761097802581,1002.09235
1761097802601,1002.11096
1761097802621,1002.11487
1761097802641,1002.14343
1761097802661,1002.1444
1761097802681,1002.17236
1761097802702,1002.1227
1761097802721,1002.1194
1761097802741,1002.08954
1761097802761,1002.1338
1761097802781,1002.2022
1761097802801,1002.2047
1761097802821,1002.1844
1761097802842,1002.16064
1761097802862,1002.1266
1761097802881,1002.15564
1761097802901,1002.16815
1761097802921,1002.1572
1761097802942,1002.15125
1761097802961,1002.1183
1761097802982,1002.10114
1761097803002,1002.12054
1761097803022,1002.1417
1761097803041,1002.1274
1761097803062,1002.10767
1761097803081,1002.1328
1761097803101,1002.10254
1761097803121,1002.1044
1761097803141,1002.1235
1761097803162,1002.1238
1761097803181,1002.09924
1761097803201,1002.11017
1761097803221,1002.1302
1761097803241,1002.2369
1761097803261,1002.2969
1761097803281,1002.30176
1761097803301,1002.23145
1761097803321,1002.14703
1761097803342,1002.0706
1761097803362,1002.0591
1761097803381,1002.0599
1761097803401,1002.1158
1761097803421,1002.1899
1761097803441,1002.2633
1761097803461,1002.30035
1761097803482,1002.29266
1761097803502,1002.28265
1761097803522,1002.2678
1761097803541,1002.2539
1761097803561,1002.23706
1761097803581,1002.2519
1761097803601,1002.2125
1761097803621,1002.2067
1761097803642,1002.2139
1761097803661,1002.23425
1761097803681,1002.2613
1761097803701,1002.2413
1761097803721,1002.22235
1761097803741,1002.2019
1761097803761,1002.2034
1761097803781,1002.2116
1761097803801,1002.1786
1761097803822,1002.1519
1761097803841,1002.10864
1761097803861,1002.14703
1761097803881,1002.1736
1761097803901,1002.2559
1761097803921,1002.365
1761097803941,1002.39984
1761097803961,1002.36487
1761097803981,1002.3105
1761097804002,1002.2642
1761097804021,1002.22546
1761097804041,1002.27985
1761097804061,1002.3083
1761097804081,1002.30096
1761097804101,1002.2502
1761097804121,1002.2077
1761097804141,1002.22876
1761097804161,1002.29535
1761097804182,1002.30927
1761097804201,1002.28784
1761097804221,1002.22876
1761097804241,1002.16046
1761097804261,1002.09204
1761097804281,1002.0778
1761097804301,1002.0738
1761097804321,1002.08093
1761097804342,1002.125
1761097804362,1002.10535
1761097804381,1002.0919
1761097804401,1002.09546
1761097804421,1002.1175
1761097804441,1002.1394
1761097804462,1002.1505
1761097804482,1002.1447
1761097804502,1002.11646
1761097804521,1002.1381
1761097804541,1002.16754
1761097804561,1002.1944
1761097804581,1002.1882
1761097804601,1002.1814
1761097804621,1002.16254
1761097804642,1002.16284
1761097804661,1002.15985
1761097804681,1002.1772
1761097804701,1002.21313
1761097804720,1002.1794
1761097804741,1002.17395
1761097804761,1002.126
1761097804781,1002.10016
1761097804801,1002.10156
1761097804821,1002.1122
1761097804841,1002.1386
1761097804861,1002.14
1761097804881,1002.1586
1761097804901,1002.14984
1761097804921,1002.1811
1761097804941,1002.1985
1761097804961,1002.1944
1761097804981,1002.1766
1761097805002,1002.2172
1761097805021,1002.2258
1761097805041,1002.2077
1761097805061,1002.17505
1761097805081,1002.21173
1761097805101,1002.21173
1761097805123,1002.28784
1761097805141,1002.29846
1761097805161,1002.2733
1761097805181,1002.2105
1761097805201,1002.1794
1761097805221,1002.1772
1761097805241,1002.21234
1761097805261,1002.1956
1761097805281,1002.2002
1761097805301,1002.20593
1761097805322,1002.23065
1761097805341,1002.2667
1761097805361,1002.2592
1761097805381,1002.2661
1761097805401,1002.27594
1761097805421,1002.27124
1761097805441,1002.28864
1761097805461,1002.2477
1761097805482,1002.253
1761097805501,1002.2636
1761097805521,1002.2614
1761097805542,1002.30035
1761097805561,1002.33704
1761097805581,1002.3214
1761097805601,1002.3113
1761097805621,1002.28174
1761097805642,1002.3008
1761097805662,1002.26843
1761097805680,1002.2706
1761097805701,1002.28156
1761097805721,1002.2703
1761097805741,1002.23004
1761097805761,1002.2141
1761097805781,1002.1985
1761097805802,1002.22437
1761097805822,1002.23145
1761097805841,1002.263
1761097805861,1002.2564
1761097805882,1002.2577
1761097805902,1002.2527
1761097805921,1002.267
1761097805941,1002.2514
1761097805962,1002.2539
1761097805983,1002.28064
1761097806001,1002.29254
1761097806021,1002.3086
1761097806041,1002.39233
1761097806061,1002.40454
1761097806082,1002.373
1761097806101,1002.3281
1761097806121,1002.2692
1761097806142,1002.2567
1761097806160,1002.23895
1761097806181,1002.22797
1761097806201,1002.2208
1761097806221,1002.2522
1761097806241,1002.2741
1761097806261,1002.28656
1761097806281,1002.3052
1761097806302,1002.3174
1761097806322,1002.3222
1761097806342,1002.3256
1761097806361,1002.32983
1761097806381,1002.3386
1761097806401,1002.3786
1761097806421,1002.36237
1761097806441,1002.3744
1761097806462,1002.42145
1761097806482,1002.41925
1761097806505,1002.40594
1761097806521,1002.3872
1761097806542,1002.34625
1761097806560,1002.35254
1761097806580,1002.35016
1761097806601,1002.3397
1761097806621,1002.3269
1761097806642,1002.29004
1761097806660,1002.2527
1761097806692,1002.2552
1761097806749,1002.36676
1761097806770,1002.3872
1761097806790,1002.43634
1761097806809,1002.4463
1761097806830,1002.5261
1761097806850,1003.10455
1761097806870,1003.3833
1761097806890,1003.3928
1761097806910,1002.9862
1761097806931,1002.6924
1761097806954,1002.702
1761097806970,1002.7533
1761097807010,1002.6786
1761097807010,1002.73846
1761097807029,1002.7111
1761097807050,1002.71765
1761097807070,1002.6594
1761097807090,1002.49536
1761097807109,1002.3747
1761097807129,1002.3605
1761097807149,1002.28143
1761097807170,1002.0642
1761097807189,1001.9431
1761097807209,1001.9083
1761097807230,1001.8644
1761097807250,1001.8908
1761097807270,1001.8789
1761097807289,1001.886
1761097807309,1001.885
1761097807329,1001.895
1761097807349,1001.91504
1761097807369,1001.905
1761097807390,1001.9261
1761097807410,1001.97626
1761097807429,1001.9602
1761097807449,1001.9958
1761097807470,1002.0022
1761097807490,1002.03406
1761097807510,1002.0192
1761097807530,1002.02313
1761097807550,1002.02673
1761097807570,1002.04504
1761097807591,1002.02
1761097807610,1002.04565
1761097807630,1002.058
1761097807649,1002.0781
1761097807672,1002.0792
1761097807690,1002.0894
1761097807710,1002.133
1761097807730,1002.0788
1761097807750,1002.1194
1761097807770,1002.1083
1761097807789,1002.1211
1761097807810,1002.11005
1761097807830,1002.11035
1761097807850,1002.1314
1761097807870,1002.1286
1761097807890,1002.1322
1761097807910,1002.145
1761097807930,1002.16187
1761097807950,1002.16425
1761097807970,1002.1864
1761097807991,1002.1827
1761097808010,1002.1974
1761097808030,1002.1977
1761097808050,1002.2294
1761097808071,1002.2033
1761097808090,1002.2455
1761097808110,1002.2508
1761097808130,1002.2522
1761097808150,1002.2761
1761097808170,1002.2908
1761097808190,1002.26953
1761097808210,1002.28064
1761097808231,1002.2463
1761097808250,1002.2571
1761097808269,1002.2688
1761097808290,1002.29236
1761097808310,1002.3088
1761097808330,1002.34735
1761097808350,1002.3116
1761097808370,1002.29736
1761097808390,1002.3203
1761097808411,1002.3327
1761097808430,1002.3208
1761097808450,1002.3177
1761097808469,1002.35474
1761097808490,1002.33093
1761097808510,1002.30817
1761097808531,1002.3147
1761097808550,1002.3167
1761097808570,1002.3158
1761097808590,1002.3319
1761097808610,1002.3263
1761097808630,1002.3192
1761097808649,1002.5028
1761097808669,1002.40063
1761097808690,1002.33594
1761097808710,1002.3247
