1760634842146,1001.16736
1760634842166,1001.1536
1760634842185,1001.1964
1760634842205,1001.1951
1760634842226,1001.1736
1760634842246,1001.09796
1760634842266,1001.03186
1760634842287,1001.01764
1760634842306,1000.9945
1760634842326,1000.90485
1760634842346,1000.97314
1760634842366,1000.8669
1760634842386,1000.85956
1760634842406,1000.7456
1760634842426,1000.70575
1760634842445,1000.64966
1760634842466,1000.5619
1760634842486,1000.5602
1760634842506,1000.6264
1760634842526,1000.70154
1760634842546,1000.7603
1760634842565,1000.7495
1760634842586,1000.7487
1760634842606,1000.71234
1760634842627,1000.7875
1760634842646,1000.85345
1760634842666,1000.84906
1760634842686,1000.8186
1760634842706,1000.77405
1760634842727,1000.72705
1760634842746,1000.7486
1760634842766,1000.7678
1760634842786,1000.7406
1760634842806,1000.71356
1760634842827,1000.7711
1760634842847,1000.7686
1760634842866,1000.8017
1760634842886,1000.8167
1760634842906,1000.8464
1760634842926,1000.8575
1760634842947,1000.8899
1760634842967,1000.9127
1760634842986,1000.91565
1760634843006,1000.90594
1760634843027,1000.9358
1760634843046,1000.993
1760634843067,1000.966
1760634843086,1000.9855
1760634843106,1000.98236
1760634843126,1000.9739
1760634843146,1000.9839
1760634843166,1001.0055
1760634843187,1000.9895
1760634843206,1000.9814
1760634843226,1000.9547
1760634843246,1000.9509
1760634843266,1000.9589
1760634843286,1000.9972
1760634843306,1001.01294
1760634843327,1001.017
1760634843346,1001.0664
1760634843366,1001.08124
1760634843387,1001.08575
1760634843407,1001.1116
1760634843425,1001.1106
1760634843446,1001.1081
1760634843466,1001.10187
1760634843486,1001.1145
1760634843506,1001.0737
1760634843527,1001.08496
1760634843546,1001.08923
1760634843566,1001.0708
1760634843586,1001.0778
1760634843606,1001.0608
1760634843627,1001.0273
1760634843646,1001.03174
1760634843666,1001.03455
1760634843686,1001.0531
1760634843706,1001.0422
1760634843726,1001.04877
1760634843747,1001.08484
1760634843766,1001.0659
1760634843786,1001.0759
1760634843806,1001.0997
1760634843827,1001.0641
1760634843847,1001.0748
1760634843867,1001.0879
1760634843886,1001.09235
1760634843906,1001.10486
1760634843926,1001.10156
1760634843946,1001.1344
1760634843966,1001.10095
1760634843986,1001.132
1760634844006,1001.15015
1760634844026,1001.14
1760634844046,1001.1322
1760634844066,1001.1337
1760634844092,1001.15356
1760634844106,1001.1686
1760634844126,1001.1672
1760634844146,1001.145
1760634844166,1001.14514
1760634844186,1001.178
1760634844207,1001.15063
1760634844226,1001.1326
1760634844246,1001.1881
1760634844266,1001.15515
1760634844286,1001.14044
1760634844307,1001.1635
1760634844326,1001.1461
1760634844346,1001.14154
1760634844366,1001.1417
1760634844386,1001.15735
1760634844406,1001.14124
1760634844427,1001.13794
1760634844446,1001.15704
1760634844466,1001.15607
1760634844487,1001.1188
1760634844507,1001.1294
1760634844526,1001.1188
1760634844547,1001.1164
1760634844566,1001.1177
1760634844586,1001.13654
1760634844606,1001.10706
1760634844626,1001.10345
1760634844646,1001.1298
1760634844666,1001.1298
1760634844686,1001.13934
1760634844706,1001.14484
1760634844727,1001.1359
1760634844747,1001.1309
1760634844767,1001.1097
1760634844786,1001.1261
1760634844807,1001.1194
1760634844826,1001.1184
1760634844847,1001.0719
1760634844867,1001.0553
1760634844887,1001.07513
1760634844906,1001.0687
1760634844926,1001.0631
1760634844946,1001.0372
1760634844966,1001.0597
1760634844986,1001.07294
1760634845006,1001.0611
1760634845026,1001.08405
1760634845047,1001.0612
1760634845067,1001.0617
1760634845086,1001.0751
1760634845107,1001.0812
1760634845126,1001.0758
1760634845146,1001.1
1760634845166,1001.1298
1760634845187,1001.13153
1760634845207,1001.1276
1760634845226,1001.1253
1760634845246,1001.1239
1760634845267,1001.1326
1760634845286,1001.15375
1760634845306,1001.1364
1760634845327,1001.15625
1760634845346,1001.1362
1760634845366,1001.14905
1760634845386,1001.15283
1760634845409,1001.14514
1760634845426,1001.1295
1760634845447,1001.1578
1760634845466,1001.145
1760634845486,1001.15076
1760634845507,1001.1781
1760634845527,1001.1708
1760634845547,1001.1611
1760634845566,1001.15845
1760634845586,1001.1189
1760634845606,1001.1636
1760634845626,1001.145
1760634845647,1001.14435
1760634845667,1001.1372
1760634845686,1001.1248
1760634845706,1001.1214
1760634845727,1001.1117
1760634845747,1001.1344
1760634845767,1001.1175
1760634845787,1001.145
1760634845806,1001.1325
1760634845826,1001.1181
1760634845847,1001.1253
1760634845867,1001.0975
1760634845887,1001.1166
1760634845906,1001.09406
1760634845926,1001.1247
1760634845946,1001.1114
1760634845966,1001.1117
1760634845987,1001.1127
1760634846008,1001.0876
1760634846026,1001.04626
1760634846047,1001.0422
1760634846067,1001.04315
1760634846090,1001.08093
1760634846106,1001.09216
1760634846126,1001.09076
1760634846146,1001.10266
1760634846165,1001.1086
1760634846186,1001.10846
1760634846206,1001.08374
1760634846227,1001.08435
1760634846246,1001.1155
1760634846266,1001.1053
1760634846286,1001.10205
1760634846306,1001.1058
1760634846326,1001.1094
1760634846347,1001.0866
1760634846366,1001.07684
1760634846386,1001.0986
1760634846406,1001.09485
1760634846426,1001.10046
1760634846446,1001.1248
1760634846466,1001.09314
1760634846486,1001.1075
1760634846506,1001.115
1760634846527,1001.1248
1760634846547,1001.13983
1760634846567,1001.1337
1760634846586,1001.1256
1760634846606,1001.1259
1760634846626,1001.1116
1760634846646,1001.1
1760634846667,1001.1262
1760634846687,1001.1145
1760634846706,1001.1178
1760634846726,1001.1067
1760634846746,1001.08936
1760634846767,1001.09314
1760634846787,1001.1192
1760634846807,1001.0673
1760634846827,1001.0853
1760634846846,1001.07544
1760634846867,1001.0836
1760634846887,1001.1114
1760634846907,1001.10547
1760634846926,1001.1042
1760634846947,1001.0684
1760634846966,1001.0737
1760634846986,1001.08655
1760634847007,1001.09796
1760634847027,1001.0903
1760634847047,1001.08844
1760634847066,1001.09076
1760634847087,1001.105
1760634847107,1001.08264
1760634847127,1001.0803
1760634847146,1001.08704
1760634847166,1001.0708
1760634847186,1001.0602
1760634847207,1001.0792
1760634847227,1001.089
1760634847247,1001.0822
1760634847266,1001.0831
1760634847286,1001.0759
1760634847307,1001.09796
1760634847326,1001.08795
1760634847347,1001.0701
1760634847367,1001.07404
1760634847386,1001.0636
1760634847406,1001.0419
1760634847426,1001.02673
1760634847446,1001.03534
1760634847467,1001.0422
1760634847486,1001.07
1760634847506,1001.04456
1760634847526,1001.0372
1760634847546,1001.0503
1760634847566,1001.04456
1760634847587,1001.04706
1760634847606,1001.0597
1760634847626,1001.0675
1760634847646,1001.0658
1760634847667,1001.0734
1760634847687,1001.02655
1760634847707,1001.0482
1760634847726,1001.0734
1760634847746,1001.0756
1760634847766,1001.07794
1760634847787,1001.08856
1760634847807,1001.0782
1760634847826,1001.0636
1760634847846,1001.1022
1760634847866,1001.1025
1760634847903,1001.1049
1760634847926,1001.0926
1760634847950,1001.0592
1760634847966,1001.04846
1760634847986,1001.0814
1760634848007,1001.08124
1760634848027,1001.0709
1760634848047,1001.0864
1760634848066,1001.0686
1760634848087,1001.0453
1760634848105,1001.0662
1760634848126,1001.0564
1760634848147,1001.0768
1760634848166,1001.0656
1760634848186,1001.0059
1760634848206,1001.0528
1760634848226,1001.0522
1760634848246,1001.02875
1760634848267,1001.04846
1760634848286,1001.0189
1760634848307,1001.0016
1760634848326,1001.0044
1760634848346,1000.92883
1760634848367,1000.9405
1760634848386,1000.90497
1760634848406,1000.9158
1760634848426,1000.91187
1760634848446,1000.938
1760634848466,1000.91595
1760634848488,1000.9468
1760634848506,1000.9186
1760634848526,1000.9383
1760634848546,1000.9319
1760634848566,1000.9433
1760634848586,1000.9386
1760634848607,1000.90784
1760634848626,1000.8939
1760634848646,1000.91174
1760634848666,1000.9252
1760634848686,1000.9319
1760634848706,1000.92346
1760634848726,1000.927
1760634848746,1000.9386
1760634848768,1000.9487
1760634848786,1000.9305
1760634848806,1000.9401
1760634848828,1000.9606
1760634848846,1000.96075
1760634848866,1001.01
1760634848887,1001.01514
1760634848907,1001.0197
1760634848926,1001.01154
1760634848947,1001.0636
1760634848966,1001.02466
1760634848986,1001.02795
1760634849006,1000.9878
1760634849026,1000.99994
1760634849047,1000.97284
1760634849066,1000.9394
1760634849086,1000.9255
1760634849106,1000.9231
1760634849127,1000.9472
1760634849147,1000.9597
1760634849167,1000.943
1760634849186,1000.96216
1760634849207,1000.98206
1760634849226,1000.9839
1760634849247,1000.96814
1760634849267,1000.96765
1760634849288,1000.9459
1760634849306,1000.95703
1760634849326,1000.97375
1760634849347,1000.97125
1760634849368,1000.9322
1760634849387,1000.9387
1760634849407,1000.9572
1760634849426,1000.9547
1760634849446,1000.96405
1760634849466,1000.9614
1760634849486,1000.98047
1760634849507,1000.99414
1760634849526,1001.0055
1760634849546,1000.9855
1760634849566,1000.9817
1760634849586,1000.9783
1760634849607,1000.9855
1760634849626,1000.98987
1760634849646,1000.9934
1760634849666,1000.9775
1760634849686,1001.0019
1760634849707,1000.99286
1760634849727,1000.9651
1760634849746,1000.9736
1760634849766,1000.98065
1760634849786,1000.9794
1760634849806,1000.95
1760634849826,1000.966
1760634849847,1000.94086
1760634849866,1000.9883
1760634849886,1000.9881
1760634849907,1000.9589
1760634849926,1000.9511
1760634849947,1000.933
1760634849966,1000.9461
1760634849986,1000.95154
1760634850006,1000.9581
1760634850026,1000.95044
1760634850047,1000.95044
1760634850067,1000.952
1760634850089,1000.9511
1760634850106,1000.9736
1760634850125,1000.987
1760634850146,1000.98065
1760634850166,1001.0023
1760634850187,1000.9991
1760634850206,1000.9948
1760634850226,1001.00903
1760634850246,1001.0089
1760634850267,1000.98346
1760634850287,1001.01294
1760634850306,1001.00653
1760634850326,1001.0044
1760634850346,1001.0041
1760634850366,1000.98627
1760634850387,1001.002
1760634850407,1000.96857
1760634850426,1001.0005
1760634850446,1000.9842
1760634850466,1000.9931
1760634850486,1000.9509
1760634850507,1000.98
1760634850527,1000.96936
1760634850546,1000.96606
1760634850566,1000.9628
1760634850586,1000.97375
1760634850606,1000.9472
1760634850627,1000.95825
1760634850646,1000.9528
1760634850666,1000.9586
1760634850686,1000.9942
1760634850706,1000.96857
1760634850727,1000.9861
1760634850748,1000.9546
1760634850767,1000.97736
1760634850786,1000.9778
1760634850807,1000.96326
1760634850828,1000.9828
1760634850847,1000.94617
1760634850868,1000.95044
1760634850887,1000.9487
1760634850906,1000.9497
1760634850926,1000.97205
1760634850946,1000.96875
1760634850967,1000.9449
1760634850986,1000.9394
1760634851006,1000.9492
1760634851026,1000.9228
1760634851046,1000.9192
1760634851067,1000.9471
1760634851087,1000.9547
1760634851106,1000.94904
1760634851126,1000.97437
1760634851146,1001.02216
1760634851167,1001.0076
1760634851188,1001.03625
1760634851206,1001.0513
1760634851226,1001.02686
1760634851246,1001.02856
1760634851266,1001.0062
1760634851287,1001.0323
1760634851307,1001.0116
1760634851327,1001.03174
1760634851346,1001.0139
1760634851366,1000.98376
1760634851386,1000.9917
1760634851407,1001.0
1760634851427,1001.02423
1760634851446,1001.005
1760634851466,1001.0122
1760634851486,1001.01953
1760634851507,1001.00464
1760634851527,1001.02856
1760634851546,1000.9955
1760634851566,1000.97736
1760634851586,1000.97437
1760634851607,1000.9794
1760634851627,1000.9955
1760634851648,1001.0044
1760634851667,1001.003
1760634851687,1001.0112
1760634851706,1001.0008
1760634851727,1001.0497
1760634851748,1001.02905
1760634851768,1001.0133
1760634851787,1001.03107
1760634851807,1000.995
1760634851827,1001.0161
1760634851847,1001.0158
1760634851867,1000.993
1760634851886,1000.993
1760634851906,1000.9972
1760634851926,1000.9888
1760634851946,1001.0081
1760634851966,1000.9855
1760634851987,1001.0047
1760634852006,1000.9789
1760634852026,1000.98126
1760634852046,1000.9961
1760634852066,1001.0026
1760634852087,1000.9963
1760634852107,1000.97766
1760634852126,1000.96326
1760634852146,1000.9414
1760634852166,1000.9514
1760634852186,1000.96106
1760634852206,1000.9511
1760634852226,1000.95184
1760634852246,1000.9495
1760634852266,1000.9339
1760634852286,1000.9334
1760634852306,1000.9514
1760634852327,1000.9216
1760634852346,1000.9308
1760634852366,1000.9377
1760634852386,1000.9089
1760634852406,1000.8914
1760634852426,1000.8717
1760634852447,1000.84705
1760634852466,1000.8758
1760634852486,1000.91315
1760634852506,1000.90045
1760634852527,1000.9153
1760634852547,1000.8965
1760634852566,1000.92017
1760634852586,1000.90674
1760634852606,1000.9373
1760634852626,1000.9297
1760634852647,1000.9231
1760634852667,1000.94617
1760634852686,1000.9292
1760634852706,1000.90717
1760634852726,1000.9158
1760634852746,1000.90924
1760634852767,1000.9047
1760634852786,1000.9426
1760634852808,1000.9331
1760634852826,1000.8975
1760634852846,1000.9255
1760634852867,1000.9197
1760634852887,1000.9455
1760634852906,1000.9416
1760634852925,1000.9203
1760634852946,1000.89325
1760634852966,1000.92096
1760634852987,1000.9219
1760634853007,1000.94135
1760634853027,1000.8762
1760634853046,1000.8805
1760634853066,1000.8464
1760634853086,1000.8658
1760634853107,1000.84436
1760634853126,1000.85187
1760634853146,1000.882
1760634853166,1000.8897
1760634853186,1000.90924
1760634853206,1000.8837
1760634853227,1000.8819
1760634853246,1000.9216
1760634853266,1000.8805
1760634853287,1000.8772
1760634853307,1000.8706
1760634853326,1000.8672
1760634853347,1000.9173
1760634853367,1000.8931
1760634853386,1000.90155
1760634853406,1000.92096
1760634853426,1000.91376
1760634853446,1000.9128
1760634853466,1000.89703
1760634853486,1000.90314
1760634853506,1000.8853
1760634853526,1000.90173
1760634853548,1000.8897
1760634853568,1000.89
1760634853586,1000.91064
1760634853607,1000.91034
1760634853626,1000.90094
1760634853647,1000.89575
1760634853667,1000.8908
1760634853688,1000.9227
1760634853706,1000.8755
1760634853726,1000.90857
1760634853746,1000.90674
1760634853767,1000.8936
1760634853787,1000.91364
1760634853807,1000.8889
1760634853827,1000.88403
1760634853846,1000.8914
1760634853867,1000.8641
1760634853888,1000.885
1760634853907,1000.8964
1760634853926,1000.8691
1760634853946,1000.8778
1760634853966,1000.89453
1760634853986,1000.84955
1760634854006,1000.88654
1760634854026,1000.86237
1760634854046,1000.867
1760634854066,1000.8553
1760634854087,1000.8903
1760634854106,1000.8772
1760634854127,1000.9129
1760634854147,1000.8942
1760634854166,1000.92346
1760634854187,1000.9348
1760634854207,1000.8875
1760634854226,1000.89844
1760634854247,1000.9128
1760634854266,1000.8784
1760634854286,1000.90063
1760634854306,1000.91125
1760634854327,1000.90076
1760634854346,1000.8844
1760634854366,1000.9114
1760634854386,1000.91846
1760634854406,1000.89905
1760634854426,1000.8872
1760634854446,1000.8719
1760634854466,1000.8797
1760634854486,1000.8769
1760634854506,1000.85156
1760634854527,1000.86237
1760634854547,1000.85516
1760634854567,1000.85046
1760634854587,1000.8018
1760634854606,1000.8022
1760634854626,1000.7658
1760634854646,1000.76825
1760634854667,1000.7623
1760634854687,1000.7672
1760634854706,1000.78656
1760634854726,1000.76935
1760634854746,1000.79706
1760634854766,1000.78687
1760634854787,1000.8083
1760634854807,1000.8095
1760634854826,1000.8139
1760634854846,1000.83044
1760634854866,1000.8144
1760634854886,1000.82654
1760634854907,1000.79443
1760634854928,1000.8052
1760634854946,1000.78156
1760634854966,1000.79266
1760634854986,1000.77936
1760634855006,1000.7897
1760634855026,1000.79
1760634855046,1000.7576
1760634855066,1000.76733
1760634855086,1000.75653
1760634855106,1000.8025
1760634855126,1000.7841
1760634855147,1000.78546
1760634855167,1000.78046
1760634855186,1000.7958
1760634855206,1000.7875
1760634855227,1000.8025
1760634855247,1000.8195
1760634855267,1000.8192
1760634855286,1000.7992
1760634855306,1000.78015
1760634855326,1000.7944
1760634855347,1000.81415
1760634855367,1000.8137
1760634855386,1000.8098
1760634855406,1000.8088
1760634855426,1000.7933
1760634855446,1000.83594
1760634855466,1000.8114
1760634855487,1000.82263
1760634855506,1000.8083
1760634855526,1000.8125
1760634855547,1000.8127
1760634855567,1000.83344
1760634855587,1000.79694
1760634855607,1000.8139
1760634855626,1000.8125
1760634855647,1000.8172
1760634855666,1000.8031
1760634855687,1000.8248
1760634855707,1000.846
1760634855726,1000.83563
1760634855746,1000.8328
1760634855766,1000.85956
1760634855786,1000.8031
1760634855807,1000.822
1760634855827,1000.8486
1760634855846,1000.8131
1760634855866,1000.83295
1760634855886,1000.7908
1760634855906,1000.8064
1760634855926,1000.82935
1760634855946,1000.8172
1760634855966,1000.8145
1760634855986,1000.81
1760634856006,1000.825
1760634856026,1000.83154
1760634856047,1000.83264
1760634856066,1000.85657
1760634856086,1000.8748
1760634856106,1000.8734
1760634856126,1000.8875
1760634856147,1000.8408
1760634856167,1000.859
1760634856186,1000.8331
1760634856206,1000.8547
1760634856226,1000.8389
1760634856246,1000.84937
1760634856268,1000.8272
1760634856287,1000.845
1760634856306,1000.8155
1760634856326,1000.7753
1760634856347,1000.77124
1760634856367,1000.77435
1760634856387,1000.8027
1760634856406,1000.7969
1760634856426,1000.8256
1760634856446,1000.8244
1760634856466,1000.83154
1760634856486,1000.83234
1760634856507,1000.804
1760634856526,1000.8105
1760634856546,1000.8175
1760634856566,1000.8131
1760634856586,1000.83765
1760634856607,1000.8231
1760634856626,1000.83435
1760634856646,1000.83624
1760634856666,1000.8217
1760634856687,1000.82733
1760634856707,1000.83093
1760634856728,1000.84015
1760634856747,1000.8039
1760634856767,1000.7969
1760634856786,1000.8075
1760634856807,1000.8086
1760634856827,1000.8354
1760634856847,1000.83234
1760634856867,1000.7897
1760634856887,1000.83875
1760634856907,1000.807
1760634856927,1000.8106
1760634856946,1000.8045
1760634856967,1000.7839
1760634856986,1000.7992
1760634857006,1000.7944
1760634857027,1000.795
1760634857047,1000.8087
1760634857068,1000.8019
1760634857086,1000.8328
1760634857106,1000.83923
1760634857126,1000.8139
1760634857146,1000.8122
1760634857167,1000.8161
1760634857186,1000.8148
1760634857206,1000.84454
1760634857226,1000.83466
1760634857247,1000.8758
1760634857267,1000.8708
1760634857287,1000.85266
1760634857306,1000.83765
1760634857326,1000.83154
1760634857346,1000.84796
1760634857367,1000.84595
1760634857387,1000.83325
1760634857407,1000.8339
1760634857426,1000.84375
1760634857446,1000.8033
1760634857466,1000.8017
1760634857487,1000.7911
1760634857506,1000.8003
1760634857526,1000.8214
1760634857546,1000.8284
1760634857566,1000.78876
1760634857587,1000.7958
1760634857607,1000.8161
1760634857628,1000.77844
1760634857647,1000.8014
1760634857667,1000.77686
1760634857686,1000.78314
1760634857707,1000.78577
1760634857727,1000.7922
1760634857748,1000.79706
1760634857766,1000.7992
1760634857787,1000.77295
1760634857806,1000.7983
1760634857827,1000.76416
1760634857846,1000.79266
1760634857866,1000.8098
1760634857886,1000.8031
1760634857907,1000.78107
1760634857927,1000.78156
1760634857947,1000.7967
1760634857967,1000.77594
1760634857986,1000.79987
1760634858006,1000.79047
1760634858027,1000.7872
1760634858046,1000.79
1760634858066,1000.78876
1760634858087,1000.7861
1760634858106,1000.77545
1760634858126,1000.7523
1760634858146,1000.71
1760634858166,1000.6802
1760634858187,1000.6211
1760634858206,1000.6367
1760634858226,1000.65045
1760634858246,1000.6373
1760634858266,1000.65936
1760634858287,1000.7083
1760634858307,1000.74445
1760634858326,1000.76733
1760634858346,1000.7467
1760634858367,1000.7598
1760634858387,1000.76874
1760634858408,1000.7528
1760634858428,1000.78894
1760634858446,1000.7623
1760634858466,1000.7839
1760634858485,1000.78204
1760634858507,1000.7755
1760634858527,1000.77814
1760634858547,1000.7586
1760634858566,1000.7981
1760634858586,1000.76544
1760634858606,1000.78265
1760634858626,1000.7797
1760634858648,1000.7697
1760634858666,1000.8014
1760634858686,1000.7659
1760634858707,1000.77094
1760634858727,1000.742
1760634858761,1000.7509
1760634858779,1000.7643
1760634858787,1000.78876
1760634858814,1000.7724
1760634858830,1000.76953
1760634858846,1000.7381
1760634858866,1000.78296
1760634858886,1000.73987
1760634858906,1000.7537
1760634858926,1000.7509
1760634858946,1000.78076
1760634858966,1000.7655
1760634858987,1000.7537
1760634859006,1000.76764
1760634859027,1000.77435
1760634859047,1000.7569
1760634859066,1000.7389
1760634859087,1000.7414
1760634859105,1000.7303
1760634859126,1000.7011
1760634859146,1000.72406
1760634859166,1000.71857
1760634859186,1000.76117
1760634859207,1000.73285
1760634859226,1000.7356
1760634859246,1000.7247
1760634859266,1000.7364
1760634859287,1000.7438
1760634859308,1000.70044
1760634859328,1000.74066
1760634859346,1000.72107
1760634859366,1000.6994
1760634859387,1000.70624
1760634859406,1000.7036
1760634859428,1000.7117
1760634859446,1000.71857
1760634859466,1000.6951
1760634859486,1000.7308
1760634859506,1000.7075
1760634859526,1000.7185
1760634859547,1000.72424
1760634859566,1000.72876
1760634859586,1000.71234
1760634859607,1000.73846
1760634859626,1000.73596
1760634859646,1000.71625
1760634859668,1000.7267
1760634859686,1000.7581
1760634859707,1000.71515
1760634859727,1000.7253
1760634859747,1000.7408
1760634859767,1000.7417
1760634859787,1000.7428
1760634859806,1000.72815
1760634859826,1000.7011
1760634859846,1000.6997
1760634859867,1000.7251
1760634859887,1000.6978
1760634859906,1000.72516
1760634859926,1000.70966
1760634859946,1000.7089
1760634859966,1000.70575
1760634859987,1000.69836
1760634860007,1000.70013
1760634860026,1000.702
1760634860046,1000.7036
1760634860066,1000.6664
1760634860087,1000.6866
1760634860107,1000.71466
1760634860127,1000.67377
1760634860147,1000.6813
1760634860167,1000.6936
1760634860186,1000.6928
1760634860206,1000.71533
1760634860227,1000.724
1760634860246,1000.70294
1760634860267,1000.7034
1760634860287,1000.70184
1760634860307,1000.72705
1760634860327,1000.7161
1760634860347,1000.70483
1760634860366,1000.6912
1760634860387,1000.6994
1760634860407,1000.683
1760634860426,1000.69543
1760634860447,1000.7025
1760634860466,1000.6917
1760634860486,1000.7081
1760634860506,1000.7239
1760634860526,1000.7033
1760634860546,1000.693
1760634860567,1000.74316
1760634860586,1000.72565
1760634860606,1000.71674
1760634860626,1000.6781
1760634860647,1000.67126
1760634860667,1000.6916
1760634860686,1000.6969
1760634860706,1000.6951
1760634860726,1000.6852
1760634860747,1000.71295
1760634860766,1000.683
1760634860787,1000.6802
1760634860806,1000.67017
1760634860826,1000.6945
1760634860849,1000.6926
1760634860866,1000.6819
1760634860886,1000.6906
1760634860907,1000.6877
1760634860926,1000.6783
1760634860946,1000.6767
1760634860965,1000.6733
1760634860986,1000.6934
1760634861006,1000.7022
1760634861026,1000.6816
1760634861046,1000.6919
1760634861066,1000.6755
1760634861086,1000.6814
1760634861106,1000.66986
1760634861126,1000.67017
1760634861146,1000.66705
1760634861166,1000.6905
1760634861186,1000.66516
1760634861207,1000.66296
1760634861227,1000.69293
1760634861247,1000.7
1760634861266,1000.6892
1760634861286,1000.6926
1760634861306,1000.695
1760634861326,1000.7014
1760634861347,1000.6944
1760634861366,1000.66486
1760634861386,1000.67377
1760634861407,1000.65295
1760634861426,1000.65875
1760634861446,1000.66406
1760634861467,1000.6873
1760634861486,1000.65814
1760634861506,1000.6728
1760634861526,1000.6912
1760634861546,1000.69403
1760634861567,1000.6769
1760634861587,1000.6961
1760634861606,1000.6845
1760634861626,1000.66455
1760634861647,1000.6692
1760634861666,1000.6842
1760634861687,1000.6577
1760634861706,1000.6758
1760634861726,1000.6728
1760634861746,1000.66876
1760634861766,1000.6894
1760634861787,1000.6969
1760634861807,1000.7116
1760634861827,1000.65985
1760634861846,1000.6847
1760634861867,1000.6769
1760634861886,1000.6869
1760634861907,1000.66156
1760634861927,1000.6439
1760634861946,1000.65515
1760634861966,1000.6367
1760634861986,1000.6453
1760634862006,1000.6545
1760634862027,1000.6486
1760634862047,1000.6667
1760634862066,1000.65234
1760634862087,1000.6256
1760634862106,1000.605
1760634862127,1000.6317
1760634862147,1000.59235
1760634862166,1000.6244
1760634862186,1000.65234
1760634862206,1000.6183
1760634862227,1000.64954
1760634862246,1000.65906
1760634862266,1000.65125
1760634862286,1000.6799
1760634862306,1000.65814
1760634862326,1000.6467
1760634862346,1000.62286
1760634862367,1000.64087
1760634862386,1000.6409
1760634862406,1000.6309
1760634862426,1000.64343
1760634862447,1000.65765
1760634862466,1000.6216
1760634862487,1000.6542
1760634862506,1000.64905
1760634862526,1000.6111
1760634862546,1000.65875
1760634862566,1000.6417
1760634862587,1000.6307
1760634862607,1000.6158
1760634862626,1000.6425
1760634862646,1000.627
1760634862666,1000.6305
1760634862687,1000.6515
1760634862707,1000.6456
1760634862726,1000.65765
1760634862747,1000.6283
1760634862767,1000.64
1760634862787,1000.6328
1760634862807,1000.6389
1760634862827,1000.6787
1760634862846,1000.6303
1760634862866,1000.62
1760634862887,1000.6328
1760634862907,1000.627
1760634862927,1000.64233
1760634862946,1000.6186
1760634862966,1000.6292
1760634862986,1000.65204
1760634863006,1000.6389
1760634863027,1000.6303
1760634863047,1000.6267
1760634863066,1000.6464
1760634863086,1000.6089
1760634863106,1000.6406
1760634863126,1000.65515
1760634863146,1000.65265
1760634863167,1000.6257
1760634863186,1000.63934
1760634863206,1000.615
1760634863226,1000.6103
1760634863246,1000.59186
1760634863267,1000.6122
1760634863287,1000.6075
1760634863306,1000.59875
1760634863326,1000.58875
1760634863346,1000.60187
1760634863366,1000.6193
1760634863387,1000.6202
1760634863406,1000.6431
1760634863426,1000.6373
1760634863446,1000.60706
1760634863466,1000.6236
1760634863487,1000.6336
1760634863506,1000.6289
1760634863526,1000.6145
1760634863546,1000.6289
1760634863566,1000.617
1760634863587,1000.5912
1760634863607,1000.57684
1760634863626,1000.60315
1760634863646,1000.6022
1760634863666,1000.6108
1760634863687,1000.6175
1760634863706,1000.60205
1760634863727,1000.58923
1760634863746,1000.5637
1760634863766,1000.5789
1760634863786,1000.57904
1760634863807,1000.59424
1760634863827,1000.58704
1760634863846,1000.60205
1760634863866,1000.6155
1760634863886,1000.57404
1760634863906,1000.5564
1760634863926,1000.57153
1760634863947,1000.5814
1760634863966,1000.61096
1760634863986,1000.6122
1760634864006,1000.66455
1760634864026,1000.6344
1760634864047,1000.64453
1760634864067,1000.6353
1760634864087,1000.6128
1760634864106,1000.5695
1760634864126,1000.6108
1760634864147,1000.5804
1760634864167,1000.6301
1760634864186,1000.6281
1760634864206,1000.6133
1760634864226,1000.605
1760634864246,1000.6189
1760634864266,1000.5864
1760634864287,1000.57794
1760634864306,1000.59076
1760634864326,1000.5813
1760634864346,1000.5673
1760634864366,1000.57294
1760634864387,1000.5387
1760634864407,1000.5603
1760634864426,1000.58435
1760634864445,1000.59357
1760634864466,1000.6389
1760634864486,1000.6356
1760634864507,1000.64996
1760634864526,1000.6213
1760634864546,1000.6291
1760634864566,1000.63654
1760634864586,1000.64044
1760634864607,1000.6241
1760634864627,1000.6225
1760634864647,1000.66156
1760634864666,1000.64813
1760634864686,1000.6264
1760634864707,1000.60376
1760634864727,1000.627
1760634864747,1000.64764
1760634864766,1000.6289
1760634864786,1000.64484
1760634864806,1000.6275
1760634864827,1000.6372
1760634864847,1000.6233
1760634864866,1000.6242
1760634864886,1000.6172
1760634864906,1000.6283
1760634864926,1000.6181
1760634864947,1000.6339
1760634864966,1000.617
1760634864986,1000.6022
1760634865006,1000.60986
1760634865026,1000.58044
1760634865046,1000.5842
1760634865067,1000.58325
1760634865086,1000.60046
1760634865107,1000.5644
1760634865126,1000.615
1760634865147,1000.58813
1760634865167,1000.5672
1760634865187,1000.5946
1760634865206,1000.60547
1760634865227,1000.6039
1760634865247,1000.5775
1760634865267,1000.59106
1760634865287,1000.5608
1760634865307,1000.5853
1760634865326,1000.59106
1760634865346,1000.5603
1760634865367,1000.5591
1760634865387,1000.5666
1760634865407,1000.5701
1760634865426,1000.58936
1760634865447,1000.5533
1760634865466,1000.58966
1760634865486,1000.5678
1760634865507,1000.55597
1760634865527,1000.5499
1760634865546,1000.5775
1760634865566,1000.5744
1760634865586,1000.54156
1760634865607,1000.57153
1760634865627,1000.5616
1760634865647,1000.5634
1760634865666,1000.5497
1760634865686,1000.5545
1760634865706,1000.5525
1760634865726,1000.5723
1760634865748,1000.5758
1760634865767,1000.54736
1760634865786,1000.5467
1760634865806,1000.5658
1760634865826,1000.5573
1760634865846,1000.5723
1760634865866,1000.5506
1760634865886,1000.5577
1760634865906,1000.54596
1760634865926,1000.54346
1760634865947,1000.53143
1760634865966,1000.57794
1760634865987,1000.54083
1760634866006,1000.5545
1760634866026,1000.5458
1760634866046,1000.5659
1760634866067,1000.57654
1760634866087,1000.53253
1760634866106,1000.57544
1760634866126,1000.54596
1760634866146,1000.5625
1760634866166,1000.5659
1760634866187,1000.57526
1760634866207,1000.5511
1760634866226,1000.5687
1760634866246,1000.5558
1760634866266,1000.5495
1760634866287,1000.55096
1760634866307,1000.553
1760634866328,1000.53217
1760634866346,1000.5531
1760634866366,1000.53595
1760634866386,1000.5475
1760634866407,1000.5456
1760634866427,1000.5541
1760634866449,1000.5364
1760634866466,1000.5444
1760634866486,1000.53235
1760634866506,1000.55096
1760634866527,1000.52814
1760634866547,1000.55133
1760634866566,1000.5597
1760634866586,1000.5603
1760634866607,1000.5717
1760634866626,1000.5573
1760634866647,1000.53784
1760634866666,1000.53015
1760634866686,1000.5447
1760634866707,1000.54126
1760634866726,1000.52484
1760634866747,1000.54095
1760634866768,1000.52515
1760634866786,1000.53674
1760634866806,1000.54156
1760634866827,1000.5114
1760634866846,1000.53595
1760634866866,1000.51306
1760634866887,1000.51624
1760634866906,1000.51843
1760634866926,1000.51825
1760634866946,1000.5214
1760634866966,1000.552
1760634866986,1000.5417
1760634867006,1000.53204
1760634867026,1000.5097
1760634867046,1000.535
1760634867066,1000.5067
1760634867087,1000.52826
1760634867107,1000.5131
1760634867127,1000.52094
1760634867147,1000.53235
1760634867166,1000.512
1760634867187,1000.4914
1760634867207,1000.4894
1760634867227,1000.4814
1760634867247,1000.4817
1760634867267,1000.505
1760634867286,1000.5164
1760634867307,1000.5064
1760634867328,1000.5139
1760634867346,1000.5203
1760634867366,1000.4847
1760634867387,1000.5097
1760634867407,1000.5098
1760634867427,1000.498
1760634867448,1000.5017
1760634867466,1000.4983
1760634867486,1000.4794
1760634867506,1000.4836
1760634867527,1000.52985
1760634867547,1000.48615
1760634867567,1000.4962
1760634867586,1000.4877
1760634867607,1000.50995
1760634867626,1000.5012
1760634867647,1000.53613
1760634867667,1000.4899
1760634867686,1000.5136
1760634867706,1000.5008
1760634867726,1000.51013
1760634867746,1000.5156
1760634867767,1000.47675
1760634867787,1000.508
1760634867806,1000.5003
1760634867826,1000.53186
1760634867846,1000.4975
1760634867866,1000.5055
1760634867887,1000.4739
1760634867906,1000.47
1760634867926,1000.4775
1760634867946,1000.4725
1760634867966,1000.4853
1760634867986,1000.4833
1760634868007,1000.4842
1760634868026,1000.47455
1760634868046,1000.45374
1760634868066,1000.46265
1760634868086,1000.47327
1760634868107,1000.4384
1760634868128,1000.4409
1760634868146,1000.46936
1760634868166,1000.47217
1760634868186,1000.4941
1760634868207,1000.46405
1760634868227,1000.47546
1760634868246,1000.4778
1760634868267,1000.4831
1760634868286,1000.4789
1760634868306,1000.47687
1760634868326,1000.5164
1760634868347,1000.5036
1760634868366,1000.485
1760634868386,1000.4975
1760634868406,1000.4847
1760634868426,1000.5012
1760634868447,1000.46124
1760634868466,1000.4847
1760634868486,1000.4739
1760634868506,1000.4789
1760634868526,1000.4903
1760634868546,1000.4611
1760634868567,1000.4771
1760634868586,1000.47845
1760634868606,1000.47437
1760634868626,1000.46655
1760634868647,1000.46765
1760634868667,1000.46014
1760634868687,1000.4782
1760634868707,1000.4764
1760634868726,1000.4567
1760634868746,1000.4533
1760634868766,1000.4448
1760634868787,1000.4481
1760634868807,1000.45294
1760634868827,1000.4494
1760634868846,1000.46436
1760634868866,1000.46216
1760634868886,1000.4511
1760634868907,1000.46265
1760634868927,1000.45685
1760634868947,1000.46954
1760634868966,1000.443
1760634868986,1000.40717
1760634869006,1000.4389
1760634869026,1000.40594
1760634869046,1000.42206
1760634869066,1000.4458
1760634869086,1000.46
1760634869107,1000.45013
1760634869127,1000.45575
1760634869147,1000.4323
1760634869167,1000.3698
1760634869186,1000.3636
1760634869207,1000.3622
1760634869226,1000.35547
1760634869247,1000.40576
1760634869266,1000.3717
1760634869286,1000.41174
1760634869306,1000.41656
1760634869327,1000.4391
1760634869346,1000.4334
1760634869368,1000.4144
1760634869386,1000.40314
1760634869407,1000.385
1760634869427,1000.39764
1760634869446,1000.40875
1760634869466,1000.4236
1760634869487,1000.4356
1760634869507,1000.42096
1760634869526,1000.432
1760634869546,1000.4545
1760634869567,1000.4324
1760634869587,1000.43
1760634869607,1000.438
1760634869626,1000.4205
1760634869646,1000.40094
1760634869667,1000.4428
1760634869687,1000.4367
1760634869707,1000.39703
1760634869727,1000.42236
1760634869746,1000.445
1760634869766,1000.4342
1760634869786,1000.42126
1760634869807,1000.4469
1760634869826,1000.4297
1760634869846,1000.4291
1760634869867,1000.4372
1760634869887,1000.4261
1760634869907,1000.4261
1760634869927,1000.4333
1760634869946,1000.42206
1760634869966,1000.4214
1760634869986,1000.4372
1760634870006,1000.40454
1760634870027,1000.39044
1760634870047,1000.3811
1760634870066,1000.3686
1760634870086,1000.3942
1760634870106,1000.3837
1760634870126,1000.40283
1760634870147,1000.40515
1760634870167,1000.42096
1760634870186,1000.4369
1760634870206,1000.4362
1760634870226,1000.4451
1760634870247,1000.42737
1760634870268,1000.4589
1760634870287,1000.46423
1760634870306,1000.4417
1760634870326,1000.4401
1760634870346,1000.4406
1760634870367,1000.42474
1760634870388,1000.4309
1760634870406,1000.4361
1760634870426,1000.41907
1760634870447,1000.4458
1760634870466,1000.4745
1760634870487,1000.47217
1760634870506,1000.45233
1760634870526,1000.4578
1760634870546,1000.45685
1760634870567,1000.41986
1760634870587,1000.4189
1760634870608,1000.4473
1760634870626,1000.4299
1760634870647,1000.40717
1760634870666,1000.4111
1760634870687,1000.41345
1760634870708,1000.40845
1760634870727,1000.41437
1760634870746,1000.42737
1760634870767,1000.41815
1760634870786,1000.4338
1760634870807,1000.4289
1760634870827,1000.42346
1760634870847,1000.3953
1760634870867,1000.40533
1760634870887,1000.4164
1760634870907,1000.41345
1760634870927,1000.4302
1760634870947,1000.42523
1760634870966,1000.4323
1760634870986,1000.4361
1760634871006,1000.4453
1760634871026,1000.4483
1760634871047,1000.4306
1760634871066,1000.4422
1760634871086,1000.4356
1760634871107,1000.42035
1760634871126,1000.4391
1760634871147,1000.4391
1760634871167,1000.4448
1760634871186,1000.4553
1760634871207,1000.4256
1760634871226,1000.3878
1760634871246,1000.39294
1760634871266,1000.41345
1760634871287,1000.3924
1760634871306,1000.3878
1760634871326,1000.3742
1760634871346,1000.40393
1760634871366,1000.39844
1760634871388,1000.39044
1760634871406,1000.3836
1760634871426,1000.38763
1760634871446,1000.40436
1760634871466,1000.4283
1760634871486,1000.3928
1760634871507,1000.39984
1760634871526,1000.3928
1760634871546,1000.40204
1760634871566,1000.3892
1760634871586,1000.372
1760634871607,1000.3989
1760634871627,1000.37775
1760634871647,1000.3694
1760634871667,1000.387
1760634871686,1000.39374
1760634871707,1000.38983
1760634871727,1000.4022
1760634871746,1000.3872
1760634871767,1000.39453
1760634871786,1000.3722
1760634871806,1000.3831
1760634871826,1000.3828
1760634871847,1000.3805
1760634871866,1000.41455
1760634871886,1000.373
1760634871906,1000.3953
1760634871926,1000.42377
1760634871947,1000.40283
1760634871967,1000.40125
1760634871986,1000.4364
1760634872006,1000.3939
1760634872026,1000.39453
1760634872047,1000.41846
1760634872068,1000.4153
1760634872086,1000.4325
1760634872106,1000.4344
1760634872126,1000.40814
1760634872146,1000.4241
1760634872166,1000.41205
1760634872187,1000.4391
1760634872206,1000.41766
1760634872226,1000.40485
1760634872246,1000.41345
1760634872266,1000.4412
1760634872287,1000.396
1760634872308,1000.4369
1760634872326,1000.395
1760634872346,1000.4172
1760634872366,1000.39655
1760634872387,1000.39874
1760634872407,1000.40436
1760634872426,1000.39703
1760634872446,1000.4288
1760634872466,1000.4216
1760634872486,1000.4267
1760634872506,1000.4316
1760634872527,1000.416
1760634872546,1000.42236
1760634872566,1000.40594
1760634872586,1000.4114
1760634872607,1000.3967
1760634872628,1000.3911
1760634872646,1000.3836
1760634872666,1000.41064
1760634872686,1000.3928
1760634872706,1000.41125
1760634872726,1000.39343
1760634872747,1000.41046
1760634872767,1000.3975
1760634872786,1000.3806
1760634872806,1000.4242
1760634872826,1000.40454
1760634872846,1000.41565
1760634872867,1000.3915
1760634872886,1000.387
1760634872906,1000.3848
1760634872926,1000.3728
1760634872946,1000.3769
1760634872967,1000.38904
1760634872986,1000.3653
1760634873006,1000.3766
1760634873026,1000.3688
1760634873046,1000.3659
1760634873067,1000.3717
1760634873088,1000.3944
1760634873106,1000.3606
1760634873127,1000.372
1760634873146,1000.3758
1760634873167,1000.3503
1760634873186,1000.3842
1760634873208,1000.37787
1760634873226,1000.3677
1760634873246,1000.3695
1760634873267,1000.3875
1760634873287,1000.3806
1760634873307,1000.3781
1760634873326,1000.3661
1760634873346,1000.39703
1760634873366,1000.3722
1760634873387,1000.3636
1760634873407,1000.3688
1760634873427,1000.3471
1760634873447,1000.375
1760634873466,1000.40674
1760634873486,1000.39935
1760634873506,1000.383
1760634873527,1000.3792
1760634873547,1000.3723
1760634873566,1000.3825
1760634873586,1000.3564
1760634873606,1000.3753
1760634873627,1000.3636
1760634873647,1000.3511
1760634873666,1000.375
1760634873687,1000.35486
1760634873706,1000.34827
1760634873727,1000.3603
1760634873747,1000.3725
1760634873767,1000.36926
1760634873787,1000.3464
1760634873806,1000.3675
1760634873827,1000.3606
1760634873847,1000.3689
1760634873867,1000.3487
1760634873888,1000.34106
1760634873907,1000.3661
1760634873926,1000.34125
1760634873946,1000.358
1760634873966,1000.3636
1760634873986,1000.3672
1760634874006,1000.3642
1760634874026,1000.3244
1760634874046,1000.3283
1760634874066,1000.3198
1760634874087,1000.33765
1760634874107,1000.3489
1760634874127,1000.33484
1760634874146,1000.33075
1760634874167,1000.3464
1760634874186,1000.34674
1760634874206,1000.3644
1760634874226,1000.35376
1760634874246,1000.34424
1760634874267,1000.32684
1760634874286,1000.3286
1760634874307,1000.3066
1760634874326,1000.3415
1760634874347,1000.3709
1760634874366,1000.3895
1760634874386,1000.35516
1760634874406,1000.3775
1760634874427,1000.35565
1760634874447,1000.35876
1760634874466,1000.34784
1760634874486,1000.3692
1760634874506,1000.34436
1760634874527,1000.387
1760634874547,1000.3325
1760634874566,1000.33044
1760634874586,1000.3364
1760634874606,1000.3297
1760634874627,1000.33923
1760634874647,1000.3539
1760634874667,1000.36
1760634874687,1000.3203
1760634874707,1000.3136
1760634874726,1000.29987
1760634874747,1000.3205
1760634874767,1000.2981
1760634874788,1000.3211
1760634874807,1000.32794
1760634874826,1000.33594
1760634874847,1000.32
1760634874867,1000.3116
1760634874887,1000.3198
1760634874906,1000.33685
1760634874926,1000.35657
1760634874947,1000.3525
1760634874967,1000.35
1760634874986,1000.33795
1760634875006,1000.3214
1760634875026,1000.29987
1760634875046,1000.3236
1760634875067,1000.28906
1760634875087,1000.2942
1760634875107,1000.26984
1760634875127,1000.28485
1760634875146,1000.28357
1760634875166,1000.27997
1760634875186,1000.29266
1760634875207,1000.303
1760634875227,1000.27875
1760634875246,1000.2947
1760634875266,1000.29407
1760634875286,1000.27484
1760634875312,1000.26373
1760634875327,1000.28345
1760634875347,1000.28033
1760634875366,1000.2645
1760634875386,1000.2497
1760634875407,1000.2631
1760634875427,1000.2414
1760634875447,1000.28186
1760634875467,1000.27606
1760634875486,1000.2825
1760634875506,1000.2473
1760634875526,1000.2514
1760634875547,1000.28406
1760634875566,1000.28516
1760634875586,1000.29095
1760634875606,1000.2526
1760634875627,1000.26404
1760634875647,1000.2425
1760634875666,1000.27985
1760634875688,1000.24133
1760634875706,1000.2391
1760634875726,1000.28143
1760634875746,1000.26874
1760634875766,1000.2587
1760634875787,1000.2463
1760634875806,1000.2642
1760634875826,1000.2764
1760634875846,1000.29297
1760634875866,1000.28876
1760634875887,1000.29047
1760634875907,1000.3224
1760634875927,1000.2864
1760634875947,1000.29486
1760634875967,1000.2969
1760634875985,1000.2526
1760634876006,1000.279
1760634876027,1000.2722
1760634876046,1000.2983
1760634876066,1000.29596
1760634876086,1000.295
1760634876106,1000.26514
1760634876127,1000.2553
1760634876146,1000.2678
1760634876166,1000.27185
1760634876187,1000.27875
1760634876206,1000.27594
1760634876226,1000.29486
1760634876247,1000.28265
1760634876267,1000.3086
1760634876287,1000.2966
1760634876306,1000.3019
1760634876327,1000.29407
1760634876347,1000.2997
1760634876368,1000.2869
1760634876386,1000.2872
1760634876406,1000.3097
1760634876427,1000.3022
1760634876447,1000.3016
1760634876468,1000.2858
1760634876486,1000.27576
1760634876506,1000.28827
1760634876526,1000.267
1760634876546,1000.26733
1760634876566,1000.27234
1760634876587,1000.3044
1760634876606,1000.29706
1760634876626,1000.3158
1760634876646,1000.3181
1760634876666,1000.3077
1760634876687,1000.3136
1760634876707,1000.3198
1760634876726,1000.3153
1760634876746,1000.2942
1760634876767,1000.28906
1760634876786,1000.28516
1760634876806,1000.27985
1760634876826,1000.3077
1760634876846,1000.32654
1760634876866,1000.3097
1760634876886,1000.28345
1760634876906,1000.2957
1760634876928,1000.2969
1760634876947,1000.2983
1760634876966,1000.2995
1760634876985,1000.29626
1760634877006,1000.28687
1760634877027,1000.3068
1760634877047,1000.2799
1760634877066,1000.29047
1760634877086,1000.27155
1760634877106,1000.26544
1760634877127,1000.27515
1760634877147,1000.28015
1760634877166,1000.2714
1760634877186,1000.27655
1760634877206,1000.26294
1760634877227,1000.27094
1760634877247,1000.28326
1760634877267,1000.28143
1760634877287,1000.2903
1760634877306,1000.2947
1760634877326,1000.27014
1760634877347,1000.27405
1760634877367,1000.2597
1760634877386,1000.2456
1760634877406,1000.28937
1760634877426,1000.28204
1760634877447,1000.243
1760634877467,1000.2484
1760634877487,1000.2219
1760634877506,1000.2491
1760634877526,1000.2442
1760634877546,1000.23737
1760634877567,1000.26263
1760634877587,1000.22845
1760634877607,1000.2495
1760634877626,1000.2609
1760634877646,1000.2367
1760634877666,1000.2556
1760634877686,1000.2534
1760634877707,1000.2598
1760634877727,1000.27765
1760634877747,1000.2598
1760634877766,1000.22675
1760634877786,1000.262
1760634877807,1000.24475
1760634877829,1000.253
1760634877847,1000.2526
1760634877867,1000.27594
1760634877887,1000.258
1760634877907,1000.2475
1760634877927,1000.2517
1760634877948,1000.2526
1760634877966,1000.2503
1760634877986,1000.26373
1760634878006,1000.2542
1760634878027,1000.2519
1760634878047,1000.26654
1760634878067,1000.23737
1760634878086,1000.23737
1760634878106,1000.248
1760634878127,1000.2625
1760634878147,1000.2386
1760634878167,1000.2645
1760634878186,1000.2341
1760634878206,1000.2556
1760634878226,1000.237
1760634878248,1000.2434
1760634878268,1000.2536
1760634878288,1000.24023
1760634878306,1000.22986
1760634878326,1000.21405
1760634878347,1000.2452
1760634878367,1000.2253
1760634878387,1000.24133
1760634878406,1000.21075
1760634878426,1000.21063
1760634878447,1000.21515
1760634878467,1000.23065
1760634878486,1000.23517
1760634878507,1000.20966
1760634878526,1000.20966
1760634878546,1000.2413
1760634878566,1000.2303
1760634878586,1000.21484
1760634878607,1000.22284
1760634878627,1000.2325
1760634878646,1000.2339
1760634878666,1000.2417
1760634878686,1000.23486
1760634878707,1000.2555
1760634878727,1000.218
1760634878747,1000.21814
1760634878766,1000.22687
1760634878786,1000.22955
1760634878806,1000.21423
1760634878826,1000.21594
1760634878847,1000.21844
1760634878866,1000.23126
1760634878886,1000.20374
1760634878906,1000.2081
1760634878926,1000.20984
1760634878947,1000.20685
1760634878966,1000.20953
1760634878986,1000.1953
1760634879006,1000.20013
1760634879026,1000.2008
1760634879046,1000.178
1760634879067,1000.2075
1760634879086,1000.22375
1760634879106,1000.21735
1760634879127,1000.21344
1760634879147,1000.2239
1760634879167,1000.22064
1760634879188,1000.1973
1760634879206,1000.1994
1760634879227,1000.2333
1760634879246,1000.1911
1760634879267,1000.2111
1760634879287,1000.21466
1760634879306,1000.20764
1760634879327,1000.1897
1760634879346,1000.2092
1760634879367,1000.2025
1760634879387,1000.1947
1760634879407,1000.1917
1760634879427,1000.1939
1760634879446,1000.2006
1760634879467,1000.20953
1760634879486,1000.1914
1760634879506,1000.1817
1760634879527,1000.1811
1760634879546,1000.1828
1760634879566,1000.1995
1760634879586,1000.1689
1760634879606,1000.1745
1760634879627,1000.1896
1760634879646,1000.1778
1760634879666,1000.18
1760634879686,1000.1839
1760634879706,1000.1745
1760634879727,1000.1781
1760634879747,1000.1928
1760634879766,1000.16406
1760634879786,1000.1806
1760634879806,1000.16315
1760634879827,1000.1728
1760634879847,1000.16815
1760634879867,1000.1769
1760634879886,1000.20593
1760634879906,1000.15955
1760634879927,1000.1864
1760634879947,1000.1831
1760634879967,1000.188
1760634879986,1000.1861
1760634880006,1000.2275
1760634880026,1000.20575
1760634880046,1000.1958
1760634880067,1000.1723
1760634880088,1000.1592
1760634880106,1000.1816
1760634880127,1000.1792
1760634880147,1000.2006
1760634880166,1000.1833
1760634880187,1000.1881
1760634880207,1000.1942
1760634880226,1000.1764
1760634880246,1000.1403
1760634880266,1000.14966
1760634880287,1000.13544
1760634880308,1000.15497
1760634880326,1000.15906
1760634880346,1000.16327
1760634880366,1000.1764
1760634880386,1000.1403
1760634880407,1000.16296
1760634880427,1000.1722
1760634880447,1000.15466
1760634880466,1000.1864
1760634880486,1000.1839
1760634880507,1000.1543
1760634880527,1000.1447
1760634880546,1000.1303
1760634880566,1000.1647
1760634880586,1000.1467
1760634880606,1000.14575
1760634880626,1000.14453
1760634880647,1000.1301
1760634880666,1000.15515
1760634880686,1000.1478
1760634880705,1000.1761
1760634880725,1000.15424
1760634880746,1000.1775
1760634880767,1000.18854
1760634880785,1000.21423
1760634880806,1000.195
1760634880826,1000.19904
1760634880847,1000.17865
1760634880866,1000.2011
1760634880886,1000.1906
1760634880906,1000.1736
1760634880926,1000.1961
1760634880946,1000.1672
1760634880966,1000.15356
1760634880987,1000.1675
1760634881006,1000.1697
1760634881026,1000.15784
1760634881045,1000.1817
1760634881066,1000.1717
1760634881086,1000.15
1760634881107,1000.1639
1760634881126,1000.14514
1760634881146,1000.14716
1760634881167,1000.1639
1760634881186,1000.1456
1760634881206,1000.16406
1760634881227,1000.15924
1760634881246,1000.1392
1760634881266,1000.1791
1760634881286,1000.15814
1760634881307,1000.14044
1760634881326,1000.1375
1760634881347,1000.15314
1760634881370,1000.14685
1760634881413,1000.1503
1760634881435,1000.1422
1760634881453,1000.1384
1760634881472,1000.1722
1760634881492,1000.14185
1760634881512,1000.1339
1760634881533,1000.15796
1760634881553,1000.1447
1760634881573,1000.1464
1760634881593,1000.1359
1760634881613,1000.15326
1760634881633,1000.14325
1760634881653,1000.1639
1760634881674,1000.18
1760634881693,1000.1486
1760634881713,1000.14825
1760634881733,1000.1622
1760634881754,1000.15857
1760634881774,1000.183
1760634881793,1000.14185
1760634881813,1000.1372
1760634881833,1000.14624
1760634881853,1000.15314
1760634881874,1000.1817
1760634881894,1000.1448
1760634881913,1000.15234
1760634881934,1000.1372
1760634881954,1000.1503
1760634881973,1000.1322
1760634881994,1000.12305
1760634882014,1000.1422
1760634882033,1000.1475
1760634882053,1000.1403
1760634882073,1000.1267
1760634882093,1000.1253
1760634882114,1000.1325
1760634882133,1000.14435
1760634882154,1000.14874
1760634882173,1000.1411
1760634882193,1000.1347
1760634882214,1000.14
1760634882234,1000.1456
1760634882253,1000.13513
1760634882273,1000.1164
1760634882293,1000.1611
1760634882313,1000.1334
1760634882334,1000.14954
1760634882353,1000.1686
1760634882373,1000.16846
1760634882393,1000.1664
1760634882413,1000.1675
1760634882434,1000.1406
1760634882454,1000.142
1760634882473,1000.1372
1760634882493,1000.1191
1760634882513,1000.1216
1760634882533,1000.1158
1760634882554,1000.1233
1760634882575,1000.1172
1760634882593,1000.128
1760634882614,1000.14716
1760634882633,1000.1397
1760634882654,1000.14014
1760634882673,1000.125
1760634882693,1000.1422
1760634882713,1000.15814
1760634882733,1000.1447
1760634882753,1000.13654
1760634882773,1000.1568
1760634882794,1000.1514
1760634882813,1000.14014
1760634882833,1000.1503
1760634882853,1000.15796
1760634882873,1000.1703
1760634882894,1000.14343
1760634882914,1000.14233
1760634882933,1000.1653
1760634882953,1000.15344
1760634882973,1000.128
1760634882994,1000.1406
1760634883014,1000.1386
1760634883033,1000.1467
1760634883054,1000.1302
1760634883073,1000.1241
1760634883094,1000.1195
1760634883114,1000.1451
1760634883134,1000.14795
1760634883153,1000.1367
1760634883173,1000.11346
1760634883193,1000.1289
1760634883213,1000.1194
1760634883234,1000.1056
1760634883254,1000.1194
1760634883273,1000.1194
1760634883293,1000.1269
1760634883313,1000.1322
1760634883333,1000.1286
1760634883354,1000.12054
1760634883373,1000.1414
1760634883393,1000.125
1760634883413,1000.1478
1760634883433,1000.1141
1760634883453,1000.09845
1760634883474,1000.08954
1760634883493,1000.1184
1760634883513,1000.09937
1760634883533,1000.1408
1760634883553,1000.1108
1760634883573,1000.10345
1760634883594,1000.1132
1760634883613,1000.11127
1760634883633,1000.1091
1760634883652,1000.1291
1760634883674,1000.09735
1760634883694,1000.1121
1760634883713,1000.09937
1760634883733,1000.0667
1760634883753,1000.07404
1760634883773,1000.0761
1760634883794,1000.0778
1760634883814,1000.0609
1760634883833,1000.04987
1760634883853,1000.0611
1760634883873,1000.0734
1760634883893,1000.0705
1760634883914,1000.0637
1760634883933,1000.0822
1760634883954,1000.10565
1760634883973,1000.0745
1760634883993,1000.07404
1760634884013,1000.09485
1760634884034,1000.08405
1760634884053,1000.0817
1760634884074,1000.09656
1760634884093,1000.0602
1760634884113,1000.08435
1760634884134,1000.0662
1760634884154,1000.04065
1760634884174,1000.0491
1760634884193,1000.0542
1760634884213,1000.04126
1760634884234,1000.04126
1760634884254,1000.00903
1760634884273,1000.0062
1760634884293,1000.0567
1760634884313,1000.03577
1760634884333,1000.0433
1760634884353,1000.0417
1760634884374,1000.0508
1760634884393,1000.0075
1760634884413,1000.0651
1760634884433,1000.04156
1760634884453,1000.02783
1760634884474,1000.00903
1760634884495,1000.0251
1760634884513,1000.03296
1760634884533,999.9973
1760634884553,999.97
1760634884574,999.96466
1760634884594,999.9628
1760634884613,999.97186
1760634884634,999.9853
1760634884654,999.9928
1760634884673,999.9856
1760634884694,999.99585
1760634884715,999.9548
1760634884734,999.9714
1760634884754,1000.0178
1760634884773,999.9969
1760634884793,1000.0037
1760634884814,999.99567
1760634884835,1000.0282
1760634884853,1000.01013
1760634884874,1000.01404
1760634884893,999.9973
1760634884914,1000.04095
1760634884934,999.9909
1760634884953,1000.0051
1760634884973,1000.01154
1760634884993,1000.0084
1760634885014,1000.0167
1760634885034,1000.0119
1760634885054,1000.0162
1760634885073,1000.0022
1760634885093,1000.02734
1760634885113,1000.02466
1760634885133,999.9983
1760634885154,1000.02014
1760634885174,1000.02814
1760634885193,1000.03296
1760634885213,1000.0067
1760634885233,999.9869
1760634885254,1000.0307
1760634885274,1000.0079
1760634885293,1000.02344
1760634885313,1000.035
1760634885333,1000.0178
1760634885354,1000.02295
1760634885374,1000.0656
1760634885394,1000.0715
1760634885413,1000.0577
1760634885433,1000.0508
1760634885453,1000.0578
1760634885474,1000.0708
1760634885494,1000.05255
1760634885513,1000.0594
1760634885533,1000.0552
1760634885553,1000.0695
1760634885574,1000.0508
1760634885594,1000.0558
1760634885614,1000.03546
1760634885634,1000.0264
1760634885653,1000.04047
1760634885673,1000.02893
1760634885693,1000.03375
1760634885713,1000.0411
1760634885733,1000.0483
1760634885753,1000.0538
1760634885773,1000.058
1760634885793,1000.03064
1760634885813,1000.04156
1760634885834,1000.0545
1760634885853,1000.0528
1760634885873,1000.0544
1760634885893,1000.0634
1760634885913,1000.0517
1760634885934,1000.0235
1760634885954,1000.0101
1760634885973,1000.0145
1760634885993,999.9981
1760634886014,1000.0086
1760634886033,1000.00903
1760634886054,1000.0547
1760634886074,1000.0318
1760634886093,1000.02985
1760634886113,1000.0472
1760634886134,1000.0178
1760634886154,1000.0547
1760634886174,1000.03937
1760634886193,1000.02783
1760634886213,1000.02936
1760634886233,1000.03845
1760634886253,1000.03296
1760634886274,1000.0552
1760634886294,1000.0327
1760634886313,1000.05237
1760634886333,1000.03955
1760634886353,1000.03235
1760634886373,1000.04047
1760634886394,1000.0472
1760634886414,1000.03455
1760634886433,1000.01733
1760634886453,1000.03906
1760634886473,1000.0784
1760634886494,1000.0374
1760634886514,1000.0591
1760634886534,1000.0389
1760634886553,1000.03955
1760634886574,1000.0145
1760634886593,1000.0122
1760634886614,1000.0142
1760634886634,999.9739
1760634886653,999.95905
1760634886673,999.95874
1760634886693,999.96155
1760634886714,999.9391
1760634886734,999.9327
1760634886754,999.9355
1760634886773,999.9483
1760634886793,999.97064
1760634886814,999.96204
1760634886834,999.97565
1760634886854,999.9621
1760634886873,999.9894
1760634886893,999.9891
1760634886914,999.98096
1760634886934,999.9553
1760634886954,999.96594
1760634886974,999.95544
1760634886993,999.9417
1760634887013,999.9461
1760634887033,999.90375
1760634887053,999.91797
1760634887074,999.9322
1760634887093,999.9211
1760634887113,999.9302
1760634887133,999.9461
1760634887153,999.9714
1760634887173,999.97736
1760634887194,999.9893
1760634887213,1000.0009
1760634887233,1000.0051
1760634887253,1000.02014
1760634887274,1000.01044
1760634887294,1000.04285
1760634887314,1000.0489
1760634887333,1000.03796
1760634887353,1000.02716
1760634887373,1000.04626
1760634887394,1000.0289
1760634887414,1000.02844
1760634887434,1000.0386
1760634887454,1000.0417
1760634887473,1000.0181
1760634887494,1000.0012
1760634887514,1000.02167
1760634887534,999.98944
1760634887554,1000.0083
1760634887573,1000.0073
1760634887593,1000.0122
1760634887614,1000.0172
1760634887634,1000.02325
1760634887655,1000.0072
1760634887673,1000.0005
1760634887693,999.9891
1760634887714,999.9924
1760634887733,1000.0092
1760634887754,999.9811
1760634887773,1000.02826
1760634887793,999.9945
1760634887813,1000.02264
1760634887833,1000.02484
1760634887854,1000.02625
1760634887874,1000.01544
1760634887893,1000.03064
1760634887914,1000.024
1760634887933,1000.0034
1760634887954,999.9913
1760634887974,999.9928
1760634887994,1000.0133
1760634888013,999.9994
1760634888034,1000.0048
1760634888053,1000.01843
1760634888074,1000.0139
1760634888094,1000.0206
1760634888113,1000.02576
1760634888134,1000.01953
1760634888153,1000.03467
1760634888173,1000.0131
1760634888194,1000.02765
1760634888215,1000.002
1760634888233,1000.02344
1760634888253,1000.01825
1760634888273,1000.0098
1760634888293,1000.01935
1760634888314,1000.0159
1760634888333,1000.02423
1760634888353,999.9989
1760634888373,1000.0112
1760634888393,1000.0089
1760634888414,999.99805
1760634888434,999.9977
1760634888453,999.9778
1760634888473,1000.0072
1760634888494,1000.02875
1760634888513,1000.0161
1760634888534,999.98987
1760634888555,999.97174
1760634888573,1000.01013
1760634888593,1000.0225
1760634888613,1000.02325
1760634888634,1000.01984
1760634888653,1000.0016
1760634888676,1000.0058
1760634888693,999.98627
1760634888713,999.97455
1760634888733,999.9822
1760634888754,999.96423
1760634888774,999.9822
1760634888793,999.9578
1760634888813,999.95734
1760634888833,999.98047
1760634888853,999.97015
1760634888874,999.97046
1760634888894,999.9761
1760634888913,999.9611
1760634888933,999.95734
1760634888953,999.95013
1760634888974,999.96704
1760634888994,999.9499
1760634889013,999.98596
1760634889033,999.9545
1760634889053,999.96954
1760634889074,999.97687
1760634889094,999.9639
1760634889114,999.9993
1760634889133,999.97186
1760634889154,999.975
1760634889173,999.96686
1760634889193,999.97235
1760634889214,999.96716
1760634889235,999.96985
1760634889253,999.97845
1760634889273,999.9322
1760634889293,999.9378
1760634889314,999.9316
1760634889334,999.9497
1760634889353,999.9426
1760634889373,999.9509
1760634889393,999.96844
1760634889413,999.91626
1760634889434,999.9445
1760634889454,999.9445
1760634889473,999.95844
1760634889494,999.9227
1760634889514,999.9261
1760634889534,999.92377
1760634889554,999.9522
1760634889574,999.9462
1760634889593,999.9444
1760634889613,999.94653
1760634889633,999.9416
1760634889654,999.9406
1760634889674,999.91394
1760634889694,999.9309
1760634889713,999.9386
1760634889733,999.91345
1760634889753,999.9433
1760634889774,999.90466
1760634889794,999.9344
1760634889813,999.9426
1760634889833,999.932
1760634889853,999.9522
1760634889872,999.90063
1760634889893,999.90686
1760634889912,999.9409
1760634889932,999.9267
1760634889952,999.90375
1760634889973,999.90765
1760634889993,999.89685
1760634890013,999.9245
1760634890032,999.90466
1760634890053,999.9288
1760634890073,999.9492
1760634890093,999.9405
1760634890114,999.9071
1760634890134,999.9326
1760634890153,999.9469
1760634890173,999.9378
1760634890194,999.9338
1760634890213,999.91437
1760634890234,999.90454
1760634890253,999.933
1760634890273,999.90564
1760634890293,999.9153
1760634890313,999.91455
1760634890334,999.8884
1760634890354,999.9231
1760634890373,999.88904
1760634890393,999.8834
1760634890413,999.8822
1760634890434,999.89545
1760634890454,999.89984
1760634890474,999.8823
1760634890493,999.88794
1760634890513,999.8989
1760634890533,999.9122
1760634890553,999.88763
1760634890574,999.90784
1760634890593,999.9256
1760634890613,999.9284
1760634890634,999.90735
1760634890654,999.90826
1760634890674,999.93823
1760634890694,999.9367
1760634890713,999.9409
1760634890733,999.923
1760634890753,999.9313
1760634890773,999.9377
1760634890794,999.9366
1760634890814,999.9412
1760634890833,999.9362
1760634890853,999.9161
1760634890873,999.91077
1760634890893,999.92267
1760634890913,999.89734
1760634890933,999.872
1760634890953,999.89124
1760634890973,999.89624
1760634890994,999.89624
1760634891014,999.8752
1760634891034,999.8727
1760634891053,999.9
1760634891074,999.90515
1760634891093,999.9114
1760634891113,999.875
1760634891134,999.9023
1760634891155,999.9348
1760634891173,999.9263
1760634891193,999.92346
1760634891213,999.92126
1760634891234,999.89734
1760634891254,999.89655
1760634891273,999.8688
1760634891294,999.85986
1760634891313,999.8339
1760634891333,999.79126
1760634891354,999.7864
1760634891374,999.7978
1760634891393,999.812
1760634891414,999.78235
1760634891433,999.79987
1760634891453,999.83014
1760634891474,999.80945
1760634891493,999.8389
1760634891513,999.83984
1760634891533,999.84766
1760634891554,999.8342
1760634891573,999.82623
1760634891594,999.8523
1760634891613,999.8766
1760634891633,999.83325
1760634891653,999.8044
1760634891674,999.82623
1760634891694,999.84875
1760634891715,999.873
1760634891733,999.90283
1760634891753,999.88934
1760634891773,999.8641
1760634891794,999.8672
1760634891814,999.89545
1760634891834,999.89874
1760634891853,999.9261
1760634891873,999.91235
1760634891894,999.8906
1760634891914,999.8859
1760634891934,999.86816
1760634891953,999.8897
1760634891974,999.8909
1760634891993,999.8795
1760634892013,999.83905
1760634892034,999.85065
1760634892054,999.84485
1760634892075,999.84454
1760634892094,999.85236
1760634892114,999.86
1760634892134,999.84094
1760634892154,999.8812
1760634892173,999.8805
1760634892193,999.85266
1760634892213,999.8619
1760634892234,999.89154
1760634892254,999.8505
1760634892274,999.83905
1760634892293,999.8631
1760634892313,999.83765
1760634892333,999.85156
1760634892353,999.8638
1760634892374,999.7875
1760634892394,999.81946
1760634892413,999.8111
1760634892433,999.79376
1760634892453,999.8089
1760634892474,999.8438
1760634892494,999.84436
1760634892514,999.8127
1760634892533,999.8005
1760634892553,999.83514
1760634892574,999.8095
1760634892594,999.83685
1760634892614,999.83203
1760634892633,999.84265
1760634892653,999.84717
1760634892674,999.83234
1760634892694,999.83813
1760634892714,999.85565
1760634892733,999.83264
1760634892754,999.8761
1760634892773,999.8641
1760634892794,999.865
1760634892814,999.887
1760634892834,999.89154
1760634892853,999.8581
1760634892873,999.8922
1760634892893,999.89984
1760634892913,999.89514
1760634892934,999.88513
1760634892954,999.8945
1760634892973,999.8752
1760634892993,999.8759
1760634893013,999.8809
1760634893034,999.8809
1760634893054,999.8789
1760634893074,999.8583
1760634893093,999.8889
1760634893113,999.85046
1760634893133,999.8511
1760634893154,999.8553
1760634893174,999.85516
1760634893193,999.8781
1760634893213,999.85156
1760634893233,999.8826
1760634893254,999.88873
1760634893274,999.8795
1760634893294,999.88513
1760634893313,999.8789
1760634893333,999.8789
1760634893353,999.8895
1760634893374,999.9136
1760634893394,999.87964
1760634893413,999.8931
1760634893433,999.8861
1760634893454,999.8909
1760634893473,999.90204
1760634893494,999.91376
1760634893514,999.91
1760634893533,999.90106
1760634893553,999.8956
1760634893574,999.88763
1760634893594,999.90375
1760634893614,999.88904
1760634893634,999.8939
1760634893654,999.91595
1760634893674,999.9139
1760634893694,999.91266
1760634893714,999.91626
1760634893734,999.9
1760634893753,999.923
1760634893773,999.9247
1760634893793,999.90717
1760634893814,999.8644
1760634893834,999.88153
1760634893855,999.85345
1760634893873,999.8755
1760634893893,999.89325
1760634893913,999.89545
1760634893933,999.90454
1760634893954,999.8672
1760634893974,999.8886
1760634893993,999.8806
1760634894013,999.8664
1760634894034,999.8659
1760634894053,999.8535
1760634894074,999.84375
1760634894093,999.8289
1760634894113,999.8077
1760634894133,999.8127
1760634894154,999.8178
1760634894174,999.8091
1760634894194,999.8027
1760634894213,999.78064
1760634894233,999.8052
1760634894254,999.77655
1760634894274,999.8081
1760634894294,999.83307
1760634894313,999.84094
1760634894333,999.83844
1760634894353,999.8594
1760634894373,999.8572
1760634894394,999.83484
1760634894414,999.84735
1760634894434,999.8709
1760634894453,999.8884
1760634894474,999.8695
1760634894494,999.8761
1760634894514,999.8684
1760634894535,999.84094
1760634894553,999.83826
1760634894573,999.85315
1760634894593,999.85156
1760634894614,999.85175
1760634894634,999.869
1760634894654,999.86096
1760634894674,999.8656
1760634894694,999.8464
1760634894713,999.85175
1760634894734,999.8522
1760634894754,999.85175
1760634894773,999.8606
1760634894794,999.8752
1760634894813,999.83374
1760634894834,999.85095
1760634894854,999.84064
1760634894874,999.83765
1760634894893,999.8791
1760634894913,999.89343
1760634894934,999.84906
1760634894954,999.85205
1760634894974,999.8606
1760634894993,999.8578
1760634895013,999.8684
1760634895034,999.85095
1760634895054,999.85065
1760634895074,999.84
1760634895094,999.83264
1760634895114,999.78217
1760634895134,999.8169
1760634895153,999.8306
1760634895173,999.8311
1760634895194,999.82654
1760634895214,999.83374
1760634895233,999.8295
1760634895253,999.83344
1760634895273,999.8239
1760634895294,999.8286
1760634895314,999.8141
1760634895333,999.82513
1760634895353,999.78986
1760634895373,999.8033
1760634895393,999.76404
1760634895414,999.7737
1760634895434,999.7917
1760634895454,999.8061
1760634895473,999.7609
1760634895493,999.8049
1760634895514,999.8041
1760634895534,999.8053
1760634895553,999.76794
1760634895573,999.78345
1760634895593,999.8105
1760634895613,999.8112
1760634895634,999.8137
1760634895654,999.82935
1760634895673,999.8281
1760634895693,999.84106
1760634895713,999.86127
1760634895733,999.855
1760634895754,999.8723
1760634895774,999.8809
1760634895793,999.8755
1760634895814,999.8622
1760634895834,999.8791
1760634895854,999.89264
1760634895874,999.83826
1760634895893,999.8077
1760634895913,999.8183
1760634895933,999.82983
1760634895953,999.8148
1760634895973,999.8187
1760634895994,999.8189
1760634896013,999.79456
1760634896033,999.8044
1760634896054,999.8194
1760634896073,999.8049
1760634896094,999.7956
1760634896114,999.78204
1760634896137,999.7994
1760634896153,999.8055
1760634896173,999.78345
1760634896193,999.79376
1760634896214,999.79095
1760634896233,999.76514
1760634896254,999.78577
1760634896273,999.78845
1760634896293,999.7944
1760634896314,999.7967
1760634896334,999.809
1760634896354,999.8073
1760634896373,999.8256
1760634896393,999.8172
1760634896413,999.8039
1760634896434,999.7638
1760634896454,999.7861
1760634896473,999.7509
1760634896493,999.7592
1760634896513,999.762
1760634896535,999.7647
1760634896555,999.7678
1760634896573,999.76843
1760634896593,999.7459
1760634896613,999.73096
1760634896634,999.7289
1760634896654,999.7166
1760634896674,999.75385
1760634896693,999.73047
1760634896714,999.7484
1760634896733,999.7611
1760634896753,999.7472
1760634896774,999.7422
1760634896794,999.7653
1760634896813,999.7408
1760634896833,999.78156
1760634896853,999.7689
1760634896874,999.7895
1760634896894,999.7601
1760634896913,999.7578
1760634896934,999.7441
1760634896953,999.77765
1760634896973,999.79706
1760634896993,999.8156
1760634897014,999.822
1760634897033,999.8083
1760634897054,999.8047
1760634897073,999.7995
1760634897094,999.8013
1760634897114,999.81903
1760634897133,999.8183
1760634897153,999.8014
1760634897173,999.8041
1760634897193,999.79376
1760634897214,999.7933
1760634897234,999.7993
1760634897253,999.77515
1760634897274,999.78375
1760634897293,999.78827
1760634897314,999.78595
1760634897334,999.8094
1760634897355,999.82086
1760634897374,999.82513
1760634897393,999.84625
1760634897413,999.8073
1760634897434,999.85406
1760634897454,999.84985
1760634897473,999.83844
1760634897493,999.85406
1760634897513,999.8711
1760634897533,999.85657
1760634897554,999.85596
1760634897574,999.8836
1760634897593,999.84546
1760634897613,999.84845
1760634897633,999.8741
1760634897653,999.8642
1760634897674,999.845
1760634897694,999.8022
1760634897713,999.79236
1760634897733,999.7459
1760634897753,999.77234
1760634897774,999.7346
1760634897794,999.7444
1760634897813,999.7578
1760634897834,999.7595
1760634897853,999.78906
1760634897873,999.7413
1760634897894,999.73065
1760634897915,999.76385
1760634897933,999.7608
1760634897955,999.76
1760634897973,999.77686
1760634897993,999.76294
1760634898014,999.78375
1760634898034,999.77124
1760634898053,999.77545
1760634898073,999.8006
1760634898093,999.8184
1760634898114,999.8137
1760634898134,999.8351
1760634898153,1000.28485
1760634898173,1000.6014
1760634898193,1000.8144
1760634898213,1000.5378
1760634898234,1000.0086
1760634898255,999.8683
1760634898273,999.8049
1760634898293,999.77094
1760634898325,999.7367
1760634898334,999.70984
1760634898353,999.71716
1760634898372,999.6911
1760634898392,999.6931
1760634898412,999.6845
1760634898432,999.678
1760634898453,999.68274
1760634898473,999.6883
1760634898492,999.66766
1760634898513,999.64764
1760634898533,999.66077
1760634898554,999.72705
1760634898573,999.70184
1760634898593,999.6703
1760634898612,999.6908
1760634898634,999.7061
1760634898652,999.6987
1760634898673,999.635
1760634898693,999.697
1760634898712,999.7311
1760634898732,999.7592
1760634898753,999.72217
1760634898773,999.69794
1760634898793,999.73096
1760634898813,999.702
1760634898833,999.6939
1760634898853,999.77264
1760634898873,999.82983
1760634898893,999.9377
1760634898914,1000.0223
1760634898934,1000.0638
1760634898953,1000.07263
1760634898973,1000.2314
1760634898993,1000.4167
1760634899013,1000.52673
1760634899033,1000.3514
1760634899065,999.9958
1760634899072,999.89374
1760634899092,999.84515
1760634899112,999.82983
1760634899133,999.8195
1760634899153,999.8655
1760634899172,999.8311
1760634899192,999.817
1760634899212,999.7478
1760634899232,999.72156
1760634899254,999.6823
1760634899273,999.6652
1760634899292,999.6144
1760634899312,999.6289
1760634899333,999.64453
1760634899353,999.673
1760634899373,999.6858
1760634899392,999.7089
1760634899412,999.73016
1760634899432,999.7526
1760634899452,999.73047
1760634899473,999.6744
1760634899493,999.69666
1760634899512,999.70044
1760634899532,999.71484
1760634899553,999.78156
1760634899573,999.83844
1760634899593,999.8709
1760634899613,999.84796
1760634899632,999.84436
1760634899652,999.8848
1760634899672,999.91376
1760634899693,999.9294
1760634899713,999.8106
1760634899733,999.6969
1760634899753,999.6839
1760634899773,999.678
1760634899793,999.66327
1760634899814,999.66406
1760634899833,999.6194
1760634899853,999.63654
1760634899872,999.6247
1760634899892,999.5783
1760634899913,999.5622
1760634899934,999.5541
1760634899953,999.5864
1760634899973,999.58014
1760634899993,999.5475
1760634900013,999.4934
1760634900033,999.42145
1760634900053,999.4236
1760634900072,999.4484
1760634900093,999.46936
1760634900112,999.46765
1760634900133,999.508
1760634900154,999.5225
1760634900173,999.4903
1760634900193,999.52716
1760634900212,999.53564
1760634900232,999.5544
1760634900254,999.60345
1760634900273,999.6036
1760634900294,999.6203
1760634900313,999.60297
1760634900333,999.6333
1760634900354,999.6344
1760634900373,999.6261
1760634900393,999.6119
1760634900412,999.64124
1760634900433,999.64874
1760634900453,999.6362
1760634900473,999.67206
1760634900494,999.67267
1760634900514,999.7941
1760634900532,999.8844
1760634900553,1000.0167
1760634900573,1000.07
1760634900593,999.9987
1760634900613,999.8821
1760634900633,999.7617
