1760634509681,1000.78406
1760634509701,1000.8028
1760634509721,1000.84467
1760634509742,1000.8661
1760634509762,1000.8795
1760634509781,1000.8778
1760634509801,1000.96045
1760634509821,1000.9987
1760634509842,1000.9779
1760634509862,1000.95874
1760634509881,1000.9844
1760634509901,1001.0051
1760634509921,1000.9764
1760634509942,1000.9194
1760634509962,1000.8973
1760634509981,1000.91376
1760634510001,1000.95123
1760634510021,1000.98346
1760634510041,1001.0087
1760634510062,1000.97485
1760634510082,1000.96545
1760634510101,1001.01404
1760634510121,1001.053
1760634510141,1001.07684
1760634510161,1001.0725
1760634510182,1001.09326
1760634510202,1001.0612
1760634510221,1001.09106
1760634510241,1001.1133
1760634510261,1001.09705
1760634510282,1001.07904
1760634510302,1001.0682
1760634510321,1001.0547
1760634510341,1001.0403
1760634510361,1001.025
1760634510381,1001.0414
1760634510402,1001.0272
1760634510422,1001.0538
1760634510441,1001.07794
1760634510461,1001.0842
1760634510481,1001.07764
1760634510502,1001.1622
1760634510522,1001.17267
1760634510542,1001.1813
1760634510562,1001.1756
1760634510581,1001.2103
1760634510601,1001.1937
1760634510621,1001.1797
1760634510642,1001.1845
1760634510661,1001.1717
1760634510681,1001.1667
1760634510702,1001.14124
1760634510721,1001.1306
1760634510742,1001.0937
1760634510762,1001.11664
1760634510782,1001.09296
1760634510801,1001.1683
1760634510821,1001.22424
1760634510841,1001.2347
1760634510862,1001.25903
1760634510881,1001.23987
1760634510901,1001.265
1760634510921,1001.2542
1760634510941,1001.2463
1760634510961,1001.27747
1760634510982,1001.22577
1760634511001,1001.22687
1760634511021,1001.2467
1760634511041,1001.2531
1760634511061,1001.34326
1760634511082,1001.33936
1760634511102,1001.3029
1760634511121,1001.2997
1760634511141,1001.3205
1760634511161,1001.3198
1760634511182,1001.3112
1760634511202,1001.3108
1760634511222,1001.32983
1760634511241,1001.34076
1760634511262,1001.32153
1760634511282,1001.345
1760634511302,1001.35187
1760634511323,1001.32764
1760634511342,1001.3522
1760634511361,1001.33954
1760634511381,1001.34955
1760634511401,1001.29407
1760634511422,1001.26807
1760634511442,1001.2514
1760634511461,1001.34827
1760634511481,1001.3723
1760634511501,1001.3297
1760634511521,1001.3231
1760634511542,1001.308
1760634511561,1001.2886
1760634511581,1001.2961
1760634511601,1001.2928
1760634511621,1001.303
1760634511641,1001.2989
1760634511662,1001.2944
1760634511681,1001.28296
1760634511701,1001.2839
1760634511721,1001.26794
1760634511741,1001.26154
1760634511762,1001.2142
1760634511782,1001.16235
1760634511801,1001.15125
1760634511821,1001.15564
1760634511842,1001.1669
1760634511862,1001.23236
1760634511882,1001.28827
1760634511901,1001.307
1760634511921,1001.3645
1760634511941,1001.40564
1760634511961,1001.39575
1760634511982,1001.4142
1760634512002,1001.39404
1760634512021,1001.4311
1760634512041,1001.3828
1760634512061,1001.365
1760634512081,1001.3159
1760634512102,1001.2903
1760634512121,1001.21716
1760634512141,1001.145
1760634512161,1001.072
1760634512181,1001.1138
1760634512201,1001.17084
1760634512223,1001.25116
1760634512241,1001.29987
1760634512261,1001.3778
1760634512282,1001.3781
1760634512302,1001.39343
1760634512321,1001.41705
1760634512343,1001.4329
1760634512361,1001.4236
1760634512381,1001.41077
1760634512402,1001.4136
1760634512422,1001.40717
1760634512443,1001.35785
1760634512461,1001.3125
1760634512481,1001.2584
1760634512502,1001.2459
1760634512522,1001.32153
1760634512543,1001.32794
1760634512563,1001.38965
1760634512582,1001.41034
1760634512602,1001.46155
1760634512621,1001.4444
1760634512641,1001.46564
1760634512663,1001.46985
1760634512682,1001.4369
1760634512702,1001.4575
1760634512721,1001.452
1760634512741,1001.4347
1760634512761,1001.40186
1760634512782,1001.39514
1760634512802,1001.34033
1760634512822,1001.2611
1760634512842,1001.2473
1760634512862,1001.2047
1760634512882,1001.17395
1760634512902,1001.18695
1760634512922,1001.2603
1760634512941,1001.3284
1760634512961,1001.34705
1760634512981,1001.3745
1760634513002,1001.39014
1760634513021,1001.41315
1760634513042,1001.4014
1760634513061,1001.4114
1760634513082,1001.39954
1760634513102,1001.40076
1760634513122,1001.41376
1760634513141,1001.35956
1760634513161,1001.3272
1760634513181,1001.28735
1760634513202,1001.2453
1760634513223,1001.23566
1760634513242,1001.2505
1760634513262,1001.2736
1760634513281,1001.33545
1760634513301,1001.4153
1760634513322,1001.40906
1760634513342,1001.41406
1760634513362,1001.40424
1760634513382,1001.4348
1760634513402,1001.41626
1760634513422,1001.4397
1760634513442,1001.41205
1760634513463,1001.39044
1760634513482,1001.34656
1760634513501,1001.3311
1760634513522,1001.3219
1760634513541,1001.27264
1760634513562,1001.30164
1760634513588,1001.2555
1760634513601,1001.26294
1760634513621,1001.29846
1760634513641,1001.33575
1760634513661,1001.3514
1760634513682,1001.3616
1760634513701,1001.3769
1760634513722,1001.4161
1760634513741,1001.40533
1760634513761,1001.3883
1760634513782,1001.41394
1760634513802,1001.40405
1760634513822,1001.40466
1760634513841,1001.3578
1760634513861,1001.29736
1760634513882,1001.1886
1760634513902,1001.117
1760634513924,1001.15106
1760634513941,1001.2525
1760634513961,1001.27936
1760634513982,1001.3514
1760634514002,1001.41284
1760634514022,1001.425
1760634514042,1001.46655
1760634514062,1001.4514
1760634514081,1001.47986
1760634514102,1001.45544
1760634514122,1001.4656
1760634514142,1001.47375
1760634514161,1001.40674
1760634514181,1001.40045
1760634514201,1001.355
1760634514223,1001.35156
1760634514243,1001.3003
1760634514261,1001.2947
1760634514281,1001.27435
1760634514301,1001.27075
1760634514321,1001.3108
1760634514342,1001.3571
1760634514362,1001.37195
1760634514381,1001.3989
1760634514401,1001.42236
1760634514421,1001.4383
1760634514442,1001.432
1760634514463,1001.4258
1760634514483,1001.39453
1760634514502,1001.395
1760634514522,1001.4169
1760634514542,1001.3741
1760634514562,1001.3127
1760634514583,1001.28326
1760634514602,1001.2678
1760634514621,1001.2875
1760634514641,1001.3292
1760634514661,1001.3778
1760634514681,1001.43805
1760634514703,1001.41864
1760634514721,1001.4547
1760634514742,1001.4891
1760634514761,1001.47046
1760634514782,1001.47986
1760634514803,1001.4654
1760634514823,1001.4439
1760634514841,1001.4431
1760634514861,1001.4308
1760634514882,1001.40063
1760634514902,1001.36426
1760634514923,1001.3499
1760634514943,1001.3095
1760634514962,1001.2639
1760634514981,1001.2631
1760634515002,1001.2878
1760634515022,1001.33374
1760634515043,1001.3814
1760634515061,1001.3909
1760634515081,1001.3677
1760634515101,1001.39325
1760634515123,1001.4364
1760634515142,1001.4366
1760634515161,1001.42206
1760634515192,1001.43384
1760634515204,1001.40515
1760634515230,1001.39886
1760634515242,1001.3787
1760634515262,1001.32684
1760634515281,1001.2995
1760634515302,1001.32263
1760634515321,1001.33875
1760634515342,1001.3205
1760634515362,1001.3703
1760634515382,1001.4142
1760634515401,1001.4575
1760634515421,1001.505
1760634515441,1001.4841
1760634515461,1001.51086
1760634515482,1001.503
1760634515501,1001.5002
1760634515521,1001.52344
1760634515541,1001.47266
1760634515562,1001.4772
1760634515584,1001.4302
1760634515602,1001.41986
1760634515621,1001.3886
1760634515641,1001.3667
1760634515661,1001.3151
1760634515681,1001.27997
1760634515702,1001.29846
1760634515722,1001.3209
1760634515741,1001.372
1760634515761,1001.40533
1760634515781,1001.40515
1760634515801,1001.4214
1760634515822,1001.41345
1760634515841,1001.40845
1760634515861,1001.4366
1760634515881,1001.4266
1760634515901,1001.40576
1760634515922,1001.366
1760634515942,1001.3494
1760634515961,1001.32404
1760634515982,1001.3059
1760634516001,1001.2467
1760634516021,1001.22906
1760634516042,1001.2786
1760634516062,1001.3461
1760634516082,1001.3792
1760634516101,1001.4425
1760634516121,1001.4528
1760634516141,1001.46106
1760634516162,1001.48627
1760634516181,1001.5156
1760634516201,1001.5117
1760634516221,1001.498
1760634516242,1001.47015
1760634516262,1001.45593
1760634516282,1001.46954
1760634516302,1001.41846
1760634516321,1001.3642
1760634516341,1001.33435
1760634516361,1001.2991
1760634516383,1001.2468
1760634516401,1001.2487
1760634516422,1001.2658
1760634516441,1001.3297
1760634516462,1001.373
1760634516483,1001.38794
1760634516503,1001.43524
1760634516521,1001.4323
1760634516542,1001.3925
1760634516562,1001.40955
1760634516582,1001.4498
1760634516602,1001.4411
1760634516622,1001.4034
1760634516641,1001.3814
1760634516661,1001.35767
1760634516681,1001.2253
1760634516701,1001.1342
1760634516722,1001.20074
1760634516742,1001.2559
1760634516761,1001.33154
1760634516781,1001.3528
1760634516801,1001.4269
1760634516822,1001.50336
1760634516842,1001.51715
1760634516862,1001.53186
1760634516881,1001.5106
1760634516902,1001.5119
1760634516921,1001.5197
1760634516942,1001.4866
1760634516963,1001.4694
1760634516981,1001.4592
1760634517001,1001.41174
1760634517021,1001.365
1760634517042,1001.3059
1760634517062,1001.27295
1760634517081,1001.2555
1760634517101,1001.2517
1760634517122,1001.2297
1760634517141,1001.26825
1760634517161,1001.34247
1760634517182,1001.34216
1760634517201,1001.3776
1760634517221,1001.40826
1760634517244,1001.4012
1760634517262,1001.4409
1760634517282,1001.452
1760634517303,1001.4561
1760634517321,1001.46436
1760634517341,1001.4458
1760634517362,1001.40967
1760634517382,1001.33716
1760634517402,1001.27625
1760634517422,1001.2378
1760634517441,1001.2239
1760634517461,1001.2584
1760634517482,1001.3102
1760634517502,1001.3998
1760634517522,1001.4355
1760634517542,1001.475
1760634517562,1001.5158
1760634517584,1001.5119
1760634517601,1001.52856
1760634517622,1001.5253
1760634517642,1001.5134
1760634517661,1001.47705
1760634517681,1001.41626
1760634517702,1001.4353
1760634517721,1001.41846
1760634517743,1001.38513
1760634517761,1001.3278
1760634517781,1001.3078
1760634517801,1001.3003
1760634517822,1001.3228
1760634517842,1001.3666
1760634517863,1001.41064
1760634517881,1001.41486
1760634517902,1001.4139
1760634517922,1001.40216
1760634517942,1001.3823
1760634517962,1001.43243
1760634517982,1001.4336
1760634518001,1001.4303
1760634518021,1001.4245
1760634518041,1001.39044
1760634518061,1001.3375
1760634518082,1001.28253
1760634518101,1001.2569
1760634518121,1001.3003
1760634518141,1001.2953
1760634518161,1001.2455
1760634518182,1001.31354
1760634518202,1001.3691
1760634518221,1001.4395
1760634518242,1001.47327
1760634518261,1001.51984
1760634518282,1001.5115
1760634518303,1001.49396
1760634518321,1001.5086
1760634518342,1001.4858
1760634518361,1001.47876
1760634518383,1001.4997
1760634518402,1001.48334
1760634518423,1001.4373
1760634518442,1001.40393
1760634518462,1001.3939
1760634518482,1001.35486
1760634518502,1001.3736
1760634518525,1001.35284
1760634518542,1001.3858
1760634518561,1001.39044
1760634518581,1001.4122
1760634518601,1001.445
1760634518622,1001.41547
1760634518642,1001.4352
1760634518661,1001.4305
1760634518681,1001.40826
1760634518701,1001.4269
1760634518722,1001.39764
1760634518742,1001.41626
1760634518763,1001.3728
1760634518781,1001.35455
1760634518801,1001.3097
1760634518821,1001.27673
1760634518841,1001.28357
1760634518862,1001.3225
1760634518882,1001.28766
1760634518901,1001.33966
1760634518921,1001.39453
1760634518941,1001.4408
1760634518962,1001.4522
1760634518983,1001.4723
1760634519001,1001.4531
1760634519021,1001.4778
1760634519042,1001.51373
1760634519061,1001.51953
1760634519082,1001.4958
1760634519103,1001.40576
1760634519121,1001.3883
1760634519141,1001.3603
1760634519161,1001.3322
1760634519182,1001.3049
1760634519202,1001.27277
1760634519222,1001.2595
1760634519241,1001.21515
1760634519262,1001.2086
1760634519281,1001.2548
1760634519302,1001.2832
1760634519323,1001.3352
1760634519342,1001.35266
1760634519362,1001.34247
1760634519381,1001.35956
1760634519402,1001.38904
1760634519422,1001.40515
1760634519442,1001.4142
1760634519461,1001.38934
1760634519481,1001.40375
1760634519501,1001.335
1760634519522,1001.327
1760634519542,1001.38007
1760634519561,1001.3953
1760634519581,1001.3611
1760634519601,1001.40643
1760634519622,1001.4398
1760634519642,1001.45764
1760634519662,1001.47015
1760634519681,1001.5094
1760634519701,1001.46735
1760634519721,1001.4533
1760634519742,1001.47455
1760634519762,1001.4889
1760634519782,1001.4772
1760634519801,1001.4288
1760634519821,1001.42206
1760634519842,1001.3842
1760634519862,1001.36127
1760634519882,1001.2903
1760634519902,1001.27325
1760634519922,1001.2598
1760634519942,1001.255
1760634519962,1001.27924
1760634519983,1001.2981
1760634520002,1001.3123
1760634520021,1001.3206
1760634520041,1001.3275
1760634520061,1001.345
1760634520082,1001.36096
1760634520103,1001.362
1760634520123,1001.3847
1760634520142,1001.3872
1760634520161,1001.39734
1760634520181,1001.3661
1760634520202,1001.3237
1760634520222,1001.2839
1760634520241,1001.305
1760634520261,1001.29626
1760634520282,1001.3169
1760634520302,1001.33966
1760634520322,1001.3666
1760634520343,1001.41064
1760634520362,1001.447
1760634520382,1001.443
1760634520402,1001.46063
1760634520422,1001.4503
1760634520442,1001.46326
1760634520462,1001.45935
1760634520482,1001.47845
1760634520502,1001.4392
1760634520522,1001.4239
1760634520542,1001.4011
1760634520562,1001.3859
1760634520581,1001.3745
1760634520602,1001.32153
1760634520622,1001.23846
1760634520642,1001.2431
1760634520662,1001.2448
1760634520682,1001.31085
1760634520701,1001.3342
1760634520721,1001.3698
1760634520741,1001.3569
1760634520761,1001.3638
1760634520782,1001.3498
1760634520802,1001.34985
1760634520823,1001.37823
1760634520841,1001.3572
1760634520861,1001.3752
1760634520882,1001.383
1760634520902,1001.34717
1760634520921,1001.2537
1760634520942,1001.22687
1760634520962,1001.2416
1760634520982,1001.27466
1760634521003,1001.3029
1760634521022,1001.3567
1760634521042,1001.39325
1760634521062,1001.46
1760634521081,1001.48
1760634521102,1001.4956
1760634521122,1001.4997
1760634521142,1001.47626
1760634521161,1001.46594
1760634521181,1001.4989
1760634521201,1001.46606
1760634521222,1001.4809
1760634521243,1001.3965
1760634521262,1001.35095
1760634521281,1001.32935
1760634521302,1001.28357
1760634521322,1001.2639
1760634521342,1001.2372
1760634521363,1001.2522
1760634521381,1001.27606
1760634521401,1001.3008
1760634521421,1001.34686
1760634521442,1001.3844
1760634521462,1001.39
1760634521481,1001.383
1760634521502,1001.38544
1760634521521,1001.40063
1760634521541,1001.3741
1760634521562,1001.33405
1760634521582,1001.3614
1760634521601,1001.33563
1760634521622,1001.27905
1760634521642,1001.2503
1760634521661,1001.22656
1760634521682,1001.27045
1760634521701,1001.32544
1760634521721,1001.33936
1760634521741,1001.372
1760634521761,1001.4313
1760634521782,1001.4319
1760634521803,1001.4539
1760634521821,1001.4961
1760634521841,1001.47797
1760634521861,1001.4578
1760634521882,1001.46936
1760634521902,1001.4625
1760634521922,1001.4533
1760634521942,1001.4367
1760634521962,1001.42377
1760634521982,1001.3589
1760634522003,1001.32983
1760634522023,1001.27655
1760634522042,1001.2495
1760634522062,1001.2512
1760634522082,1001.27014
1760634522102,1001.3
1760634522123,1001.3153
1760634522144,1001.36786
1760634522161,1001.39014
1760634522181,1001.39404
1760634522201,1001.38904
1760634522222,1001.382
1760634522242,1001.39795
1760634522261,1001.3811
1760634522281,1001.40106
1760634522301,1001.3667
1760634522321,1001.3008
1760634522342,1001.24524
1760634522362,1001.2042
1760634522382,1001.2445
1760634522401,1001.28534
1760634522422,1001.34424
1760634522442,1001.3784
1760634522462,1001.40796
1760634522483,1001.4303
1760634522501,1001.4888
1760634522521,1001.4866
1760634522542,1001.47205
1760634522562,1001.4824
1760634522582,1001.4941
1760634522601,1001.5275
1760634522621,1001.46906
1760634522642,1001.4455
1760634522661,1001.39014
1760634522682,1001.35474
1760634522702,1001.3561
1760634522722,1001.2864
1760634522742,1001.2438
1760634522761,1001.28345
1760634522782,1001.3181
1760634522803,1001.34106
1760634522822,1001.3819
1760634522842,1001.3928
1760634522861,1001.3739
1760634522882,1001.3667
1760634522902,1001.3822
1760634522923,1001.40955
1760634522943,1001.4375
1760634522962,1001.4322
1760634522982,1001.4203
1760634523003,1001.3773
1760634523023,1001.34576
1760634523043,1001.3264
1760634523062,1001.3095
1760634523082,1001.3215
1760634523102,1001.3503
1760634523122,1001.3716
1760634523143,1001.4359
1760634523162,1001.4358
1760634523181,1001.47235
1760634523201,1001.5025
1760634523221,1001.4891
1760634523242,1001.4833
1760634523263,1001.4817
1760634523281,1001.4839
1760634523302,1001.46826
1760634523321,1001.41455
1760634523342,1001.3922
1760634523362,1001.3875
1760634523383,1001.3342
1760634523402,1001.3008
1760634523422,1001.3025
1760634523442,1001.26935
1760634523462,1001.2936
1760634523483,1001.3486
1760634523502,1001.3795
1760634523522,1001.3734
1760634523542,1001.3761
1760634523562,1001.3928
1760634523583,1001.3703
1760634523603,1001.3809
1760634523622,1001.355
1760634523642,1001.34827
1760634523661,1001.3856
1760634523681,1001.3364
1760634523702,1001.3304
1760634523722,1001.3094
1760634523741,1001.3059
1760634523761,1001.2555
1760634523782,1001.2317
1760634523803,1001.29846
1760634523822,1001.3642
1760634523842,1001.3723
1760634523861,1001.3633
1760634523881,1001.3822
1760634523902,1001.3752
1760634523922,1001.3847
1760634523942,1001.39124
1760634523962,1001.3826
1760634523982,1001.41064
1760634524001,1001.4266
1760634524022,1001.40845
1760634524042,1001.3678
1760634524062,1001.2855
1760634524082,1001.22125
1760634524102,1001.1897
1760634524122,1001.1956
1760634524143,1001.19653
1760634524162,1001.197
1760634524181,1001.2394
1760634524201,1001.26843
1760634524221,1001.3242
1760634524241,1001.33765
1760634524262,1001.3652
1760634524283,1001.3638
1760634524302,1001.3778
1760634524321,1001.335
1760634524342,1001.34204
1760634524361,1001.34937
1760634524383,1001.33093
1760634524402,1001.3295
1760634524422,1001.27997
1760634524441,1001.2514
1760634524462,1001.26733
1760634524483,1001.2579
1760634524503,1001.28357
1760634524522,1001.3242
1760634524541,1001.3961
1760634524561,1001.3975
1760634524581,1001.42017
1760634524603,1001.4299
1760634524622,1001.4481
1760634524642,1001.46606
1760634524661,1001.46783
1760634524681,1001.46454
1760634524702,1001.45404
1760634524722,1001.4139
1760634524741,1001.4186
1760634524761,1001.3719
1760634524781,1001.3622
1760634524802,1001.3536
1760634524822,1001.3186
1760634524842,1001.2534
1760634524862,1001.26794
1760634524882,1001.3081
1760634524901,1001.3219
1760634524922,1001.33325
1760634524942,1001.33545
1760634524963,1001.33813
1760634524981,1001.3578
1760634525002,1001.3761
1760634525021,1001.3497
1760634525042,1001.3583
1760634525062,1001.36584
1760634525082,1001.3589
1760634525102,1001.35657
1760634525121,1001.36017
1760634525141,1001.28046
1760634525161,1001.1862
1760634525182,1001.21204
1760634525201,1001.2645
1760634525221,1001.33374
1760634525241,1001.38763
1760634525261,1001.4128
1760634525282,1001.4654
1760634525301,1001.48236
1760634525321,1001.48016
1760634525341,1001.5012
1760634525362,1001.5028
1760634525382,1001.5375
1760634525403,1001.49335
1760634525421,1001.46234
1760634525441,1001.41766
1760634525462,1001.3752
1760634525482,1001.313
1760634525502,1001.29846
1760634525523,1001.2911
1760634525542,1001.2503
1760634525563,1001.22906
1760634525582,1001.2439
1760634525602,1001.3034
1760634525623,1001.3398
1760634525642,1001.35065
1760634525661,1001.3353
1760634525681,1001.3325
1760634525701,1001.35315
1760634525721,1001.3862
1760634525742,1001.3574
1760634525761,1001.3845
1760634525781,1001.41
1760634525801,1001.3734
1760634525821,1001.322
1760634525842,1001.2908
1760634525863,1001.2731
1760634525883,1001.27
1760634525902,1001.27673
1760634525922,1001.2981
1760634525943,1001.2953
1760634525963,1001.3582
1760634525982,1001.3776
1760634526002,1001.40015
1760634526022,1001.41016
1760634526042,1001.4425
1760634526063,1001.45667
1760634526083,1001.4536
1760634526102,1001.47314
1760634526122,1001.47345
1760634526142,1001.40924
1760634526162,1001.4164
1760634526182,1001.3773
1760634526202,1001.3578
1760634526223,1001.33044
1760634526242,1001.28925
1760634526262,1001.27734
1760634526282,1001.28125
1760634526302,1001.31476
1760634526322,1001.33295
1760634526342,1001.35876
1760634526362,1001.3677
1760634526383,1001.40497
1760634526403,1001.40015
1760634526423,1001.4157
1760634526442,1001.4167
1760634526462,1001.3844
1760634526482,1001.4295
1760634526503,1001.3939
1760634526523,1001.3642
1760634526542,1001.29126
1760634526562,1001.2875
1760634526582,1001.327
1760634526601,1001.34607
1760634526622,1001.361
1760634526642,1001.3917
1760634526661,1001.40125
1760634526681,1001.4327
1760634526701,1001.4125
1760634526721,1001.4323
1760634526742,1001.44135
1760634526762,1001.4514
1760634526781,1001.45435
1760634526801,1001.41516
1760634526821,1001.40564
1760634526842,1001.3961
1760634526862,1001.3553
1760634526882,1001.33704
1760634526902,1001.3322
1760634526922,1001.3047
1760634526941,1001.20825
1760634526962,1001.1205
1760634526983,1001.0558
1760634527002,1001.0797
1760634527021,1001.1367
1760634527042,1001.1836
1760634527062,1001.2516
1760634527082,1001.2907
1760634527104,1001.2967
1760634527123,1001.3253
1760634527142,1001.3489
1760634527161,1001.335
1760634527182,1001.33856
1760634527203,1001.3073
1760634527221,1001.21576
1760634527241,1001.1859
1760634527261,1001.1328
1760634527281,1001.1237
1760634527302,1001.1946
1760634527322,1001.2543
1760634527342,1001.27045
1760634527362,1001.29016
1760634527381,1001.2967
1760634527402,1001.3497
1760634527422,1001.37897
1760634527442,1001.4397
1760634527461,1001.4314
1760634527482,1001.4395
1760634527501,1001.4275
1760634527522,1001.3811
1760634527542,1001.33655
1760634527561,1001.2875
1760634527581,1001.20013
1760634527602,1001.1836
1760634527622,1001.19794
1760634527642,1001.17
1760634527662,1001.1786
1760634527682,1001.1803
1760634527701,1001.192
1760634527721,1001.2498
1760634527741,1001.2736
1760634527762,1001.27014
1760634527781,1001.27716
1760634527801,1001.2939
1760634527822,1001.33966
1760634527842,1001.3283
1760634527862,1001.34973
1760634527883,1001.34625
1760634527902,1001.28406
1760634527921,1001.2444
1760634527941,1001.21906
1760634527961,1001.1997
1760634527982,1001.1962
1760634528003,1001.22876
1760634528021,1001.3067
1760634528041,1001.34937
1760634528061,1001.41174
1760634528082,1001.4503
1760634528102,1001.4386
1760634528121,1001.4494
1760634528141,1001.4423
1760634528162,1001.4408
1760634528181,1001.41095
1760634528201,1001.4293
1760634528222,1001.41986
1760634528241,1001.41547
1760634528261,1001.34674
1760634528281,1001.3145
1760634528301,1001.308
1760634528322,1001.3
1760634528342,1001.2523
1760634528361,1001.27844
1760634528381,1001.26874
1760634528401,1001.3002
1760634528422,1001.3178
1760634528442,1001.345
1760634528462,1001.34955
1760634528482,1001.3817
1760634528501,1001.3878
1760634528521,1001.3801
1760634528542,1001.36884
1760634528563,1001.34607
1760634528581,1001.3533
1760634528601,1001.3272
1760634528621,1001.3089
1760634528642,1001.237
1760634528661,1001.1867
1760634528681,1001.15466
1760634528701,1001.20233
1760634528721,1001.21954
1760634528742,1001.27264
1760634528762,1001.3127
1760634528782,1001.3426
1760634528802,1001.367
1760634528821,1001.3903
1760634528842,1001.40985
1760634528862,1001.40344
1760634528882,1001.38763
1760634528902,1001.414
1760634528922,1001.40186
1760634528942,1001.3581
1760634528962,1001.3108
1760634528982,1001.32513
1760634529002,1001.2991
1760634529022,1001.3173
1760634529043,1001.28564
1760634529062,1001.262
1760634529082,1001.28827
1760634529102,1001.3283
1760634529123,1001.363
1760634529142,1001.3631
1760634529161,1001.3737
1760634529181,1001.3755
1760634529201,1001.36346
1760634529222,1001.34894
1760634529242,1001.39716
1760634529262,1001.39923
1760634529281,1001.41205
1760634529301,1001.38763
1760634529322,1001.34094
1760634529342,1001.2892
1760634529362,1001.2517
1760634529382,1001.2456
1760634529401,1001.2914
1760634529422,1001.29236
1760634529442,1001.29
1760634529463,1001.3176
1760634529481,1001.33716
1760634529502,1001.3861
1760634529521,1001.39185
1760634529542,1001.41077
1760634529562,1001.40643
1760634529583,1001.4075
1760634529601,1001.39716
1760634529622,1001.41345
1760634529641,1001.40625
1760634529665,1001.3603
1760634529682,1001.3734
1760634529702,1001.34546
1760634529721,1001.3642
1760634529741,1001.3489
1760634529762,1001.3127
1760634529782,1001.28467
1760634529803,1001.3144
1760634529821,1001.3
1760634529842,1001.3289
1760634529862,1001.3567
1760634529882,1001.35205
1760634529902,1001.32904
1760634529921,1001.31903
1760634529942,1001.33685
1760634529962,1001.3698
1760634529981,1001.36346
1760634530002,1001.38403
1760634530023,1001.356
1760634530042,1001.317
1760634530062,1001.2556
1760634530081,1001.27014
1760634530103,1001.28766
1760634530122,1001.3088
1760634530143,1001.32544
1760634530162,1001.3533
1760634530181,1001.3741
1760634530201,1001.4003
1760634530221,1001.4539
1760634530243,1001.46045
1760634530262,1001.4586
1760634530281,1001.4819
1760634530302,1001.47595
1760634530321,1001.45483
1760634530343,1001.4436
1760634530363,1001.41205
1760634530382,1001.40216
1760634530402,1001.34045
1760634530422,1001.3225
1760634530442,1001.3056
1760634530462,1001.28253
1760634530483,1001.2566
1760634530502,1001.2455
1760634530521,1001.2394
1760634530542,1001.2506
1760634530562,1001.23376
1760634530582,1001.2311
1760634530602,1001.2583
1760634530621,1001.2386
1760634530641,1001.2573
1760634530664,1001.2925
1760634530682,1001.3034
1760634530702,1001.3166
1760634530723,1001.2967
1760634530741,1001.27216
1760634530762,1001.2089
1760634530782,1001.179
1760634530802,1001.20984
1760634530822,1001.2265
1760634530842,1001.27625
1760634530862,1001.3325
1760634530881,1001.3275
1760634530902,1001.35516
1760634530923,1001.37537
1760634530943,1001.3914
1760634530962,1001.3644
1760634530982,1001.372
1760634531002,1001.3826
1760634531022,1001.3744
1760634531043,1001.4086
1760634531062,1001.3772
1760634531082,1001.3528
1760634531102,1001.3389
1760634531122,1001.3287
1760634531143,1001.27124
1760634531163,1001.21936
1760634531181,1001.187
1760634531201,1001.13873
1760634531221,1001.1422
1760634531242,1001.1585
1760634531262,1001.1821
1760634531282,1001.1994
1760634531301,1001.2559
1760634531321,1001.28143
1760634531342,1001.28687
1760634531362,1001.27545
1760634531383,1001.3242
1760634531401,1001.3119
1760634531421,1001.3225
1760634531442,1001.3208
1760634531462,1001.2911
1760634531482,1001.2461
1760634531501,1001.1797
1760634531521,1001.1675
1760634531542,1001.21466
1760634531561,1001.27185
1760634531582,1001.29846
1760634531602,1001.2903
1760634531621,1001.27997
1760634531641,1001.3131
1760634531661,1001.32294
1760634531681,1001.35205
1760634531702,1001.3542
1760634531723,1001.3416
1760634531741,1001.35516
1760634531761,1001.3706
1760634531782,1001.3106
1760634531802,1001.2893
1760634531822,1001.26666
1760634531841,1001.25
1760634531861,1001.2009
1760634531882,1001.1669
1760634531901,1001.1614
1760634531922,1001.1683
1760634531942,1001.1872
1760634531963,1001.1731
1760634531981,1001.2139
1760634532001,1001.22107
1760634532022,1001.27655
1760634532042,1001.28046
1760634532063,1001.3131
1760634532082,1001.2995
1760634532102,1001.2967
1760634532122,1001.3148
1760634532142,1001.3159
1760634532163,1001.2792
1760634532181,1001.2617
1760634532201,1001.1903
1760634532221,1001.16364
1760634532241,1001.19904
1760634532263,1001.21515
1760634532283,1001.2439
1760634532302,1001.2967
1760634532322,1001.3042
1760634532342,1001.3103
1760634532363,1001.3762
1760634532382,1001.38153
1760634532402,1001.3792
1760634532422,1001.3783
1760634532441,1001.3727
1760634532462,1001.35065
1760634532482,1001.3683
1760634532503,1001.3744
1760634532522,1001.32904
1760634532541,1001.2711
1760634532562,1001.2775
1760634532582,1001.29486
1760634532602,1001.23096
1760634532623,1001.2003
1760634532643,1001.1852
1760634532662,1001.18
1760634532681,1001.21747
1760634532701,1001.20264
1760634532722,1001.2257
1760634532741,1001.243
1760634532761,1001.28564
1760634532782,1001.3034
1760634532802,1001.3237
1760634532823,1001.3343
1760634532843,1001.3612
1760634532861,1001.3652
1760634532882,1001.34186
1760634532902,1001.29065
1760634532922,1001.2523
1760634532943,1001.2661
1760634532963,1001.2619
1760634532982,1001.2914
1760634533002,1001.3081
1760634533022,1001.34485
1760634533042,1001.3754
1760634533063,1001.389
1760634533082,1001.3928
1760634533101,1001.3739
1760634533122,1001.4014
1760634533143,1001.40674
1760634533162,1001.3727
1760634533182,1001.39874
1760634533201,1001.367
1760634533221,1001.3683
1760634533241,1001.32684
1760634533261,1001.2953
1760634533282,1001.2292
1760634533303,1001.1871
1760634533323,1001.1781
1760634533342,1001.21124
1760634533361,1001.2261
1760634533381,1001.2533
1760634533402,1001.2329
1760634533422,1001.20795
1760634533442,1001.2361
1760634533461,1001.2414
1760634533481,1001.26794
1760634533502,1001.2975
1760634533522,1001.2706
1760634533542,1001.28687
1760634533561,1001.2878
1760634533581,1001.33295
1760634533601,1001.3047
1760634533622,1001.2797
1760634533642,1001.2344
1760634533661,1001.23
1760634533681,1001.2278
1760634533701,1001.26544
1760634533722,1001.305
1760634533743,1001.3348
1760634533762,1001.3767
1760634533781,1001.38
1760634533801,1001.372
1760634533822,1001.3872
1760634533842,1001.39404
1760634533863,1001.3812
1760634533882,1001.39185
1760634533901,1001.3503
1760634533921,1001.34576
1760634533942,1001.3322
1760634533962,1001.28625
1760634533983,1001.2645
1760634534002,1001.22687
1760634534021,1001.26
1760634534042,1001.1853
1760634534062,1001.16846
1760634534082,1001.1788
1760634534101,1001.21234
1760634534121,1001.2487
1760634534141,1001.22626
1760634534162,1001.21155
1760634534182,1001.2377
1760634534202,1001.2408
1760634534221,1001.27264
1760634534241,1001.26733
1760634534261,1001.3092
1760634534282,1001.28357
1760634534302,1001.2737
1760634534322,1001.2639
1760634534341,1001.22217
1760634534361,1001.2033
1760634534381,1001.20374
1760634534402,1001.2114
1760634534422,1001.2753
1760634534441,1001.26904
1760634534461,1001.27655
1760634534481,1001.28534
1760634534502,1001.3225
1760634534522,1001.3509
1760634534542,1001.3475
1760634534561,1001.3564
1760634534582,1001.3856
1760634534601,1001.3801
1760634534622,1001.4078
1760634534642,1001.39307
1760634534661,1001.3727
1760634534681,1001.34393
1760634534701,1001.2864
1760634534722,1001.27515
1760634534742,1001.2556
1760634534762,1001.24
1760634534782,1001.2425
1760634534801,1001.2775
1760634534821,1001.27185
1760634534842,1001.30237
1760634534863,1001.2852
1760634534881,1001.27545
1760634534901,1001.32404
1760634534922,1001.33203
1760634534942,1001.34705
1760634534962,1001.3565
1760634534982,1001.34784
1760634535002,1001.34247
1760634535021,1001.3589
1760634535042,1001.3158
1760634535062,1001.27563
1760634535083,1001.2086
1760634535103,1001.2383
1760634535122,1001.2986
1760634535142,1001.28046
1760634535162,1001.3031
1760634535182,1001.3098
1760634535202,1001.33246
1760634535221,1001.3511
1760634535242,1001.3581
1760634535273,1001.33984
1760634535300,1001.35376
1760634535309,1001.3624
1760634535323,1001.3667
1760634535341,1001.35236
1760634535361,1001.3233
1760634535382,1001.29236
1760634535402,1001.28357
1760634535423,1001.2534
1760634535443,1001.2132
1760634535462,1001.2025
1760634535482,1001.20593
1760634535502,1001.20575
1760634535523,1001.22437
1760634535543,1001.2448
1760634535562,1001.23157
1760634535582,1001.23157
1760634535601,1001.2659
1760634535622,1001.27655
1760634535642,1001.3003
1760634535663,1001.29254
1760634535681,1001.3039
1760634535701,1001.32794
1760634535721,1001.3056
1760634535741,1001.28375
1760634535763,1001.28125
1760634535783,1001.2492
1760634535802,1001.2617
1760634535821,1001.28674
1760634535841,1001.28186
1760634535863,1001.3112
1760634535883,1001.3034
1760634535903,1001.3019
1760634535921,1001.3031
1760634535941,1001.32794
1760634535961,1001.33374
1760634535982,1001.32056
1760634536003,1001.30914
1760634536021,1001.3014
1760634536041,1001.3209
1760634536061,1001.35046
1760634536081,1001.3286
1760634536102,1001.3275
1760634536121,1001.3161
1760634536142,1001.2991
1760634536162,1001.2839
1760634536181,1001.26733
1760634536201,1001.27295
1760634536222,1001.279
1760634536242,1001.28796
1760634536261,1001.26654
1760634536281,1001.27856
1760634536301,1001.2739
1760634536322,1001.27783
1760634536342,1001.2656
1760634536361,1001.29407
1760634536381,1001.3045
1760634536401,1001.3261
1760634536422,1001.3145
1760634536443,1001.3102
1760634536462,1001.28345
1760634536481,1001.2964
1760634536501,1001.2872
1760634536521,1001.21533
1760634536542,1001.2375
1760634536563,1001.3023
1760634536582,1001.3137
1760634536602,1001.35095
1760634536621,1001.34875
1760634536642,1001.3572
1760634536662,1001.3805
1760634536682,1001.3547
1760634536701,1001.3811
1760634536721,1001.3553
1760634536741,1001.32904
1760634536762,1001.32764
1760634536783,1001.3244
1760634536802,1001.3169
1760634536822,1001.3264
1760634536842,1001.28625
1760634536863,1001.27893
1760634536883,1001.1859
1760634536903,1001.22296
1760634536922,1001.2456
1760634536941,1001.21423
1760634536961,1001.20703
1760634536982,1001.1789
1760634537003,1001.1847
1760634537022,1001.2511
1760634537042,1001.257
1760634537062,1001.2889
1760634537081,1001.28925
1760634537101,1001.2989
1760634537123,1001.3014
1760634537142,1001.2967
1760634537161,1001.2711
1760634537181,1001.28534
1760634537201,1001.2225
1760634537222,1001.2306
1760634537242,1001.20557
1760634537261,1001.1947
1760634537282,1001.26044
1760634537301,1001.28436
1760634537322,1001.29626
1760634537343,1001.3425
1760634537362,1001.34143
1760634537382,1001.3578
1760634537402,1001.33325
1760634537422,1001.3659
1760634537443,1001.3663
1760634537463,1001.3667
1760634537482,1001.3617
1760634537502,1001.3378
1760634537522,1001.2598
1760634537542,1001.2367
1760634537563,1001.2497
1760634537583,1001.20825
1760634537603,1001.1903
1760634537622,1001.1892
1760634537642,1001.16187
1760634537662,1001.1856
1760634537685,1001.1937
1760634537701,1001.1839
1760634537721,1001.1875
1760634537741,1001.1625
1760634537762,1001.137
1760634537781,1001.14124
1760634537802,1001.1267
1760634537821,1001.1106
1760634537841,1001.1206
1760634537861,1001.1261
1760634537881,1001.1359
1760634537902,1001.0788
1760634537922,1001.05804
1760634537941,1001.08264
1760634537961,1001.165
1760634537981,1001.1908
1760634538002,1001.2486
1760634538022,1001.2472
1760634538041,1001.302
1760634538061,1001.3325
1760634538081,1001.345
1760634538101,1001.3475
1760634538122,1001.3333
1760634538142,1001.3539
1760634538162,1001.3897
1760634538181,1001.3503
1760634538201,1001.3756
1760634538221,1001.2961
1760634538242,1001.21173
1760634538262,1001.15173
1760634538281,1001.1852
1760634538301,1001.19904
1760634538321,1001.1892
1760634538341,1001.22577
1760634538362,1001.22046
1760634538381,1001.242
1760634538401,1001.2548
1760634538422,1001.2544
1760634538441,1001.27014
1760634538462,1001.26294
1760634538483,1001.2408
1760634538502,1001.1819
1760634538521,1001.1803
1760634538542,1001.15393
1760634538562,1001.135
1760634538583,1001.14014
1760634538601,1001.15826
1760634538621,1001.16077
1760634538642,1001.1858
1760634538661,1001.2311
1760634538682,1001.27924
1760634538702,1001.2486
1760634538721,1001.28687
1760634538741,1001.32623
1760634538761,1001.3292
1760634538781,1001.29456
1760634538802,1001.28955
1760634538823,1001.29486
1760634538842,1001.34143
1760634538862,1001.2989
1760634538881,1001.29706
1760634538901,1001.2523
1760634538922,1001.2378
1760634538941,1001.21967
1760634538961,1001.21686
1760634538981,1001.1692
1760634539002,1001.1891
1760634539021,1001.16327
1760634539042,1001.1731
1760634539062,1001.20825
1760634539082,1001.2342
1760634539101,1001.21735
1760634539122,1001.1984
1760634539142,1001.2308
1760634539163,1001.2736
1760634539181,1001.3
1760634539201,1001.32153
1760634539221,1001.35846
1760634539241,1001.3897
1760634539262,1001.30206
1760634539282,1001.2861
1760634539301,1001.28064
1760634539322,1001.3192
1760634539341,1001.2434
1760634539362,1001.2765
1760634539383,1001.28015
1760634539402,1001.2672
1760634539421,1001.2983
1760634539442,1001.3233
1760634539462,1001.3153
1760634539483,1001.3421
1760634539501,1001.34607
1760634539522,1001.3475
1760634539542,1001.34186
1760634539562,1001.34985
1760634539583,1001.34607
1760634539603,1001.37524
1760634539622,1001.3322
1760634539643,1001.2672
1760634539662,1001.23065
1760634539683,1001.2028
1760634539701,1001.1731
1760634539722,1001.1653
1760634539742,1001.1714
1760634539762,1001.1703
1760634539782,1001.17126
1760634539801,1001.20966
1760634539823,1001.2034
1760634539842,1001.22906
1760634539861,1001.23096
1760634539881,1001.2636
1760634539902,1001.2917
1760634539922,1001.3005
1760634539942,1001.27795
1760634539962,1001.28204
1760634539982,1001.21295
1760634540001,1001.1714
1760634540022,1001.15356
1760634540042,1001.1809
1760634540062,1001.199
1760634540081,1001.2392
1760634540101,1001.247
1760634540121,1001.3052
1760634540143,1001.33405
1760634540162,1001.3476
1760634540182,1001.362
1760634540202,1001.3572
1760634540221,1001.3049
1760634540242,1001.34595
1760634540262,1001.3663
1760634540283,1001.3656
1760634540301,1001.34393
1760634540322,1001.3542
1760634540342,1001.3752
1760634540362,1001.3361
1760634540382,1001.2473
1760634540403,1001.1879
1760634540422,1001.14685
1760634540441,1001.14185
1760634540461,1001.1125
1760634540482,1001.16516
1760634540503,1001.1956
1760634540522,1001.20825
1760634540542,1001.22876
1760634540562,1001.2331
1760634540582,1001.2392
1760634540602,1001.2511
1760634540623,1001.2484
1760634540641,1001.27734
1760634540662,1001.2878
1760634540682,1001.25
1760634540702,1001.1953
1760634540722,1001.19
1760634540741,1001.22815
1760634540761,1001.2551
1760634540782,1001.27576
1760634540802,1001.28674
1760634540822,1001.28625
1760634540842,1001.29333
1760634540862,1001.3008
1760634540881,1001.29846
1760634540902,1001.3195
1760634540921,1001.32983
1760634540942,1001.3123
1760634540963,1001.3225
1760634540981,1001.3283
1760634541001,1001.32513
1760634541021,1001.3258
1760634541043,1001.299
1760634541063,1001.26154
1760634541081,1001.2656
1760634541101,1001.27954
1760634541121,1001.2534
1760634541142,1001.2336
1760634541162,1001.25336
1760634541182,1001.2275
1760634541203,1001.2453
1760634541221,1001.22437
1760634541242,1001.22205
1760634541262,1001.237
1760634541282,1001.2255
1760634541303,1001.2341
1760634541322,1001.2508
1760634541341,1001.2526
1760634541362,1001.26733
1760634541382,1001.2425
1760634541402,1001.2204
1760634541422,1001.21295
1760634541441,1001.1786
1760634541461,1001.20483
1760634541482,1001.19904
1760634541502,1001.235
1760634541522,1001.2516
1760634541542,1001.2583
1760634541561,1001.3003
1760634541581,1001.28345
1760634541602,1001.3052
1760634541622,1001.3126
1760634541642,1001.32263
1760634541662,1001.3236
1760634541682,1001.3201
1760634541701,1001.34534
1760634541722,1001.33813
1760634541742,1001.26166
1760634541761,1001.27
1760634541781,1001.2392
1760634541802,1001.21844
1760634541822,1001.16046
1760634541843,1001.1306
1760634541863,1001.11096
1760634541882,1001.09314
1760634541902,1001.115
1760634541922,1001.13654
1760634541942,1001.15283
1760634541964,1001.1867
1760634541982,1001.1456
1760634542002,1001.188
1760634542022,1001.20123
1760634542042,1001.2361
1760634542062,1001.27277
1760634542083,1001.2958
1760634542102,1001.2983
1760634542122,1001.24
1760634542142,1001.182
1760634542162,1001.16266
1760634542183,1001.17065
1760634542202,1001.1942
1760634542221,1001.1813
1760634542241,1001.22437
1760634542261,1001.22906
1760634542281,1001.2658
1760634542302,1001.29553
1760634542321,1001.2928
1760634542342,1001.3072
1760634542362,1001.29315
1760634542381,1001.2983
1760634542402,1001.27405
1760634542422,1001.2654
1760634542442,1001.28375
1760634542461,1001.2639
1760634542481,1001.2544
1760634542501,1001.23376
1760634542522,1001.14655
1760634542542,1001.11255
1760634542562,1001.1116
1760634542581,1001.1425
1760634542602,1001.1817
1760634542622,1001.1708
1760634542643,1001.2419
1760634542661,1001.2336
1760634542681,1001.2581
1760634542702,1001.265
1760634542721,1001.29626
1760634542742,1001.2731
1760634542763,1001.2871
1760634542781,1001.27704
1760634542802,1001.27655
1760634542821,1001.2516
1760634542841,1001.1886
1760634542863,1001.1422
1760634542883,1001.1083
1760634542901,1001.1808
1760634542921,1001.2009
1760634542942,1001.22437
1760634542962,1001.2467
1760634542983,1001.23926
1760634543002,1001.26044
1760634543021,1001.29297
1760634543042,1001.3578
1760634543061,1001.34
1760634543082,1001.3364
1760634543103,1001.34393
1760634543121,1001.3378
1760634543141,1001.3006
1760634543161,1001.3073
1760634543181,1001.2768
1760634543201,1001.27686
1760634543221,1001.2045
1760634543241,1001.1725
1760634543261,1001.15076
1760634543281,1001.16235
1760634543302,1001.1639
1760634543323,1001.1874
1760634543343,1001.1998
1760634543362,1001.20233
1760634543382,1001.22314
1760634543402,1001.2478
1760634543423,1001.27124
1760634543443,1001.3077
1760634543462,1001.3137
1760634543481,1001.3091
1760634543502,1001.3049
1760634543522,1001.25653
1760634543543,1001.317
1760634543563,1001.2967
1760634543582,1001.2967
1760634543602,1001.2634
1760634543622,1001.28925
1760634543643,1001.3078
1760634543663,1001.2967
1760634543682,1001.2889
1760634543701,1001.32294
1760634543721,1001.33325
1760634543741,1001.34467
1760634543762,1001.34564
1760634543782,1001.34814
1760634543801,1001.36487
1760634543821,1001.3791
1760634543841,1001.3776
1760634543862,1001.3769
1760634543882,1001.3294
1760634543901,1001.3164
1760634543921,1001.2961
1760634543941,1001.27905
1760634543962,1001.20966
1760634543982,1001.21204
1760634544002,1001.197
1760634544021,1001.2275
1760634544041,1001.21857
1760634544061,1001.22314
1760634544081,1001.19653
1760634544102,1001.2259
1760634544122,1001.23
1760634544141,1001.2575
1760634544161,1001.2403
1760634544181,1001.2609
1760634544201,1001.2675
1760634544222,1001.2497
1760634544242,1001.20874
1760634544261,1001.2078
1760634544281,1001.1914
1760634544303,1001.21985
1760634544322,1001.1844
1760634544342,1001.2234
1760634544361,1001.22046
1760634544381,1001.2089
1760634544402,1001.2453
1760634544422,1001.2573
1760634544442,1001.2539
1760634544462,1001.27454
1760634544482,1001.2608
1760634544501,1001.2995
1760634544521,1001.3059
1760634544542,1001.31287
1760634544563,1001.31854
1760634544581,1001.2964
1760634544602,1001.28406
1760634544622,1001.2537
1760634544642,1001.2389
1760634544663,1001.1875
1760634544683,1001.09393
1760634544701,1001.0825
1760634544721,1001.10376
1760634544741,1001.14154
1760634544762,1001.16376
1760634544782,1001.16077
1760634544802,1001.1658
1760634544822,1001.19763
1760634544841,1001.2036
1760634544862,1001.21515
1760634544882,1001.21704
1760634544902,1001.2478
1760634544921,1001.2459
1760634544942,1001.2427
1760634544962,1001.1973
1760634544981,1001.1317
1760634545003,1001.0971
1760634545022,1001.0804
1760634545042,1001.075
1760634545061,1001.1614
1760634545081,1001.1905
1760634545102,1001.21954
1760634545123,1001.2411
1760634545142,1001.29486
1760634545161,1001.3134
1760634545182,1001.3201
1760634545201,1001.3223
1760634545221,1001.3376
1760634545242,1001.3239
1760634545261,1001.33795
1760634545281,1001.33795
1760634545301,1001.3233
1760634545322,1001.27405
1760634545342,1001.2364
1760634545363,1001.1775
1760634545382,1001.15326
1760634545402,1001.14795
1760634545422,1001.10486
1760634545442,1001.14954
1760634545462,1001.197
1760634545482,1001.21356
1760634545502,1001.20874
1760634545521,1001.2322
1760634545542,1001.27264
1760634545561,1001.28143
1760634545582,1001.29016
1760634545601,1001.28796
1760634545621,1001.27716
1760634545641,1001.27716
1760634545662,1001.27783
1760634545682,1001.20386
1760634545701,1001.1931
1760634545721,1001.13934
1760634545741,1001.1142
1760634545761,1001.1061
1760634545781,1001.1244
1760634545802,1001.16345
1760634545822,1001.2339
1760634545841,1001.235
1760634545861,1001.28284
1760634545882,1001.28735
1760634545902,1001.2495
1760634545922,1001.3112
1760634545941,1001.3086
1760634545962,1001.34576
1760634545981,1001.3061
1760634546002,1001.307
1760634546022,1001.28613
1760634546042,1001.2272
1760634546061,1001.2081
1760634546082,1001.1948
1760634546102,1001.1813
1760634546122,1001.17236
1760634546142,1001.1853
1760634546162,1001.20435
1760634546181,1001.23157
1760634546202,1001.2367
1760634546221,1001.2361
1760634546242,1001.2654
1760634546263,1001.2484
1760634546281,1001.2556
1760634546302,1001.2492
1760634546322,1001.26624
1760634546343,1001.2628
1760634546362,1001.2661
1760634546383,1001.28595
1760634546403,1001.22107
1760634546422,1001.175
1760634546443,1001.1959
1760634546462,1001.1931
1760634546483,1001.23193
1760634546502,1001.27844
1760634546522,1001.2875
1760634546542,1001.2825
1760634546562,1001.2903
1760634546583,1001.32684
1760634546603,1001.33044
1760634546622,1001.35376
1760634546642,1001.36487
1760634546662,1001.3603
1760634546683,1001.4066
1760634546702,1001.41064
1760634546721,1001.385
1760634546741,1001.3833
1760634546761,1001.3567
1760634546781,1001.295
1760634546802,1001.21436
1760634546822,1001.21576
1760634546841,1001.20233
1760634546861,1001.23
1760634546881,1001.2344
1760634546901,1001.2478
1760634546922,1001.2484
1760634546942,1001.27466
1760634546962,1001.2942
1760634546981,1001.26294
1760634547001,1001.29236
1760634547022,1001.27673
1760634547042,1001.30994
1760634547062,1001.2933
1760634547082,1001.3123
1760634547101,1001.28406
1760634547122,1001.2417
1760634547142,1001.22375
1760634547162,1001.21643
1760634547181,1001.2364
1760634547201,1001.2361
1760634547221,1001.28076
1760634547242,1001.3013
1760634547262,1001.28906
1760634547281,1001.3151
1760634547301,1001.3486
1760634547321,1001.35406
1760634547341,1001.35376
1760634547362,1001.34576
1760634547382,1001.3767
1760634547401,1001.3653
1760634547422,1001.36346
1760634547441,1001.35077
1760634547462,1001.3205
1760634547482,1001.27936
1760634547503,1001.3158
1760634547521,1001.247
1760634547541,1001.2403
1760634547562,1001.1998
1760634547582,1001.20264
1760634547602,1001.21045
1760634547622,1001.2381
1760634547642,1001.1919
1760634547662,1001.2
1760634547682,1001.21704
1760634547701,1001.2328
1760634547722,1001.2308
1760634547742,1001.2483
1760634547762,1001.2667
1760634547781,1001.26
1760634547802,1001.2406
1760634547822,1001.26263
1760634547843,1001.1789
1760634547861,1001.14655
1760634547882,1001.16406
1760634547902,1001.2014
1760634547922,1001.22876
1760634547942,1001.2364
1760634547962,1001.2394
1760634547982,1001.2583
1760634548002,1001.28467
1760634548022,1001.2925
1760634548042,1001.31757
1760634548063,1001.3173
1760634548082,1001.3734
1760634548101,1001.36096
1760634548121,1001.3622
1760634548141,1001.39435
1760634548162,1001.3691
1760634548181,1001.33545
1760634548201,1001.32654
1760634548223,1001.29706
1760634548241,1001.265
1760634548262,1001.2445
1760634548282,1001.2314
1760634548302,1001.2317
1760634548322,1001.2055
1760634548341,1001.2331
1760634548361,1001.1997
1760634548382,1001.21075
1760634548402,1001.2606
1760634548422,1001.2839
1760634548441,1001.3013
1760634548461,1001.27625
1760634548483,1001.3166
1760634548502,1001.32544
1760634548521,1001.3119
1760634548541,1001.3063
1760634548561,1001.2711
1760634548581,1001.2576
1760634548602,1001.25006
1760634548622,1001.23505
1760634548641,1001.26294
1760634548661,1001.3178
1760634548684,1001.3375
1760634548704,1001.39453
1760634548721,1001.3873
1760634548742,1001.3914
1760634548761,1001.3647
1760634548781,1001.367
1760634548801,1001.3791
1760634548821,1001.38715
1760634548842,1001.3781
1760634548861,1001.35455
1760634548884,1001.3223
1760634548925,1001.245
1760634548944,1001.2125
1760634548964,1001.1931
1760634548984,1001.17474
1760634549003,1001.1678
1760634549024,1001.16547
1760634549044,1001.1797
1760634549064,1001.2009
1760634549084,1001.21185
1760634549105,1001.22076
1760634549124,1001.20483
1760634549144,1001.21045
1760634549164,1001.2453
1760634549184,1001.267
1760634549204,1001.26733
1760634549224,1001.28064
1760634549246,1001.30927
1760634549264,1001.26
1760634549284,1001.2622
1760634549305,1001.22363
1760634549325,1001.22595
1760634549344,1001.2526
1760634549364,1001.28235
1760634549384,1001.3003
1760634549404,1001.2545
1760634549425,1001.2992
1760634549445,1001.27576
1760634549464,1001.3197
1760634549484,1001.3151
1760634549504,1001.3158
1760634549525,1001.32904
1760634549545,1001.3537
1760634549564,1001.39404
1760634549584,1001.3659
1760634549604,1001.39
1760634549625,1001.34985
1760634549645,1001.32935
1760634549665,1001.29456
1760634549684,1001.22266
1760634549704,1001.20233
1760634549724,1001.1945
1760634549744,1001.1955
1760634549765,1001.21375
1760634549784,1001.2364
1760634549804,1001.22595
1760634549824,1001.2484
1760634549844,1001.2478
1760634549865,1001.2523
1760634549885,1001.2403
1760634549904,1001.2366
1760634549925,1001.247
1760634549944,1001.2433
1760634549964,1001.2355
1760634549985,1001.1267
1760634550005,1001.07874
1760634550024,1001.0742
1760634550045,1001.1722
1760634550064,1001.21924
1760634550085,1001.2768
1760634550105,1001.25
1760634550124,1001.2612
1760634550144,1001.2409
1760634550164,1001.2314
1760634550184,1001.26654
1760634550204,1001.27905
1760634550225,1001.30383
1760634550244,1001.3283
1760634550264,1001.3042
1760634550285,1001.35547
1760634550304,1001.3067
1760634550326,1001.3106
1760634550345,1001.27423
1760634550364,1001.27893
1760634550384,1001.242
1760634550404,1001.1939
1760634550424,1001.20044
1760634550445,1001.20966
1760634550464,1001.20593
1760634550484,1001.2114
1760634550505,1001.23627
1760634550524,1001.20966
1760634550545,1001.20905
1760634550565,1001.255
1760634550584,1001.2583
1760634550604,1001.3248
1760634550624,1001.3339
1760634550644,1001.3092
1760634550665,1001.3053
1760634550685,1001.27576
1760634550704,1001.1926
1760634550724,1001.2081
1760634550744,1001.1984
1760634550764,1001.22595
1760634550785,1001.2331
1760634550804,1001.2653
1760634550824,1001.2247
1760634550844,1001.27264
1760634550865,1001.2949
1760634550885,1001.2939
1760634550905,1001.2875
1760634550924,1001.3325
1760634550944,1001.36096
1760634550964,1001.3767
1760634550984,1001.3767
1760634551005,1001.3748
1760634551024,1001.33435
1760634551044,1001.3136
1760634551064,1001.3128
1760634551084,1001.2628
1760634551104,1001.2252
1760634551125,1001.2131
1760634551144,1001.17236
1760634551164,1001.21545
1760634551184,1001.22705
1760634551204,1001.257
1760634551225,1001.2573
1760634551245,1001.26044
1760634551264,1001.2339
1760634551284,1001.2439
1760634551304,1001.2289
1760634551324,1001.2849
1760634551345,1001.29346
1760634551364,1001.2864
1760634551384,1001.2537
1760634551404,1001.15955
1760634551424,1001.15533
1760634551445,1001.15717
1760634551465,1001.17737
1760634551484,1001.22327
1760634551505,1001.26373
1760634551524,1001.275
1760634551544,1001.318
1760634551565,1001.28467
1760634551585,1001.2914
1760634551604,1001.317
1760634551624,1001.2936
1760634551645,1001.3286
1760634551664,1001.39014
1760634551685,1001.40015
1760634551704,1001.34204
1760634551724,1001.3283
1760634551744,1001.3091
1760634551764,1001.26825
1760634551784,1001.2861
1760634551805,1001.23346
1760634551824,1001.1834
1760634551844,1001.1808
1760634551864,1001.1894
1760634551886,1001.22186
1760634551904,1001.20264
1760634551925,1001.20905
1760634551944,1001.2438
1760634551964,1001.2539
1760634551984,1001.28436
1760634552004,1001.3064
1760634552025,1001.3189
1760634552044,1001.33856
1760634552064,1001.34656
1760634552084,1001.36127
1760634552104,1001.32294
1760634552124,1001.2942
1760634552145,1001.27844
1760634552164,1001.3067
1760634552184,1001.2506
1760634552204,1001.28076
1760634552225,1001.3137
1760634552245,1001.34766
1760634552264,1001.34607
1760634552284,1001.3709
1760634552304,1001.3275
1760634552324,1001.3203
1760634552345,1001.3637
1760634552365,1001.40247
1760634552385,1001.40967
1760634552404,1001.40704
1760634552424,1001.40796
1760634552444,1001.39594
1760634552465,1001.3889
1760634552485,1001.33673
1760634552504,1001.34485
1760634552524,1001.26404
1760634552544,1001.2442
1760634552564,1001.20874
1760634552585,1001.20654
1760634552604,1001.2537
1760634552624,1001.26044
1760634552644,1001.2656
1760634552664,1001.2467
1760634552685,1001.27954
1760634552705,1001.29706
1760634552724,1001.29126
1760634552744,1001.2936
1760634552764,1001.312
1760634552784,1001.32935
1760634552805,1001.32513
1760634552826,1001.2858
1760634552844,1001.22815
1760634552864,1001.21344
1760634552884,1001.21655
1760634552904,1001.2531
1760634552925,1001.2686
1760634552944,1001.3137
1760634552964,1001.33356
1760634552984,1001.34204
1760634553004,1001.3578
1760634553025,1001.35156
1760634553045,1001.3737
1760634553064,1001.3736
1760634553084,1001.3747
1760634553104,1001.3755
1760634553124,1001.40717
1760634553144,1001.40424
1760634553165,1001.40814
1760634553184,1001.367
1760634553204,1001.33795
1760634553225,1001.3042
1760634553244,1001.26514
1760634553265,1001.2282
1760634553284,1001.2381
1760634553304,1001.2484
1760634553324,1001.2467
1760634553345,1001.26733
1760634553365,1001.2997
1760634553385,1001.3123
1760634553404,1001.3139
1760634553424,1001.2995
1760634553445,1001.34106
1760634553465,1001.3548
1760634553485,1001.38794
1760634553504,1001.3695
1760634553524,1001.33484
1760634553545,1001.3281
1760634553564,1001.27295
1760634553585,1001.2506
1760634553605,1001.2376
1760634553624,1001.27234
1760634553644,1001.29736
1760634553664,1001.32513
1760634553684,1001.36127
1760634553705,1001.382
1760634553725,1001.35736
1760634553744,1001.34375
1760634553764,1001.32904
1760634553784,1001.34784
1760634553804,1001.3806
1760634553825,1001.4147
1760634553844,1001.3806
1760634553864,1001.3922
1760634553884,1001.34576
1760634553904,1001.3181
1760634553925,1001.28046
1760634553945,1001.26904
1760634553964,1001.21423
1760634553984,1001.1942
1760634554004,1001.25
1760634554024,1001.2459
1760634554045,1001.30206
1760634554065,1001.2961
1760634554084,1001.27905
1760634554105,1001.2697
1760634554124,1001.3112
1760634554145,1001.2593
1760634554165,1001.2757
1760634554184,1001.327
1760634554204,1001.33405
1760634554224,1001.3608
1760634554244,1001.3061
1760634554264,1001.28174
1760634554285,1001.2283
1760634554304,1001.2375
1760634554324,1001.2445
1760634554345,1001.27875
1760634554364,1001.2989
1760634554385,1001.3186
1760634554405,1001.3145
1760634554424,1001.2967
1760634554445,1001.3181
1760634554464,1001.2953
1760634554485,1001.3045
1760634554505,1001.32874
1760634554524,1001.307
1760634554544,1001.3311
1760634554564,1001.3052
1760634554584,1001.27515
1760634554605,1001.2536
1760634554625,1001.2747
1760634554644,1001.2383
1760634554664,1001.1808
1760634554684,1001.1284
1760634554704,1001.15
1760634554725,1001.1884
1760634554744,1001.1745
1760634554764,1001.22095
1760634554784,1001.245
1760634554804,1001.21704
1760634554824,1001.25006
1760634554845,1001.2459
1760634554864,1001.26685
1760634554884,1001.27325
1760634554904,1001.2775
1760634554924,1001.2914
1760634554945,1001.2455
1760634554965,1001.2377
1760634554984,1001.21924
1760634555004,1001.20544
1760634555024,1001.21765
1760634555045,1001.2434
1760634555065,1001.33264
1760634555084,1001.3578
1760634555104,1001.3723
1760634555124,1001.3826
1760634555144,1001.42096
1760634555165,1001.40784
1760634555185,1001.4264
1760634555204,1001.46155
1760634555224,1001.46045
1760634555244,1001.4575
1760634555264,1001.433
1760634555285,1001.4175
1760634555305,1001.4012
1760634555324,1001.3297
1760634555345,1001.2972
1760634555364,1001.26013
1760634555384,1001.22424
1760634555405,1001.21765
1760634555424,1001.2497
1760634555444,1001.22345
1760634555464,1001.245
1760634555484,1001.2911
1760634555504,1001.29065
1760634555525,1001.2705
1760634555544,1001.3097
1760634555564,1001.3059
1760634555584,1001.32263
1760634555605,1001.3295
1760634555625,1001.3581
1760634555645,1001.33936
1760634555664,1001.3014
1760634555685,1001.2573
1760634555704,1001.2486
1760634555724,1001.2414
1760634555745,1001.25446
1760634555764,1001.3212
1760634555784,1001.3581
1760634555804,1001.39966
1760634555824,1001.41345
1760634555844,1001.3859
1760634555865,1001.4252
1760634555884,1001.4409
1760634555904,1001.4178
1760634555924,1001.4492
1760634555944,1001.488
1760634555965,1001.5194
1760634555984,1001.4997
1760634556004,1001.4437
1760634556025,1001.41315
1760634556044,1001.3864
1760634556064,1001.3886
1760634556085,1001.3128
1760634556104,1001.2639
1760634556124,1001.2342
1760634556144,1001.2464
1760634556164,1001.252
1760634556185,1001.26154
1760634556205,1001.2452
1760634556224,1001.26544
1760634556245,1001.28625
1760634556264,1001.2878
1760634556284,1001.2978
1760634556305,1001.322
1760634556324,1001.3069
1760634556344,1001.34186
1760634556364,1001.34393
1760634556384,1001.3242
1760634556404,1001.32404
1760634556425,1001.33716
1760634556444,1001.3178
1760634556464,1001.3078
1760634556484,1001.3728
1760634556504,1001.3812
1760634556525,1001.39014
1760634556546,1001.4003
1760634556564,1001.4366
1760634556584,1001.41406
1760634556604,1001.41315
1760634556624,1001.423
1760634556645,1001.41736
1760634556664,1001.4462
1760634556684,1001.41315
1760634556705,1001.40924
1760634556724,1001.3826
1760634556745,1001.33417
1760634556765,1001.3143
1760634556784,1001.3283
1760634556805,1001.33344
1760634556824,1001.32654
1760634556845,1001.3117
1760634556865,1001.29736
1760634556886,1001.27014
1760634556904,1001.28296
1760634556925,1001.2448
1760634556944,1001.2445
1760634556964,1001.23444
1760634556985,1001.22736
1760634557004,1001.2439
1760634557024,1001.23096
1760634557044,1001.27606
1760634557064,1001.2361
1760634557085,1001.2375
1760634557105,1001.21814
1760634557124,1001.2509
1760634557144,1001.2639
1760634557165,1001.2706
1760634557184,1001.3044
1760634557205,1001.34015
1760634557225,1001.3745
1760634557247,1001.4027
1760634557264,1001.3264
1760634557284,1001.3705
1760634557305,1001.3829
1760634557325,1001.3705
1760634557344,1001.3964
1760634557364,1001.4158
1760634557384,1001.40674
1760634557404,1001.3862
1760634557425,1001.3809
1760634557445,1001.3258
1760634557464,1001.3536
1760634557485,1001.3148
1760634557504,1001.27466
1760634557524,1001.2617
1760634557545,1001.27234
1760634557564,1001.275
1760634557584,1001.2559
1760634557604,1001.26544
1760634557624,1001.2275
1760634557645,1001.21515
1760634557665,1001.2314
1760634557684,1001.2589
1760634557704,1001.2645
1760634557724,1001.2975
1760634557744,1001.28174
1760634557765,1001.26294
1760634557785,1001.2508
1760634557804,1001.20905
1760634557824,1001.2366
1760634557844,1001.2395
1760634557864,1001.2416
1760634557885,1001.2908
1760634557904,1001.2956
1760634557924,1001.34906
1760634557944,1001.35596
1760634557964,1001.34406
1760634557984,1001.36
1760634558005,1001.344
1760634558024,1001.3542
1760634558044,1001.362
1760634558064,1001.3237
1760634558084,1001.3691
1760634558105,1001.3755
1760634558125,1001.3695
1760634558144,1001.3047
1760634558165,1001.28375
1760634558184,1001.2606
1760634558204,1001.2406
1760634558225,1001.2135
1760634558244,1001.21606
1760634558264,1001.2448
1760634558285,1001.2325
1760634558304,1001.2559
1760634558325,1001.2488
1760634558345,1001.26685
1760634558364,1001.26434
1760634558384,1001.2942
1760634558404,1001.2928
1760634558424,1001.313
1760634558444,1001.3223
1760634558465,1001.3063
1760634558485,1001.3088
1760634558505,1001.27185
1760634558525,1001.21014
1760634558544,1001.2424
1760634558565,1001.2487
1760634558584,1001.2438
1760634558605,1001.28656
1760634558624,1001.3314
1760634558644,1001.34686
1760634558665,1001.3722
1760634558685,1001.4214
1760634558704,1001.4299
1760634558724,1001.3925
1760634558744,1001.3939
1760634558764,1001.4241
1760634558785,1001.4426
1760634558804,1001.47156
1760634558824,1001.4377
1760634558844,1001.40924
1760634558864,1001.3745
1760634558884,1001.34155
1760634558905,1001.284
1760634558924,1001.2736
1760634558944,1001.2383
1760634558964,1001.19653
1760634558985,1001.2367
1760634559004,1001.2272
1760634559025,1001.2475
1760634559044,1001.2391
1760634559064,1001.2617
1760634559084,1001.27185
1760634559104,1001.25653
1760634559125,1001.28796
1760634559144,1001.298
1760634559164,1001.32294
1760634559184,1001.33075
1760634559204,1001.3112
1760634559225,1001.27405
1760634559245,1001.24426
1760634559264,1001.2034
1760634559284,1001.1956
1760634559304,1001.2114
1760634559324,1001.1906
1760634559346,1001.26514
1760634559365,1001.27185
1760634559384,1001.2992
1760634559404,1001.3258
1760634559424,1001.3201
1760634559444,1001.33685
1760634559465,1001.3286
1760634559484,1001.3581
1760634559504,1001.3536
1760634559524,1001.3639
1760634559544,1001.33954
1760634559565,1001.3355
1760634559585,1001.327
1760634559604,1001.27765
1760634559624,1001.25
1760634559644,1001.20044
1760634559664,1001.1639
1760634559685,1001.14136
1760634559705,1001.14185
1760634559724,1001.1856
1760634559744,1001.2236
1760634559765,1001.2348
1760634559784,1001.2503
1760634559805,1001.2639
1760634559824,1001.28217
1760634559844,1001.2456
1760634559864,1001.27563
1760634559884,1001.2939
1760634559904,1001.32263
1760634559925,1001.2612
1760634559944,1001.29626
1760634559964,1001.2609
1760634559984,1001.2675
1760634560004,1001.2636
1760634560025,1001.2506
1760634560045,1001.27155
1760634560064,1001.318
1760634560084,1001.3248
1760634560104,1001.362
1760634560124,1001.35547
1760634560145,1001.3889
1760634560164,1001.41095
1760634560184,1001.39624
1760634560204,1001.38794
1760634560225,1001.35315
1760634560245,1001.3602
1760634560265,1001.37634
1760634560284,1001.305
1760634560304,1001.2908
1760634560324,1001.28076
1760634560344,1001.2417
1760634560365,1001.22437
1760634560384,1001.1884
1760634560404,1001.2076
1760634560424,1001.1844
1760634560444,1001.2634
1760634560465,1001.2551
1760634560485,1001.2314
1760634560504,1001.2711
1760634560525,1001.2914
1760634560544,1001.3017
1760634560564,1001.33124
1760634560585,1001.37164
1760634560605,1001.3897
1760634560624,1001.35065
1760634560644,1001.3114
1760634560664,1001.29315
1760634560684,1001.28186
1760634560705,1001.22986
1760634560724,1001.26434
1760634560744,1001.313
1760634560764,1001.3295
1760634560784,1001.35956
1760634560805,1001.37225
1760634560825,1001.3689
1760634560844,1001.40686
1760634560864,1001.383
1760634560884,1001.36
1760634560904,1001.40393
1760634560925,1001.41876
1760634560945,1001.41815
1760634560964,1001.4153
1760634560984,1001.4206
1760634561004,1001.3828
1760634561024,1001.3661
1760634561045,1001.3655
1760634561064,1001.3283
1760634561084,1001.2711
1760634561104,1001.2353
1760634561124,1001.22095
1760634561144,1001.2433
1760634561165,1001.27075
1760634561184,1001.2395
1760634561204,1001.2609
1760634561224,1001.27454
1760634561245,1001.27625
1760634561265,1001.3127
1760634561284,1001.3264
1760634561304,1001.33435
1760634561324,1001.3258
1760634561344,1001.32904
1760634561365,1001.30774
1760634561385,1001.2811
1760634561404,1001.26
1760634561424,1001.2522
1760634561444,1001.267
1760634561464,1001.2995
1760634561485,1001.3102
1760634561505,1001.35547
1760634561524,1001.35596
1760634561544,1001.35706
1760634561564,1001.33795
1760634561585,1001.38354
1760634561605,1001.3787
1760634561624,1001.3801
1760634561644,1001.4242
1760634561664,1001.40656
1760634561684,1001.432
1760634561704,1001.4007
1760634561725,1001.3862
1760634561744,1001.35455
1760634561764,1001.3286
1760634561785,1001.3151
1760634561804,1001.27625
1760634561827,1001.2535
1760634561845,1001.2497
1760634561864,1001.2484
1760634561884,1001.27344
1760634561904,1001.29315
1760634561924,1001.2878
1760634561945,1001.2835
1760634561964,1001.28485
1760634561984,1001.32764
1760634562005,1001.33435
1760634562024,1001.3361
1760634562045,1001.34467
1760634562065,1001.33295
1760634562084,1001.29626
1760634562104,1001.27515
1760634562124,1001.2434
1760634562144,1001.26373
1760634562164,1001.31866
1760634562185,1001.3424
1760634562204,1001.35706
1760634562225,1001.34247
1760634562244,1001.34357
1760634562264,1001.35266
1760634562285,1001.3678
1760634562305,1001.3834
1760634562325,1001.3683
1760634562344,1001.3748
1760634562364,1001.41595
1760634562385,1001.427
1760634562405,1001.42346
1760634562424,1001.3986
1760634562444,1001.3572
1760634562464,1001.3525
1760634562485,1001.3801
1760634562505,1001.3006
1760634562525,1001.2439
1760634562544,1001.27783
1760634562565,1001.28064
1760634562585,1001.2452
1760634562604,1001.2848
1760634562625,1001.27765
1760634562644,1001.3137
1760634562664,1001.3164
1760634562684,1001.33594
1760634562704,1001.33154
1760634562725,1001.3237
1760634562745,1001.373
1760634562764,1001.3689
1760634562784,1001.3716
1760634562804,1001.3644
1760634562824,1001.28827
1760634562845,1001.28827
1760634562864,1001.2878
1760634562884,1001.27734
1760634562904,1001.317
1760634562924,1001.3592
1760634562945,1001.34467
1760634562965,1001.35706
1760634562984,1001.3605
1760634563004,1001.41235
1760634563024,1001.4
1760634563044,1001.42206
1760634563064,1001.38904
1760634563085,1001.40027
1760634563104,1001.38654
1760634563124,1001.39044
1760634563144,1001.4114
1760634563164,1001.3659
1760634563185,1001.32263
1760634563204,1001.3303
1760634563224,1001.285
1760634563245,1001.2864
1760634563264,1001.2545
1760634563284,1001.2392
1760634563305,1001.2854
1760634563324,1001.2939
1760634563344,1001.2736
1760634563364,1001.32513
1760634563385,1001.295
1760634563405,1001.3663
1760634563426,1001.34357
1760634563444,1001.3181
1760634563464,1001.3259
1760634563485,1001.3084
1760634563504,1001.28217
1760634563525,1001.2367
1760634563544,1001.21216
1760634563564,1001.20905
1760634563584,1001.20435
1760634563604,1001.2531
1760634563624,1001.28265
1760634563644,1001.47546
1760634563664,1001.5723
1760634563684,1001.5361
1760634563704,1001.29126
1760634563724,1001.3242
1760634563757,1001.34515
1760634563766,1001.38403
1760634563797,1001.38544
1760634563803,1001.39575
1760634563823,1001.3842
1760634563844,1001.3681
1760634563864,1001.3493
1760634563883,1001.3539
1760634563904,1001.36487
1760634563923,1001.35657
1760634563944,1001.35175
1760634563964,1001.3497
1760634563984,1001.3089
1760634564004,1001.308
1760634564024,1001.33466
1760634564043,1001.34705
1760634564064,1001.35626
1760634564084,1001.34705
1760634564104,1001.3253
1760634564124,1001.3328
1760634564144,1001.3328
1760634564164,1001.33765
1760634564184,1001.3208
1760634564205,1001.33484
1760634564224,1001.35
1760634564244,1001.3208
1760634564264,1001.3134
1760634564284,1001.2872
1760634564305,1001.2886
1760634564325,1001.2414
1760634564344,1001.27856
1760634564364,1001.27
1760634564384,1001.27576
1760634564404,1001.2555
1760634564424,1001.29346
1760634564444,1001.34686
1760634564464,1001.3081
1760634564484,1001.33795
1760634564504,1001.35986
1760634564524,1001.36096
1760634564545,1001.36237
1760634564564,1001.3975
1760634564584,1001.3839
1760634564604,1001.3734
1760634564624,1001.40216
1760634564644,1001.39844
1760634564665,1001.4241
1760634564684,1001.40216
1760634564704,1001.40063
1760634564724,1001.51935
1760634564744,1001.5343
1760634564765,1001.517
1760634564784,1001.46594
1760634564804,1001.3713
1760634564824,1001.3741
1760634564844,1001.395
1760634564865,1001.3986
1760634564885,1001.4
1760634564904,1001.40564
1760634564924,1001.39575
1760634564944,1001.41077
1760634564964,1001.4362
1760634564984,1001.4323
1760634565005,1001.4877
1760634565024,1001.512
1760634565044,1001.4986
1760634565064,1001.47595
1760634565085,1001.5117
1760634565105,1001.5053
1760634565124,1001.51953
1760634565144,1001.5605
1760634565164,1001.59
1760634565184,1001.5433
1760634565204,1001.533
1760634565225,1001.526
1760634565246,1001.5379
1760634565264,1001.4903
1760634565284,1001.4592
1760634565304,1001.4405
1760634565325,1001.4362
1760634565344,1001.4309
1760634565364,1001.42487
1760634565384,1001.4347
1760634565404,1001.41
1760634565424,1001.40674
1760634565445,1001.376
1760634565464,1001.3769
1760634565484,1001.4253
1760634565504,1001.46356
1760634565524,1001.5831
1760634565544,1001.5722
1760634565565,1001.58545
1760634565584,1001.5478
1760634565604,1001.4955
1760634565624,1001.52856
1760634565645,1001.5447
1760634565665,1001.53235
1760634565684,1001.5025
1760634565704,1001.512
1760634565724,1001.4867
1760634565744,1001.432
1760634565764,1001.4492
1760634565785,1001.4174
1760634565804,1001.38403
1760634565824,1001.33466
1760634565844,1001.3176
1760634565864,1001.33044
1760634565885,1001.5108
1760634565905,1001.8276
1760634565924,1001.97205
1760634565944,1001.8036
1760634565964,1001.71747
1760634565984,1001.5586
1760634566005,1001.1906
1760634566024,1001.08936
1760634566044,1001.10187
1760634566065,1001.1717
1760634566084,1001.2458
1760634566104,1001.2768
1760634566125,1001.3183
1760634566144,1001.34717
1760634566164,1001.3778
1760634566184,1001.3666
1760634566204,1001.3839
1760634566224,1001.387
1760634566245,1001.4152
1760634566264,1001.373
1760634566284,1001.39044
1760634566304,1001.3737
1760634566324,1001.34393
1760634566344,1001.32874
1760634566364,1001.27045
1760634566384,1001.2997
1760634566404,1001.33716
1760634566423,1001.375
1760634566444,1001.4009
1760634566465,1001.4298
1760634566484,1001.3705
1760634566504,1001.65356
1760634566524,1001.89984
1760634566544,1002.0048
1760634566564,1001.9876
1760634566584,1001.68
1760634566611,1001.26953
1760634566623,1001.2328
1760634566645,1001.2353
1760634566664,1001.3027
1760634566684,1001.2612
1760634566704,1001.2872
1760634566724,1001.3077
1760634566743,1001.28345
1760634566764,1001.29346
1760634566784,1001.30444
1760634566804,1001.3289
1760634566824,1001.3364
1760634566844,1001.3264
1760634566864,1001.33453
1760634566884,1001.30023
1760634566904,1001.26874
1760634566924,1001.27344
1760634566943,1001.29456
1760634566964,1001.2956
1760634566984,1001.27826
1760634567004,1001.27454
1760634567024,1001.3524
1760634567044,1001.38873
1760634567063,1001.47266
1760634567083,1001.4366
1760634567104,1001.378
1760634567124,1001.3325
1760634567145,1001.38403
1760634567164,1001.4398
1760634567184,1001.41626
1760634567204,1001.34204
1760634567224,1001.34296
1760634567244,1001.33795
1760634567264,1001.3656
1760634567283,1001.4314
1760634567304,1001.4467
1760634567324,1001.4447
1760634567344,1001.4157
1760634567365,1001.3698
1760634567384,1001.3791
1760634567404,1001.40704
1760634567423,1001.41266
1760634567444,1001.4897
1760634567464,1001.6237
1760634567485,1001.6208
1760634567504,1001.4903
