1760634904389,999.2369
1760634904409,999.22986
1760634904429,999.2339
1760634904449,999.20483
1760634904470,999.20844
1760634904490,999.2584
1760634904509,999.27435
1760634904529,999.2456
1760634904549,999.2427
1760634904569,999.21625
1760634904589,999.2478
1760634904609,999.2551
1760634904629,999.23456
1760634904649,999.28485
1760634904669,999.29517
1760634904689,999.28534
1760634904710,999.2989
1760634904729,999.3339
1760634904749,999.3636
1760634904769,999.3697
1760634904789,999.39294
1760634904809,999.3582
1760634904830,999.33374
1760634904849,999.34143
1760634904869,999.35187
1760634904889,999.32733
1760634904909,999.3272
1760634904929,999.33954
1760634904949,999.39404
1760634904969,999.41095
1760634904989,999.40436
1760634905009,999.3872
1760634905030,999.4346
1760634905051,999.4255
1760634905069,999.4458
1760634905089,999.4313
1760634905109,999.41486
1760634905130,999.40735
1760634905151,999.41095
1760634905170,999.3914
1760634905190,999.3925
1760634905210,999.4255
1760634905230,999.40045
1760634905250,999.46564
1760634905272,999.46375
1760634905290,999.46704
1760634905310,999.4514
1760634905330,999.46875
1760634905350,999.46405
1760634905371,999.51135
1760634905390,999.5081
1760634905409,999.5142
1760634905430,999.5136
1760634905449,999.53906
1760634905469,999.53424
1760634905490,999.5536
1760634905510,999.54346
1760634905529,999.5544
1760634905549,999.525
1760634905569,999.54517
1760634905590,999.56586
1760634905610,999.5497
1760634905630,999.5661
1760634905649,999.59564
1760634905669,999.6186
1760634905689,999.6227
1760634905710,999.65735
1760634905730,999.65625
1760634905749,999.67377
1760634905769,999.66125
1760634905789,999.6669
1760634905809,999.6784
1760634905830,999.6667
1760634905850,999.6791
1760634905871,999.6439
1760634905890,999.65216
1760634905909,999.6755
1760634905929,999.65173
1760634905949,999.65
1760634905969,999.6758
1760634905990,999.6766
1760634906009,999.66486
1760634906030,999.6297
1760634906050,999.6518
1760634906071,999.65295
1760634906090,999.64
1760634906111,999.6611
1760634906130,999.6222
1760634906150,999.65436
1760634906172,999.64514
1760634906190,999.64404
1760634906210,999.64154
1760634906230,999.6337
1760634906249,999.65106
1760634906271,999.65173
1760634906297,999.6331
1760634906312,999.66345
1760634906329,999.66077
1760634906349,999.66266
1760634906369,999.6962
1760634906390,999.6987
1760634906410,999.67126
1760634906429,999.71625
1760634906449,999.70844
1760634906469,999.70935
1760634906489,999.7383
1760634906510,999.7405
1760634906529,999.70483
1760634906549,999.71155
1760634906569,999.6739
1760634906589,999.6716
1760634906609,999.70557
1760634906630,999.6984
1760634906649,999.6867
1760634906669,999.6809
1760634906689,999.6777
1760634906709,999.67737
1760634906730,999.6766
1760634906751,999.71564
1760634906770,999.70294
1760634906789,999.72156
1760634906809,999.70764
1760634906829,999.72345
1760634906850,999.72705
1760634906870,999.695
1760634906889,999.70825
1760634906909,999.6884
1760634906929,999.68
1760634906949,999.7295
1760634906970,999.6852
1760634906989,999.70483
1760634907009,999.70483
1760634907029,999.6833
1760634907050,999.70184
1760634907070,999.6992
1760634907090,999.72266
1760634907110,999.69904
1760634907129,999.6987
1760634907149,999.70233
1760634907170,999.7022
1760634907191,999.6853
1760634907210,999.7075
1760634907229,999.70154
1760634907249,999.6951
1760634907270,999.70154
1760634907290,999.70544
1760634907310,999.71686
1760634907329,999.71515
1760634907350,999.7283
1760634907370,999.7459
1760634907390,999.7523
1760634907409,999.7494
1760634907429,999.7578
1760634907449,999.733
1760634907469,999.7392
1760634907489,999.73016
1760634907509,999.7405
1760634907530,999.73596
1760634907549,999.71765
1760634907569,999.702
1760634907589,999.7473
1760634907609,999.7484
1760634907630,999.73584
1760634907650,999.71906
1760634907669,999.7411
1760634907689,999.7236
1760634907709,999.72186
1760634907730,999.70233
1760634907750,999.7031
1760634907770,999.73016
1760634907789,999.72437
1760634907809,999.6784
1760634907829,999.6816
1760634907850,999.6429
1760634907870,999.6905
1760634907889,999.6833
1760634907909,999.6894
1760634907929,999.71606
1760634907949,999.71216
1760634907970,999.71344
1760634907990,999.7269
1760634908011,999.72125
1760634908030,999.737
1760634908050,999.7366
1760634908070,999.7188
1760634908091,999.7731
1760634908110,999.72845
1760634908130,999.7587
1760634908150,999.7463
1760634908170,999.7548
1760634908191,999.74335
1760634908211,999.75653
1760634908230,999.76843
1760634908250,999.77563
1760634908270,999.7606
1760634908289,999.77106
1760634908309,999.7545
1760634908330,999.7661
1760634908349,999.7706
1760634908369,999.79706
1760634908389,999.775
1760634908409,999.77295
1760634908430,999.7558
1760634908449,999.742
1760634908469,999.76514
1760634908489,999.77765
1760634908509,999.77985
1760634908530,999.775
1760634908550,999.763
1760634908569,999.8011
1760634908589,999.79517
1760634908609,999.77563
1760634908629,999.7598
1760634908650,999.789
1760634908669,999.77734
1760634908689,999.7645
1760634908709,999.78424
1760634908729,999.77606
1760634908750,999.78595
1760634908770,999.7555
1760634908789,999.753
1760634908809,999.7416
1760634908829,999.72736
1760634908849,999.72675
1760634908870,999.72107
1760634908890,999.71344
1760634908909,999.71295
1760634908929,999.71436
1760634908949,999.70795
1760634908969,999.72906
1760634908990,999.6738
1760634909009,999.733
1760634909029,999.71893
1760634909049,999.7294
1760634909069,999.7427
1760634909090,999.77313
1760634909110,999.7056
1760634909130,999.73456
1760634909150,999.7378
1760634909169,999.74
1760634909189,999.77155
1760634909210,999.79126
1760634909230,999.77826
1760634909250,999.77893
1760634909269,999.7961
1760634909290,999.77155
1760634909310,999.80475
1760634909330,999.7779
1760634909350,999.78156
1760634909370,999.7584
1760634909389,999.7903
1760634909412,999.76825
1760634909429,999.738
1760634909450,999.72296
1760634909469,999.7344
1760634909489,999.76263
1760634909509,999.77704
1760634909529,999.7678
1760634909550,999.7534
1760634909571,999.76044
1760634909590,999.7611
1760634909610,999.77484
1760634909630,999.76654
1760634909650,999.76904
1760634909671,999.7594
1760634909691,999.76825
1760634909709,999.8102
1760634909729,999.7764
1760634909749,999.8059
1760634909771,999.8
1760634909791,999.8214
1760634909811,999.79486
1760634909829,999.8055
1760634909850,999.8008
1760634909870,999.8212
1760634909892,999.8469
1760634909910,999.84845
1760634909929,999.9089
1760634909949,999.9122
1760634909969,999.9183
1760634909989,999.9217
1760634910010,999.9128
1760634910029,999.90436
1760634910049,999.92017
1760634910069,999.9208
1760634910090,999.8856
1760634910110,999.8821
1760634910130,999.89435
1760634910149,999.91315
1760634910169,999.89
1760634910189,999.8931
1760634910209,999.8795
1760634910230,999.88983
1760634910249,999.88513
1760634910269,999.8695
1760634910289,999.8862
1760634910311,999.90063
1760634910329,999.8912
1760634910349,999.85315
1760634910369,999.8756
1760634910389,999.85986
1760634910409,999.8889
1760634910429,999.89233
1760634910450,999.9109
1760634910470,999.89374
1760634910489,999.90424
1760634910509,999.892
1760634910529,999.90546
1760634910549,999.91125
1760634910570,999.8856
1760634910589,999.8723
1760634910609,999.8627
1760634910629,999.85565
1760634910649,999.85455
1760634910670,999.8659
1760634910690,999.8709
1760634910709,999.8497
1760634910729,999.84625
1760634910750,999.84576
1760634910770,999.8162
1760634910789,999.82635
1760634910810,999.84326
1760634910829,999.83154
1760634910849,999.8674
1760634910869,999.8727
1760634910890,999.86444
1760634910910,999.8492
1760634910929,999.85236
1760634910949,999.8694
1760634910970,999.8561
1760634910989,999.8544
1760634911010,999.8678
1760634911030,999.85126
1760634911049,999.84827
1760634911069,999.8672
1760634911089,999.85486
1760634911110,999.8645
1760634911130,999.87354
1760634911152,999.88934
1760634911169,999.875
1760634911189,999.8581
1760634911209,999.8831
1760634911230,999.90485
1760634911250,999.90717
1760634911269,999.8664
1760634911289,999.8856
1760634911309,999.9014
1760634911329,999.8837
1760634911350,999.89655
1760634911370,999.88904
1760634911389,999.8752
1760634911409,999.8756
1760634911429,999.90564
1760634911449,999.8739
1760634911470,999.88873
1760634911489,999.8762
1760634911509,999.877
1760634911529,999.8767
1760634911549,999.8698
1760634911570,999.8695
1760634911590,999.8748
1760634911609,999.85565
1760634911629,999.84875
1760634911649,999.85156
1760634911669,999.86
1760634911690,999.8909
1760634911711,999.8561
1760634911729,999.887
1760634911749,999.8794
1760634911769,999.8801
1760634911790,999.8975
1760634911811,999.8832
1760634911831,999.91766
1760634911849,999.9302
1760634911869,999.9269
1760634911889,999.90283
1760634911910,999.9129
1760634911930,999.8795
1760634911949,999.89545
1760634911969,999.90106
1760634912000,999.90265
1760634912010,999.89923
1760634912030,999.9278
1760634912050,999.927
1760634912069,999.9
1760634912089,999.91156
1760634912109,999.8736
1760634912130,999.88324
1760634912151,999.8796
1760634912170,999.8845
1760634912190,999.9139
1760634912210,999.8776
1760634912229,999.90063
1760634912249,999.89874
1760634912270,999.9268
1760634912289,999.8848
1760634912311,999.91
1760634912329,999.91876
1760634912349,999.9128
1760634912369,999.9265
1760634912390,999.90454
1760634912409,999.91406
1760634912429,999.9153
1760634912449,999.9153
1760634912469,999.94025
1760634912490,999.9161
1760634912510,999.92737
1760634912529,999.90656
1760634912549,999.90936
1760634912569,999.9264
1760634912590,999.87573
1760634912610,999.8864
1760634912629,999.89764
1760634912649,999.867
1760634912669,999.88983
1760634912689,999.885
1760634912710,999.91986
1760634912730,999.91266
1760634912749,999.8812
1760634912769,999.8886
1760634912789,999.8801
1760634912810,999.90515
1760634912830,999.9122
1760634912849,999.89453
1760634912869,999.8834
1760634912889,999.89905
1760634912910,999.8806
1760634912929,999.8663
1760634912950,999.8906
1760634912969,999.8753
1760634912989,999.88873
1760634913010,999.865
1760634913030,999.90967
1760634913050,999.8954
1760634913069,999.88513
1760634913089,999.8859
1760634913111,999.88934
1760634913129,999.868
1760634913150,999.8544
1760634913170,999.85596
1760634913189,999.8686
1760634913209,999.83093
1760634913229,999.78174
1760634913250,999.785
1760634913270,999.7991
1760634913290,999.81757
1760634913310,999.84454
1760634913329,999.8745
1760634913349,999.9147
1760634913370,999.91815
1760634913390,999.90533
1760634913409,999.91876
1760634913429,999.90955
1760634913449,999.92
1760634913470,999.90234
1760634913490,999.89374
1760634913511,999.931
1760634913529,999.89514
1760634913549,999.90326
1760634913569,999.90875
1760634913589,999.90045
1760634913610,999.89905
1760634913630,999.8645
1760634913649,999.8789
1760634913669,999.89905
1760634913689,999.86346
1760634913709,999.8961
1760634913729,999.9111
1760634913750,999.86127
1760634913769,999.9341
1760634913789,999.91345
1760634913809,999.90314
1760634913829,999.93494
1760634913850,999.95404
1760634913869,999.9316
1760634913889,999.92126
1760634913909,999.94763
1760634913929,999.9431
1760634913949,999.93616
1760634913969,999.91437
1760634913989,999.9391
1760634914009,999.9245
1760634914029,999.938
1760634914049,999.9467
1760634914071,999.9272
1760634914089,999.95514
1760634914110,999.95984
1760634914129,999.9313
1760634914150,999.97015
1760634914170,999.94403
1760634914191,999.9353
1760634914210,999.95795
1760634914230,999.9481
1760634914250,999.9511
1760634914270,999.9517
1760634914290,999.9804
1760634914310,999.9461
1760634914329,999.96185
1760634914349,999.9736
1760634914369,999.96606
1760634914389,999.9441
1760634914410,999.9586
1760634914429,999.94904
1760634914449,999.9525
1760634914469,999.9328
1760634914489,999.9434
1760634914510,999.95514
1760634914530,999.9567
1760634914550,999.96936
1760634914569,999.9397
1760634914589,999.95703
1760634914610,999.96875
1760634914630,999.96375
1760634914649,999.9263
1760634914670,999.9311
1760634914689,999.942
1760634914709,999.9416
1760634914730,999.9374
1760634914750,999.9577
1760634914769,999.9459
1760634914789,999.9481
1760634914809,999.9819
1760634914830,999.97906
1760634914850,999.97766
1760634914870,999.95215
1760634914889,999.95703
1760634914909,999.942
1760634914929,999.9877
1760634914949,999.96344
1760634914970,999.96
1760634914989,999.96875
1760634915010,999.96094
1760634915029,999.96906
1760634915050,999.9288
1760634915070,999.95
1760634915091,999.97797
1760634915110,999.96625
1760634915129,999.96075
1760634915150,999.96893
1760634915169,999.95514
1760634915191,999.9405
1760634915210,999.9327
1760634915230,999.92096
1760634915250,999.8986
1760634915271,999.89905
1760634915290,999.90765
1760634915311,999.92096
1760634915331,999.9255
1760634915350,999.91046
1760634915370,999.9494
1760634915389,999.95654
1760634915410,999.9383
1760634915430,999.9572
1760634915449,999.96545
1760634915469,999.97174
1760634915489,999.9924
1760634915510,999.9844
1760634915530,999.97906
1760634915549,999.9906
1760634915569,999.9966
1760634915589,999.96405
1760634915610,999.9839
1760634915629,999.9612
1760634915651,999.9383
1760634915670,999.98267
1760634915689,999.9891
1760634915709,999.96906
1760634915729,999.97125
1760634915750,999.9833
1760634915770,999.98737
1760634915789,999.96515
1760634915809,999.9903
1760634915829,999.9913
1760634915849,999.9838
1760634915870,999.9894
1760634915891,999.97595
1760634915909,1000.0005
1760634915929,999.97845
1760634915949,1000.02075
1760634915970,1000.00586
1760634915990,1000.02545
1760634916009,1000.0472
1760634916029,1000.0619
1760634916049,1000.04846
1760634916069,1000.04736
1760634916090,1000.0575
1760634916110,1000.065
1760634916130,1000.0597
1760634916149,1000.0575
1760634916169,1000.03217
1760634916190,1000.01385
1760634916211,1000.00696
1760634916229,1000.02893
1760634916249,1000.0458
1760634916269,1000.0425
1760634916289,1000.045
1760634916310,1000.0167
1760634916330,1000.01984
1760634916350,1000.04126
1760634916369,1000.0339
1760634916389,1000.0513
1760634916409,1000.0555
1760634916430,1000.03046
1760634916449,1000.0495
1760634916469,1000.0723
1760634916489,1000.03143
1760634916509,1000.03345
1760634916529,1000.0196
1760634916550,1000.0616
1760634916569,1000.03345
1760634916589,1000.01984
1760634916610,1000.03375
1760634916629,1000.02264
1760634916650,1000.0078
1760634916670,1000.00653
1760634916690,1000.0016
1760634916710,1000.0472
1760634916730,1000.02185
1760634916750,1000.02405
1760634916771,1000.01843
1760634916790,999.96686
1760634916810,999.97375
1760634916830,999.98157
1760634916850,999.96893
1760634916871,999.9462
1760634916890,999.9334
1760634916909,999.96576
1760634916929,999.9792
1760634916949,1000.0094
1760634916969,1000.02814
1760634916990,1000.023
1760634917010,1000.03015
1760634917029,1000.04016
1760634917049,1000.0608
1760634917069,1000.09674
1760634917089,1000.0701
1760634917110,1000.0744
1760634917129,1000.08685
1760634917149,1000.1036
1760634917169,1000.09
1760634917189,1000.09625
1760634917210,1000.0768
1760634917230,1000.06903
1760634917249,1000.0712
1760634917269,1000.04065
1760634917289,1000.0461
1760634917309,1000.0422
1760634917330,1000.0507
1760634917350,1000.058
1760634917369,1000.0728
1760634917389,1000.03577
1760634917410,1000.0641
1760634917430,1000.0619
1760634917450,1000.0686
1760634917469,1000.0747
1760634917489,1000.0636
1760634917509,1000.0666
1760634917530,1000.0466
1760634917550,1000.0472
1760634917570,1000.0503
1760634917589,1000.0517
1760634917610,1000.045
1760634917630,1000.0516
1760634917650,1000.0795
1760634917670,1000.055
1760634917690,1000.0506
1760634917710,1000.0778
1760634917730,1000.03876
1760634917750,1000.0611
1760634917770,1000.0661
1760634917791,1000.05475
1760634917810,1000.03125
1760634917830,1000.0563
1760634917850,1000.0608
1760634917869,1000.077
1760634917890,1000.0583
1760634917910,1000.0408
1760634917929,1000.0698
1760634917949,1000.0628
1760634917969,1000.0505
1760634917989,1000.0566
1760634918010,1000.0651
1760634918029,1000.0644
1760634918051,1000.09326
1760634918070,1000.0708
1760634918090,1000.1111
1760634918110,1000.1125
1760634918131,1000.09344
1760634918149,1000.1183
1760634918170,1000.09467
1760634918190,1000.108
1760634918210,1000.1028
1760634918230,1000.10736
1760634918251,1000.1245
1760634918269,1000.1133
1760634918290,1000.1086
1760634918310,1000.115
1760634918330,1000.10657
1760634918351,1000.0944
1760634918370,1000.08844
1760634918389,1000.0828
1760634918410,1000.0577
1760634918429,1000.04095
1760634918449,1000.0216
1760634918470,1000.01294
1760634918489,1000.0228
1760634918510,1000.035
1760634918529,1000.03156
1760634918550,1000.0466
1760634918570,1000.06213
1760634918590,1000.08923
1760634918610,1000.10345
1760634918629,1000.10767
1760634918649,1000.1122
1760634918670,1000.0828
1760634918690,1000.1104
1760634918710,1000.1163
1760634918729,1000.09
1760634918749,1000.1105
1760634918770,1000.0783
1760634918790,1000.1029
1760634918810,1000.10297
1760634918830,1000.10077
1760634918849,1000.1139
1760634918869,1000.1039
1760634918890,1000.1334
1760634918910,1000.1499
1760634918930,1000.1653
1760634918949,1000.1784
1760634918969,1000.1258
1760634918989,1000.1467
1760634919010,1000.15356
1760634919031,1000.12646
1760634919050,1000.15454
1760634919070,1000.1403
1760634919090,1000.14233
1760634919110,1000.1722
1760634919130,1000.16473
1760634919151,1000.1741
1760634919169,1000.1653
1760634919189,1000.16815
1760634919210,1000.1669
1760634919231,1000.1714
1760634919250,1000.1667
1760634919270,1000.175
1760634919289,1000.1803
1760634919310,1000.1802
1760634919329,1000.1995
1760634919350,1000.1726
1760634919370,1000.1552
1760634919389,1000.1314
1760634919410,1000.1453
1760634919430,1000.17017
1760634919449,1000.15326
1760634919469,1000.1364
1760634919491,1000.1278
1760634919509,1000.1389
1760634919529,1000.15106
1760634919549,1000.1395
1760634919571,1000.1708
1760634919591,1000.144
1760634919609,1000.14124
1760634919630,1000.1425
1760634919649,1000.14545
1760634919669,1000.1791
1760634919690,1000.1523
1760634919711,1000.16266
1760634919729,1000.1809
1760634919750,1000.15015
1760634919770,1000.1664
1760634919790,1000.1692
1760634919811,1000.1463
1760634919831,1000.1781
1760634919850,1000.19904
1760634919870,1000.15375
1760634919890,1000.1417
1760634919910,1000.1539
1760634919930,1000.15625
1760634919949,1000.15967
1760634919969,1000.17017
1760634919989,1000.15533
1760634920009,1000.15967
1760634920029,1000.1814
1760634920050,1000.1775
1760634920069,1000.16064
1760634920090,1000.1686
1760634920109,1000.1809
1760634920130,1000.1791
1760634920150,1000.18713
1760634920170,1000.1869
1760634920190,1000.1909
1760634920209,1000.1756
1760634920230,1000.2045
1760634920249,1000.17236
1760634920270,1000.16797
1760634920289,1000.17487
1760634920309,1000.1803
1760634920329,1000.16736
1760634920349,1000.1742
1760634920369,1000.1408
1760634920391,1000.08795
1760634920409,1000.09564
1760634920430,1000.1189
1760634920449,1000.1188
1760634920469,1000.07684
1760634920491,1000.0974
1760634920510,1000.135
1760634920529,1000.1174
1760634920550,1000.10516
1760634920570,1000.1234
1760634920590,1000.1195
1760634920610,1000.1213
1760634920630,1000.1276
1760634920650,1000.1317
1760634920670,1000.10956
1760634920690,1000.1323
1760634920710,1000.1323
1760634920731,1000.1356
1760634920751,1000.1245
1760634920770,1000.1611
1760634920790,1000.1342
1760634920810,1000.1297
1760634920830,1000.1233
1760634920849,1000.14813
1760634920869,1000.13513
1760634920889,1000.1378
1760634920910,1000.17017
1760634920930,1000.1546
1760634920949,1000.1439
1760634920969,1000.1253
1760634920989,1000.08154
1760634921009,1000.09235
1760634921029,1000.0795
1760634921051,1000.11426
1760634921070,1000.1297
1760634921090,1000.09406
1760634921109,1000.10565
1760634921129,1000.118
1760634921149,1000.1617
1760634921170,1000.16
1760634921190,1000.1912
1760634921210,1000.1675
1760634921229,1000.19403
1760634921249,1000.2128
1760634921270,1000.18494
1760634921290,1000.21674
1760634921309,1000.1908
1760634921329,1000.1962
1760634921349,1000.20483
1760634921369,1000.20233
1760634921390,1000.2455
1760634921410,1000.195
1760634921430,1000.23456
1760634921449,1000.22424
1760634921469,1000.21515
1760634921489,1000.2025
1760634921510,1000.23346
1760634921529,1000.2424
1760634921549,1000.21356
1760634921569,1000.23267
1760634921589,1000.2375
1760634921609,1000.2253
1760634921631,1000.2061
1760634921650,1000.21344
1760634921670,1000.1984
1760634921690,1000.1967
1760634921710,1000.1923
1760634921730,1000.205
1760634921751,1000.2114
1760634921770,1000.2303
1760634921790,1000.2319
1760634921809,1000.2536
1760634921830,1000.2408
1760634921851,1000.2066
1760634921869,1000.21704
1760634921890,1000.21484
1760634921910,1000.21075
1760634921929,1000.2247
1760634921949,1000.22906
1760634921970,1000.22437
1760634921989,1000.2408
1760634922009,1000.23987
1760634922029,1000.23
1760634922049,1000.25073
1760634922070,1000.21814
1760634922090,1000.23065
1760634922109,1000.2556
1760634922129,1000.2325
1760634922150,1000.2424
1760634922170,1000.2055
1760634922191,1000.2053
1760634922210,1000.2392
1760634922231,1000.2452
1760634922250,1000.2453
1760634922270,1000.2325
1760634922290,1000.2587
1760634922310,1000.248
1760634922329,1000.22406
1760634922350,1000.2413
1760634922371,1000.21515
1760634922389,1000.2434
1760634922410,1000.262
1760634922430,1000.252
1760634922450,1000.2388
1760634922469,1000.2317
1760634922489,1000.23065
1760634922510,1000.2314
1760634922530,1000.2442
1760634922549,1000.2494
1760634922570,1000.2481
1760634922590,1000.2392
1760634922610,1000.2409
1760634922631,1000.2584
1760634922651,1000.28204
1760634922670,1000.2542
1760634922690,1000.22186
1760634922709,1000.2417
1760634922752,1000.24927
1760634922761,1000.25
1760634922775,1000.23126
1760634922789,1000.2484
1760634922810,1000.2402
1760634922830,1000.2453
1760634922851,1000.2349
1760634922870,1000.2366
1760634922889,1000.2434
1760634922909,1000.2537
1760634922930,1000.248
1760634922951,1000.2623
1760634922970,1000.26373
1760634922990,1000.2425
1760634923009,1000.28174
1760634923029,1000.2569
1760634923049,1000.25653
1760634923071,1000.2409
1760634923090,1000.2495
1760634923109,1000.28033
1760634923130,1000.267
1760634923149,1000.27185
1760634923169,1000.2825
1760634923190,1000.2573
1760634923210,1000.2506
1760634923229,1000.28015
1760634923249,1000.27686
1760634923269,1000.26764
1760634923289,1000.27905
1760634923310,1000.2646
1760634923329,1000.27985
1760634923349,1000.27686
1760634923369,1000.28436
1760634923389,1000.2659
1760634923410,1000.27747
1760634923430,1000.26373
1760634923450,1000.27264
1760634923469,1000.2578
1760634923489,1000.2355
1760634923509,1000.2645
1760634923530,1000.2645
1760634923550,1000.26483
1760634923569,1000.2464
1760634923589,1000.27856
1760634923609,1000.28406
1760634923631,1000.2676
1760634923650,1000.2842
1760634923670,1000.29236
1760634923690,1000.27856
1760634923710,1000.28424
1760634923730,1000.27936
1760634923750,1000.27466
1760634923770,1000.27625
1760634923790,1000.2953
1760634923809,1000.30237
1760634923830,1000.27374
1760634923850,1000.2991
1760634923871,1000.28766
1760634923891,1000.27936
1760634923910,1000.3175
1760634923930,1000.3256
1760634923949,1000.3066
1760634923970,1000.29266
1760634923990,1000.3004
1760634924010,1000.3219
1760634924029,1000.3214
1760634924049,1000.31903
1760634924069,1000.3236
1760634924090,1000.32263
1760634924110,1000.3137
1760634924129,1000.32684
1760634924150,1000.3155
1760634924169,1000.32935
1760634924190,1000.3159
1760634924210,1000.26807
1760634924230,1000.3109
1760634924249,1000.28937
1760634924269,1000.3198
1760634924290,1000.3136
1760634924310,1000.3209
1760634924330,1000.27313
1760634924349,1000.27716
1760634924369,1000.2611
1760634924389,1000.2544
1760634924422,1000.27997
1760634924430,1000.28516
1760634924450,1000.2419
1760634924469,1000.22235
1760634924489,1000.23096
1760634924509,1000.2506
1760634924531,1000.2406
1760634924551,1000.2687
1760634924571,1000.2753
1760634924589,1000.2642
1760634924610,1000.26874
1760634924630,1000.29016
1760634924650,1000.28766
1760634924671,1000.3027
1760634924690,1000.3131
1760634924710,1000.3331
1760634924729,1000.298
1760634924750,1000.31903
1760634924770,1000.3211
1760634924791,1000.3148
1760634924810,1000.3181
1760634924830,1000.34735
1760634924849,1000.3183
1760634924870,1000.3172
1760634924891,1000.3175
1760634924910,1000.3176
1760634924931,1000.3131
1760634924949,1000.3056
1760634924969,1000.3247
1760634924989,1000.3187
1760634925010,1000.3512
1760634925029,1000.3072
1760634925049,1000.33795
1760634925070,1000.33813
1760634925091,1000.321
1760634925111,1000.3075
1760634925131,1000.363
1760634925151,1000.3339
1760634925170,1000.3019
1760634925190,1000.3033
1760634925210,1000.257
1760634925230,1000.22034
1760634925249,1000.1906
1760634925271,1000.2308
1760634925290,1000.2328
1760634925310,1000.248
1760634925330,1000.2651
1760634925351,1000.2583
1760634925370,1000.2714
1760634925389,1000.2403
1760634925410,1000.27405
1760634925430,1000.26904
1760634925450,1000.3167
1760634925470,1000.33374
1760634925490,1000.3155
1760634925509,1000.32153
1760634925529,1000.32935
1760634925550,1000.2895
1760634925570,1000.3181
1760634925589,1000.2992
1760634925609,1000.2969
1760634925629,1000.3034
1760634925650,1000.29315
1760634925670,1000.3074
1760634925690,1000.3119
1760634925710,1000.29315
1760634925729,1000.33484
1760634925749,1000.3197
1760634925770,1000.3374
1760634925791,1000.3201
1760634925809,1000.3322
1760634925829,1000.3233
1760634925850,1000.322
1760634925869,1000.3066
1760634925890,1000.29926
1760634925909,1000.3176
1760634925929,1000.307
1760634925949,1000.3
1760634925969,1000.307
1760634925989,1000.32
1760634926010,1000.3072
1760634926030,1000.3237
1760634926049,1000.29236
1760634926069,1000.3153
1760634926090,1000.3242
1760634926110,1000.3116
1760634926130,1000.3081
1760634926151,1000.33685
1760634926170,1000.32404
1760634926189,1000.34
1760634926209,1000.33826
1760634926230,1000.34045
1760634926250,1000.3361
1760634926270,1000.33185
1760634926290,1000.3211
1760634926309,1000.3242
1760634926330,1000.3286
1760634926350,1000.3197
1760634926371,1000.31036
1760634926389,1000.3475
1760634926410,1000.3638
1760634926430,1000.33374
1760634926449,1000.3717
1760634926470,1000.367
1760634926489,1000.35986
1760634926509,1000.3767
1760634926529,1000.3817
1760634926549,1000.3631
1760634926571,1000.35046
1760634926590,1000.34326
1760634926609,1000.36346
1760634926629,1000.3767
1760634926649,1000.3659
1760634926669,1000.375
1760634926690,1000.3686
1760634926710,1000.3631
1760634926730,1000.3642
1760634926749,1000.35175
1760634926769,1000.36487
1760634926790,1000.35925
1760634926810,1000.3662
1760634926829,1000.3759
1760634926849,1000.3536
1760634926869,1000.367
1760634926889,1000.3805
1760634926910,1000.34973
1760634926931,1000.3558
1760634926949,1000.3389
1760634926969,1000.3703
1760634926989,1000.40216
1760634927010,1000.3745
1760634927030,1000.3742
1760634927050,1000.3647
1760634927069,1000.3909
1760634927090,1000.38513
1760634927110,1000.3967
1760634927131,1000.38153
1760634927150,1000.39233
1760634927169,1000.3817
1760634927190,1000.39954
1760634927210,1000.40326
1760634927229,1000.40063
1760634927251,1000.39703
1760634927271,1000.40045
1760634927290,1000.41876
1760634927309,1000.41077
1760634927329,1000.41626
1760634927350,1000.3837
1760634927370,1000.3881
1760634927389,1000.39813
1760634927410,1000.39154
1760634927430,1000.3784
1760634927450,1000.3717
1760634927469,1000.3572
1760634927490,1000.35986
1760634927509,1000.3753
1760634927530,1000.39435
1760634927549,1000.3989
1760634927569,1000.38153
1760634927590,1000.3872
1760634927610,1000.4073
1760634927631,1000.40155
1760634927649,1000.40094
1760634927669,1000.41205
1760634927689,1000.41095
1760634927711,1000.3971
1760634927729,1000.3914
1760634927749,1000.3931
1760634927769,1000.39764
1760634927789,1000.3881
1760634927809,1000.3533
1760634927830,1000.3686
1760634927849,1000.3834
1760634927870,1000.37
1760634927889,1000.41016
1760634927909,1000.40173
1760634927930,1000.345
1760634927950,1000.35986
1760634927969,1000.3753
1760634927989,1000.3736
1760634928009,1000.37
1760634928030,1000.38
1760634928051,1000.38556
1760634928069,1000.3603
1760634928089,1000.40393
1760634928109,1000.3614
1760634928129,1000.3783
1760634928150,1000.3875
1760634928170,1000.40045
1760634928190,1000.3906
1760634928209,1000.372
1760634928229,1000.3931
1760634928249,1000.387
1760634928269,1000.3686
1760634928289,1000.34796
1760634928310,1000.39685
1760634928329,1000.3825
1760634928349,1000.3722
1760634928369,1000.3941
1760634928390,1000.3739
1760634928409,1000.39594
1760634928429,1000.3844
1760634928449,1000.3725
1760634928469,1000.35876
1760634928489,1000.33575
1760634928511,1000.3644
1760634928530,1000.3633
1760634928550,1000.33545
1760634928570,1000.3375
1760634928590,1000.35986
1760634928611,1000.3692
1760634928630,1000.3759
1760634928650,1000.3503
1760634928669,1000.3677
1760634928689,1000.40533
1760634928710,1000.3725
1760634928730,1000.3778
1760634928749,1000.3725
1760634928769,1000.3733
1760634928789,1000.3659
1760634928809,1000.3911
1760634928829,1000.40735
1760634928851,1000.36053
1760634928869,1000.3798
1760634928889,1000.4089
1760634928909,1000.3709
1760634928930,1000.39966
1760634928950,1000.40936
1760634928969,1000.38934
1760634928989,1000.383
1760634929009,1000.3817
1760634929029,1000.3795
1760634929050,1000.39685
1760634929071,1000.37994
1760634929090,1000.3939
1760634929110,1000.3884
1760634929129,1000.35376
1760634929150,1000.3778
1760634929170,1000.35834
1760634929191,1000.3692
1760634929209,1000.3666
1760634929230,1000.3667
1760634929249,1000.39484
1760634929270,1000.41864
1760634929291,1000.384
1760634929310,1000.3833
1760634929329,1000.39874
1760634929350,1000.3853
1760634929371,1000.3845
1760634929390,1000.4252
1760634929411,1000.40283
1760634929430,1000.41174
1760634929450,1000.4305
1760634929469,1000.3775
1760634929489,1000.41455
1760634929510,1000.40717
1760634929530,1000.40985
1760634929550,1000.42487
1760634929570,1000.4489
1760634929589,1000.46155
1760634929610,1000.43134
1760634929630,1000.4377
1760634929649,1000.4567
1760634929669,1000.4426
1760634929689,1000.4384
1760634929710,1000.4487
1760634929730,1000.4028
1760634929751,1000.4288
1760634929770,1000.4414
1760634929790,1000.45184
1760634929809,1000.5139
1760634929830,1000.53424
1760634929851,1000.554
1760634929870,1000.5627
1760634929890,1000.57684
1760634929910,1000.5783
1760634929930,1000.54846
1760634929952,1000.5304
1760634929969,1000.51953
1760634929990,1000.4947
1760634930009,1000.48846
1760634930029,1000.4933
1760634930049,1000.5253
1760634930070,1000.51685
1760634930090,1000.51434
1760634930109,1000.54706
1760634930129,1000.53186
1760634930150,1000.5142
1760634930170,1000.5125
1760634930191,1000.52203
1760634930209,1000.5086
1760634930229,1000.5189
1760634930251,1000.53485
1760634930270,1000.52454
1760634930290,1000.52594
1760634930311,1000.51984
1760634930329,1000.5525
1760634930349,1000.54376
1760634930369,1000.54736
1760634930389,1000.5425
1760634930411,1000.5605
1760634930430,1000.55164
1760634930449,1000.548
1760634930469,1000.5167
1760634930489,1000.52515
1760634930510,1000.52203
1760634930531,1000.4999
1760634930550,1000.5061
1760634930570,1000.5192
1760634930590,1000.4908
1760634930609,1000.47656
1760634930630,1000.5192
1760634930651,1000.52673
1760634930670,1000.525
1760634930689,1000.5059
1760634930710,1000.4908
1760634930730,1000.4967
1760634930750,1000.4919
1760634930770,1000.488
1760634930790,1000.48016
1760634930811,1000.4847
1760634930830,1000.46265
1760634930850,1000.4723
1760634930871,1000.4328
1760634930890,1000.4375
1760634930911,1000.46674
1760634930929,1000.4842
1760634930950,1000.5164
1760634930969,1000.505
1760634930990,1000.48065
1760634931009,1000.4372
1760634931029,1000.4433
1760634931049,1000.4528
1760634931070,1000.42487
1760634931089,1000.427
1760634931110,1000.4266
1760634931129,1000.4433
1760634931149,1000.4895
1760634931170,1000.4881
1760634931190,1000.492
1760634931211,1000.5002
1760634931230,1000.4928
1760634931251,1000.5022
1760634931270,1000.505
1760634931290,1000.52905
1760634931310,1000.53235
1760634931330,1000.51483
1760634931350,1000.5039
1760634931369,1000.52234
1760634931389,1000.5076
1760634931409,1000.51733
1760634931430,1000.5253
1760634931449,1000.5
1760634931469,1000.4875
1760634931489,1000.50903
1760634931509,1000.5048
1760634931529,1000.5162
1760634931549,1000.4941
1760634931569,1000.51624
1760634931589,1000.5006
1760634931609,1000.4822
1760634931629,1000.4961
1760634931649,1000.4867
1760634931670,1000.4708
1760634931689,1000.4847
1760634931709,1000.48346
1760634931729,1000.47
1760634931750,1000.47955
1760634931771,1000.4867
1760634931789,1000.4889
1760634931809,1000.47186
1760634931829,1000.5014
1760634931850,1000.46655
1760634931870,1000.4419
1760634931890,1000.4387
1760634931910,1000.4401
1760634931930,1000.4391
1760634931949,1000.4245
1760634931969,1000.4206
1760634931989,1000.4539
1760634932009,1000.4952
1760634932030,1000.52075
1760634932049,1000.4883
1760634932069,1000.54456
1760634932090,1000.52295
1760634932110,1000.51984
1760634932129,1000.52264
1760634932149,1000.4992
1760634932169,1000.5058
1760634932189,1000.5236
1760634932210,1000.5056
1760634932230,1000.5075
1760634932250,1000.5048
1760634932270,1000.52295
1760634932289,1000.52344
1760634932309,1000.52515
1760634932330,1000.55054
1760634932349,1000.5642
1760634932370,1000.552
1760634932389,1000.5555
1760634932410,1000.5516
1760634932429,1000.529
1760634932450,1000.53204
1760634932470,1000.5203
1760634932491,1000.5125
1760634932509,1000.5081
1760634932529,1000.4934
1760634932550,1000.48175
1760634932571,1000.45306
1760634932589,1000.4414
1760634932609,1000.41595
1760634932629,1000.40216
1760634932650,1000.4194
1760634932670,1000.40845
1760634932689,1000.4242
1760634932709,1000.41766
1760634932730,1000.4339
1760634932749,1000.4455
1760634932769,1000.4795
1760634932790,1000.46185
1760634932809,1000.4925
1760634932829,1000.5006
1760634932849,1000.52783
1760634932870,1000.5239
1760634932890,1000.54596
1760634932911,1000.5202
1760634932930,1000.52985
1760634932950,1000.53705
1760634932969,1000.555
1760634932989,1000.5647
1760634933009,1000.5597
1760634933030,1000.5747
1760634933049,1000.58966
1760634933070,1000.57733
1760634933089,1000.5708
1760634933109,1000.5786
1760634933131,1000.5747
1760634933149,1000.5697
1760634933170,1000.5781
1760634933190,1000.59106
1760634933210,1000.6044
1760634933230,1000.55646
1760634933250,1000.575
1760634933269,1000.5761
1760634933289,1000.5861
1760634933309,1000.5545
1760634933329,1000.5669
1760634933350,1000.57477
1760634933370,1000.5739
1760634933389,1000.6236
1760634933409,1000.59216
1760634933429,1000.58575
1760634933450,1000.53455
1760634933471,1000.54376
1760634933489,1000.57544
1760634933509,1000.5697
1760634933529,1000.60156
1760634933549,1000.59033
1760634933572,1000.58826
1760634933590,1000.5756
1760634933609,1000.5758
1760634933629,1000.58344
1760634933650,1000.6114
1760634933670,1000.60156
1760634933691,1000.6105
1760634933709,1000.61127
1760634933730,1000.58435
1760634933749,1000.6122
1760634933770,1000.60046
1760634933790,1000.60315
1760634933811,1000.6243
1760634933830,1000.6337
1760634933850,1000.6119
1760634933870,1000.5975
1760634933891,1000.59515
1760634933910,1000.6164
1760634933930,1000.6167
1760634933950,1000.6155
1760634933969,1000.6072
1760634933989,1000.6036
1760634934009,1000.6233
1760634934030,1000.63605
1760634934049,1000.65265
1760634934069,1000.6133
1760634934089,1000.6192
1760634934110,1000.6227
1760634934130,1000.6451
1760634934150,1000.5936
1760634934169,1000.6141
1760634934189,1000.6278
1760634934209,1000.5831
1760634934230,1000.5277
1760634934250,1000.52594
1760634934269,1000.5508
1760634934290,1000.5681
1760634934309,1000.5658
1760634934329,1000.5661
1760634934350,1000.5681
1760634934370,1000.58813
1760634934389,1000.5508
1760634934409,1000.5581
1760634934429,1000.54266
1760634934449,1000.5736
1760634934469,1000.5742
1760634934489,1000.5712
1760634934509,1000.59296
1760634934529,1000.5676
1760634934549,1000.59705
1760634934570,1000.59576
1760634934590,1000.59326
1760634934610,1000.6105
1760634934630,1000.6064
1760634934650,1000.635
1760634934670,1000.6283
1760634934690,1000.65533
1760634934710,1000.60693
1760634934729,1000.63153
1760634934750,1000.6166
1760634934770,1000.64844
1760634934790,1000.65173
1760634934810,1000.65436
1760634934830,1000.64624
1760634934849,1000.65674
1760634934869,1000.6417
1760634934890,1000.66797
1760634934910,1000.6583
1760634934930,1000.66736
1760634934950,1000.65375
1760634934969,1000.65735
1760634934989,1000.6489
1760634935009,1000.6672
1760634935030,1000.64764
1760634935050,1000.6344
1760634935069,1000.6114
1760634935089,1000.6217
1760634935110,1000.5698
1760634935129,1000.5964
1760634935150,1000.6197
1760634935169,1000.615
1760634935189,1000.6359
1760634935209,1000.64014
1760634935229,1000.6378
1760634935250,1000.6314
1760634935270,1000.6259
1760634935289,1000.6414
1760634935309,1000.6309
1760634935329,1000.6198
1760634935349,1000.6205
1760634935370,1000.6404
1760634935390,1000.6359
1760634935409,1000.65326
1760634935429,1000.65625
1760634935449,1000.6395
1760634935469,1000.64264
1760634935489,1000.659
1760634935509,1000.66376
1760634935529,1000.64374
1760634935549,1000.6917
1760634935570,1000.6683
1760634935590,1000.65985
1760634935611,1000.64545
1760634935629,1000.66156
1760634935650,1000.64716
1760634935669,1000.6799
1760634935690,1000.66125
1760634935711,1000.6611
1760634935730,1000.65845
1760634935750,1000.6705
1760634935769,1000.65375
1760634935790,1000.6392
1760634935810,1000.6367
1760634935831,1000.64844
1760634935850,1000.6467
1760634935869,1000.64874
1760634935889,1000.65485
1760634935910,1000.6877
1760634935930,1000.66
1760634935951,1000.6508
1760634935969,1000.678
1760634935989,1000.70435
1760634936009,1000.6808
1760634936029,1000.6844
1760634936049,1000.70685
1760634936069,1000.64703
1760634936089,1000.6298
1760634936109,1000.65704
1760634936129,1000.6359
1760634936149,1000.66156
1760634936170,1000.6344
1760634936189,1000.65283
1760634936209,1000.67126
1760634936229,1000.6866
1760634936250,1000.66034
1760634936270,1000.67914
1760634936290,1000.6678
1760634936309,1000.6983
1760634936330,1000.67377
1760634936349,1000.6827
1760634936369,1000.6275
1760634936390,1000.6577
1760634936409,1000.65216
1760634936430,1000.60913
1760634936449,1000.645
1760634936470,1000.64825
1760634936489,1000.6384
1760634936510,1000.6283
1760634936529,1000.6358
1760634936549,1000.64374
1760634936569,1000.6478
1760634936590,1000.65454
1760634936609,1000.66205
1760634936630,1000.66437
1760634936649,1000.63544
1760634936669,1000.65845
1760634936689,1000.65344
1760634936710,1000.66547
1760634936730,1000.64923
1760634936749,1000.6661
1760634936769,1000.6705
1760634936789,1000.6478
1760634936809,1000.6869
1760634936830,1000.6409
1760634936851,1000.6411
1760634936869,1000.6384
1760634936889,1000.63403
1760634936909,1000.6431
1760634936929,1000.6164
1760634936949,1000.6147
1760634936972,1000.65063
1760634936989,1000.6744
1760634937009,1000.6919
1760634937029,1000.6808
1760634937050,1000.6944
1760634937070,1000.6883
1760634937090,1000.6409
1760634937109,1000.65283
1760634937130,1000.6175
1760634937150,1000.67346
1760634937170,1000.6911
1760634937190,1000.6933
1760634937209,1000.6867
1760634937231,1000.6973
1760634937250,1000.6916
1760634937269,1000.65424
1760634937291,1000.65204
1760634937310,1000.6266
1760634937329,1000.65344
1760634937349,1000.66266
1760634937370,1000.6795
1760634937391,1000.66656
1760634937411,1000.65515
1760634937430,1000.67126
1760634937449,1000.6794
1760634937473,1000.6736
1760634937489,1000.6792
1760634937510,1000.6847
1760634937530,1000.6805
1760634937549,1000.6944
1760634937569,1000.70935
1760634937589,1000.6901
1760634937609,1000.67725
1760634937630,1000.6861
1760634937649,1000.66486
1760634937669,1000.6763
1760634937689,1000.63873
1760634937709,1000.66174
1760634937730,1000.65924
1760634937750,1000.6767
1760634937770,1000.73
1760634937789,1000.72076
1760634937809,1000.71204
1760634937830,1000.70703
1760634937850,1000.6873
1760634937870,1000.6986
1760634937889,1000.69
1760634937909,1000.715
1760634937929,1000.6831
1760634937949,1000.7067
1760634937970,1000.6887
1760634937989,1000.6944
1760634938009,1000.678
1760634938029,1000.6986
1760634938049,1000.70154
1760634938070,1000.6959
1760634938090,1000.7144
1760634938109,1000.66376
1760634938129,1000.6992
1760634938149,1000.6911
1760634938170,1000.6901
1760634938190,1000.6961
1760634938209,1000.71423
1760634938230,1000.71747
1760634938249,1000.7509
1760634938270,1000.71643
1760634938290,1000.70935
1760634938310,1000.7034
1760634938331,1000.71356
1760634938349,1000.71454
1760634938370,1000.6862
1760634938389,1000.66296
1760634938410,1000.6316
1760634938430,1000.66174
1760634938449,1000.68
1760634938470,1000.70544
1760634938489,1000.70966
1760634938509,1000.7176
1760634938530,1000.7331
1760634938549,1000.7114
1760634938569,1000.70905
1760634938589,1000.7008
1760634938609,1000.71893
1760634938630,1000.7342
1760634938650,1000.7325
1760634938669,1000.7583
1760634938690,1000.7311
1760634938709,1000.6912
1760634938729,1000.70294
1760634938749,1000.6939
1760634938770,1000.7054
1760634938789,1000.6886
1760634938809,1000.7297
1760634938829,1000.7139
1760634938849,1000.71063
1760634938869,1000.70575
1760634938890,1000.65735
1760634938909,1000.6589
1760634938930,1000.66516
1760634938949,1000.6825
1760634938970,1000.7064
1760634938989,1000.7039
1760634939009,1000.70575
1760634939029,1000.7006
1760634939049,1000.71564
1760634939070,1000.71204
1760634939091,1000.72876
1760634939111,1000.70575
1760634939130,1000.6891
1760634939150,1000.77325
1760634939170,1000.7595
1760634939190,1000.758
1760634939210,1000.77686
1760634939230,1000.78876
1760634939249,1000.77313
1760634939269,1000.8033
1760634939289,1000.7991
1760634939312,1000.7955
1760634939331,1000.78876
1760634939350,1000.78906
1760634939369,1000.7897
1760634939389,1000.77826
1760634939410,1000.8066
1760634939430,1000.7914
1760634939449,1000.7978
1760634939469,1000.78186
1760634939489,1000.7919
1760634939509,1000.7736
1760634939530,1000.7575
1760634939550,1000.77765
1760634939570,1000.76764
1760634939590,1000.77576
1760634939610,1000.76984
1760634939629,1000.7478
1760634939650,1000.73676
1760634939671,1000.75287
1760634939690,1000.76154
1760634939710,1000.73157
1760634939730,1000.6947
1760634939750,1000.6891
1760634939770,1000.64935
1760634939789,1000.65063
1760634939810,1000.6872
1760634939829,1000.71295
1760634939850,1000.71454
1760634939870,1000.71893
1760634939890,1000.68695
1760634939910,1000.72107
1760634939930,1000.7592
1760634939950,1000.7444
1760634939970,1000.753
1760634939989,1000.758
1760634940010,1000.78064
1760634940029,1000.78925
1760634940049,1000.8103
1760634940069,1000.8594
1760634940089,1000.8111
1760634940110,1000.808
1760634940129,1000.7994
1760634940150,1000.8211
1760634940170,1000.78546
1760634940190,1000.8089
1760634940210,1000.8131
1760634940231,1000.8279
1760634940250,1000.8042
1760634940270,1000.84045
1760634940290,1000.8248
1760634940310,1000.84937
1760634940330,1000.8503
1760634940351,1000.84393
1760634940370,1000.82544
1760634940389,1000.8292
1760634940410,1000.8112
1760634940430,1000.8005
1760634940450,1000.8083
1760634940470,1000.8189
1760634940489,1000.8658
1760634940509,1000.822
1760634940529,1000.8111
1760634940550,1000.82556
1760634940570,1000.83
1760634940590,1000.8183
1760634940609,1000.86017
1760634940629,1000.84784
1760634940650,1000.8528
1760634940670,1000.8427
1760634940689,1000.8642
1760634940709,1000.84705
1760634940730,1000.84204
1760634940749,1000.84015
1760634940769,1000.8722
1760634940790,1000.8652
1760634940809,1000.83484
1760634940829,1000.873
1760634940849,1000.8775
1760634940870,1000.88763
1760634940890,1000.8658
1760634940910,1000.8583
1760634940929,1000.85986
1760634940949,1000.8769
1760634940969,1000.8705
1760634940989,1000.8939
1760634941009,1000.84393
1760634941029,1000.8672
1760634941049,1000.85065
1760634941069,1000.85046
1760634941089,1000.8569
1760634941110,1000.8099
1760634941130,1000.86005
1760634941150,1000.8858
1760634941169,1000.8622
1760634941189,1000.8792
1760634941210,1000.86237
1760634941229,1000.83936
1760634941250,1000.84656
1760634941269,1000.83923
1760634941289,1000.84796
1760634941309,1000.8489
1760634941329,1000.8039
1760634941349,1000.8095
1760634941369,1000.827
1760634941389,1000.8075
1760634941409,1000.8053
1760634941429,1000.76154
1760634941450,1000.785
1760634941470,1000.7487
1760634941489,1000.77606
1760634941509,1000.7914
1760634941529,1000.79297
1760634941550,1000.8047
1760634941569,1000.85406
1760634941590,1000.8616
1760634941609,1000.85736
1760634941629,1000.8706
1760634941649,1000.84454
1760634941670,1000.8736
1760634941690,1000.8808
1760634941709,1000.8723
1760634941729,1000.8911
1760634941749,1000.8939
1760634941769,1000.8663
1760634941790,1000.88837
1760634941810,1000.90656
1760634941829,1000.91705
1760634941849,1000.9323
1760634941869,1000.9192
1760634941890,1000.9197
1760634941911,1000.91766
1760634941930,1000.90564
1760634941949,1000.90546
1760634941969,1000.91064
1760634941989,1000.9252
1760634942009,1000.90454
1760634942030,1000.9369
1760634942049,1000.9389
1760634942070,1000.97266
1760634942090,1000.98486
1760634942110,1000.992
1760634942130,1000.95154
1760634942151,1000.9325
1760634942170,1000.9378
1760634942190,1000.9208
1760634942210,1000.90375
1760634942230,1000.90173
1760634942250,1000.92
1760634942269,1000.9211
1760634942291,1000.93805
1760634942309,1000.9164
1760634942329,1000.9206
1760634942350,1000.90643
1760634942370,1000.92285
1760634942389,1000.8797
1760634942409,1000.8956
1760634942430,1000.9302
1760634942450,1000.91736
1760634942470,1000.9373
1760634942490,1000.95154
1760634942509,1000.96606
1760634942529,1000.9475
1760634942549,1000.9369
1760634942569,1000.9412
1760634942590,1000.9741
1760634942609,1000.9417
1760634942629,1000.9359
1760634942649,1000.91345
1760634942669,1000.9394
1760634942689,1000.92114
1760634942710,1000.9344
1760634942729,1000.9531
1760634942749,1000.9522
1760634942769,1000.95905
1760634942789,1000.9409
1760634942809,1000.91144
1760634942830,1000.8761
1760634942849,1000.84375
1760634942869,1000.8097
1760634942889,1000.7908
1760634942913,1000.71924
1760634942929,1000.6855
1760634942949,1000.70294
1760634942969,1000.70575
1760634942989,1000.7297
1760634943009,1000.72186
1760634943029,1000.71173
1760634943050,1000.6984
1760634943069,1000.72815
1760634943089,1000.7573
1760634943109,1000.76794
1760634943130,1000.7911
1760634943149,1000.78156
1760634943169,1000.82
1760634943189,1000.8283
1760634943209,1000.8183
1760634943229,1000.83923
1760634943249,1000.83203
1760634943270,1000.8482
1760634943289,1000.8822
1760634943309,1000.8711
1760634943329,1000.85986
1760634943349,1000.885
1760634943369,1000.8769
1760634943391,1000.8812
1760634943409,1000.84454
1760634943429,1000.85376
1760634943449,1000.85126
1760634943469,1000.8644
1760634943489,1000.81226
1760634943509,1000.83984
1760634943529,1000.8278
1760634943549,1000.808
1760634943569,1000.8156
1760634943604,1000.83936
1760634943623,1000.82764
1760634943643,1000.85297
1760634943664,1000.8345
1760634943684,1000.882
1760634943703,1000.8139
1760634943723,1000.8353
1760634943744,1000.83936
1760634943764,1000.84314
1760634943784,1000.83923
1760634943803,1000.84
1760634943824,1000.83905
1760634943844,1000.84595
1760634943864,1000.85736
1760634943884,1000.84985
1760634943905,1000.8691
1760634943924,1000.86017
1760634943944,1000.8522
1760634943964,1000.8881
1760634943984,1000.8667
1760634944004,1000.868
1760634944024,1000.90845
1760634944044,1000.88544
1760634944064,1000.8886
1760634944084,1000.90796
1760634944104,1000.8877
1760634944125,1000.92993
1760634944144,1000.9075
1760634944164,1000.92487
1760634944183,1000.91815
1760634944204,1000.91016
1760634944224,1000.90497
1760634944245,1000.92377
1760634944264,1000.8986
1760634944284,1000.9542
1760634944304,1000.95404
1760634944324,1000.9437
1760634944345,1000.96045
1760634944364,1000.96423
1760634944384,1000.9464
1760634944403,1000.9322
1760634944424,1000.9405
1760634944444,1000.96
1760634944465,1000.9687
1760634944484,1000.94794
1760634944504,1000.96545
1760634944524,1000.96747
1760634944544,1000.91406
1760634944564,1000.9455
1760634944585,1000.8978
1760634944604,1000.9242
1760634944624,1000.90784
1760634944644,1000.9514
1760634944664,1000.94586
1760634944685,1000.9305
1760634944704,1000.928
1760634944724,1000.9377
1760634944744,1000.942
1760634944764,1000.96704
1760634944784,1000.9628
1760634944805,1000.98846
1760634944824,1000.9973
1760634944844,1000.9783
1760634944863,1000.9839
1760634944884,1001.0098
1760634944904,1000.9821
1760634944924,1001.044
1760634944944,1000.992
1760634944964,1001.0048
1760634944983,1000.97284
1760634945004,1000.9466
1760634945024,1000.9699
1760634945043,1000.9947
1760634945063,1000.98376
1760634945083,1000.9939
1760634945104,1000.96173
1760634945124,1000.96484
1760634945145,1000.9442
1760634945164,1000.9391
1760634945183,1000.89923
1760634945203,1000.8797
1760634945224,1000.8702
1760634945245,1000.8953
1760634945264,1000.8928
1760634945283,1000.8744
1760634945304,1000.8817
1760634945324,1000.8806
1760634945344,1000.8853
1760634945364,1000.89764
1760634945384,1000.8758
1760634945404,1000.9164
1760634945424,1000.90265
1760634945444,1000.8808
1760634945464,1000.9331
1760634945485,1000.9042
1760634945504,1000.95935
1760634945524,1000.96
1760634945544,1000.97986
1760634945564,1000.9714
1760634945585,1001.002
1760634945604,1000.9811
1760634945624,1001.02295
1760634945645,1000.9995
1760634945664,1001.0048
1760634945685,1001.00653
1760634945705,1001.0123
1760634945724,1001.0225
1760634945744,1001.0114
1760634945765,1000.997
1760634945784,1001.0017
1760634945804,1000.9789
1760634945825,1000.975
1760634945844,1000.9811
1760634945864,1000.95935
1760634945884,1000.9625
1760634945905,1000.95685
1760634945924,1000.9405
1760634945944,1000.9405
1760634945964,1000.9386
1760634945984,1000.9408
1760634946004,1000.95795
1760634946024,1000.91174
1760634946045,1000.94904
1760634946064,1000.90765
1760634946084,1000.9205
1760634946104,1000.937
1760634946124,1000.9448
1760634946145,1000.9317
1760634946166,1000.96387
1760634946184,1000.9895
1760634946204,1000.9992
1760634946224,1000.9931
1760634946244,1001.0039
1760634946265,1000.99585
1760634946284,1001.0076
1760634946304,1000.97986
1760634946324,1000.9794
1760634946344,1000.9867
1760634946364,1000.97205
1760634946385,1001.0161
1760634946404,1001.0041
1760634946424,1001.0023
1760634946444,1001.04016
1760634946465,1001.0606
1760634946484,1001.0573
1760634946504,1001.04456
1760634946524,1001.0658
1760634946544,1001.04
1760634946564,1001.08545
1760634946584,1001.0378
1760634946605,1001.025
1760634946624,1001.0489
1760634946644,1001.02545
1760634946664,1000.9987
1760634946684,1000.9855
1760634946704,1000.9877
1760634946725,1001.02167
1760634946744,1001.01373
1760634946763,1001.0339
1760634946784,1001.02325
1760634946804,1001.04016
1760634946825,1001.00946
1760634946844,1000.987
1760634946864,1000.9977
1760634946884,1000.997
1760634946904,1000.98846
1760634946924,1001.0241
1760634946945,1001.03143
1760634946964,1001.01904
1760634946984,1001.01843
1760634947004,1001.068
1760634947024,1001.03204
1760634947045,1001.043
1760634947066,1001.0372
1760634947084,1001.0712
1760634947104,1001.04736
1760634947124,1001.02423
1760634947144,1001.04
1760634947165,1001.04065
1760634947184,1001.03827
1760634947204,1001.02435
1760634947224,1001.03815
1760634947244,1001.03595
1760634947264,1001.0073
1760634947285,1001.0019
1760634947304,1001.0012
1760634947324,1001.0653
1760634947344,1001.0659
1760634947364,1001.0914
1760634947384,1001.1011
1760634947405,1001.1011
1760634947424,1001.1014
1760634947444,1001.09314
1760634947464,1001.1111
1760634947484,1001.122
1760634947505,1001.1023
1760634947524,1001.1211
1760634947544,1001.08795
1760634947564,1001.1287
1760634947584,1001.09814
1760634947604,1001.1181
1760634947625,1001.13556
1760634947644,1001.1253
1760634947665,1001.1036
1760634947684,1001.0759
1760634947705,1001.0516
1760634947724,1001.1086
1760634947744,1001.07623
1760634947764,1001.0653
1760634947784,1001.0503
1760634947804,1001.10095
1760634947824,1001.0515
1760634947845,1001.0614
1760634947863,1001.0569
1760634947884,1001.0759
1760634947903,1001.0684
1760634947924,1001.1033
1760634947944,1001.11487
1760634947964,1001.1244
1760634947984,1001.112
1760634948004,1001.1081
1760634948024,1001.1181
1760634948044,1001.1298
1760634948064,1001.1322
1760634948084,1001.13403
1760634948104,1001.15533
1760634948124,1001.15063
1760634948144,1001.13983
1760634948164,1001.13513
1760634948185,1001.14185
1760634948204,1001.1259
1760634948224,1001.1284
1760634948244,1001.1191
1760634948264,1001.1461
1760634948284,1001.14905
1760634948305,1001.15515
1760634948324,1001.14764
1760634948344,1001.14795
1760634948364,1001.16406
1760634948384,1001.1473
1760634948404,1001.14905
1760634948424,1001.14935
1760634948444,1001.15436
1760634948464,1001.1284
1760634948484,1001.1228
1760634948504,1001.1346
1760634948525,1001.1181
1760634948544,1001.10095
1760634948565,1001.1142
1760634948584,1001.1189
1760634948605,1001.1312
1760634948625,1001.1389
1760634948645,1001.13153
1760634948664,1001.1159
1760634948684,1001.1373
1760634948704,1001.0742
1760634948725,1001.099
1760634948745,1001.08264
1760634948764,1001.1138
1760634948784,1001.1022
1760634948804,1001.09937
1760634948824,1001.1339
1760634948844,1001.0986
1760634948865,1001.14435
1760634948884,1001.09796
1760634948904,1001.1081
1760634948924,1001.1136
1760634948944,1001.07153
1760634948964,1001.0678
1760634948984,1001.08185
1760634949004,1001.0519
1760634949024,1001.04767
1760634949044,1001.0464
1760634949064,1001.0588
1760634949085,1001.0658
1760634949104,1001.0836
1760634949124,1001.08575
1760634949144,1001.09576
1760634949164,1001.10046
1760634949184,1001.11163
1760634949206,1001.07684
1760634949224,1001.09393
1760634949244,1001.1295
1760634949264,1001.10986
1760634949284,1001.09766
1760634949305,1001.1125
1760634949324,1001.1227
1760634949344,1001.1205
1760634949364,1001.1
1760634949384,1001.1191
1760634949404,1001.1261
1760634949425,1001.14545
1760634949444,1001.1139
1760634949464,1001.07404
1760634949484,1001.08655
1760634949504,1001.1011
1760634949524,1001.1072
1760634949545,1001.1695
1760634949564,1001.1975
1760634949584,1001.16315
1760634949604,1001.1647
1760634949624,1001.127
1760634949645,1001.1333
1760634949664,1001.14374
1760634949684,1001.15515
1760634949705,1001.14716
1760634949724,1001.1842
1760634949744,1001.2193
1760634949765,1001.2133
1760634949784,1001.1878
1760634949805,1001.1747
1760634949824,1001.1664
1760634949844,1001.1689
1760634949864,1001.1359
1760634949885,1001.09735
1760634949905,1001.1417
1760634949924,1001.1806
1760634949945,1001.23
1760634949965,1001.26483
1760634949989,1001.34485
1760634950003,1001.33014
1760634950023,1001.28156
1760634950043,1001.26013
1760634950063,1001.22577
1760634950084,1001.36005
1760634950104,1001.39166
1760634950123,1001.3028
1760634950145,1001.1409
1760634950163,1001.09106
1760634950183,1001.1125
1760634950204,1001.1661
1760634950223,1001.21875
1760634950243,1001.2438
1760634950263,1001.2514
1760634950283,1001.21606
1760634950304,1001.2322
1760634950324,1001.3176
1760634950343,1001.3036
1760634950363,1001.2511
1760634950383,1001.28015
1760634950403,1001.2839
1760634950424,1001.3142
1760634950444,1001.3873
1760634950463,1001.3773
1760634950483,1001.28687
1760634950503,1001.2355
1760634950524,1001.27216
1760634950544,1001.29736
1760634950564,1001.2522
1760634950583,1001.242
1760634950604,1001.2364
1760634950624,1001.21747
1760634950644,1001.2466
1760634950664,1001.31506
1760634950684,1001.3859
1760634950703,1001.4414
1760634950724,1001.4819
1760634950744,1001.4252
1760634950766,1001.4167
1760634950784,1001.43524
1760634950803,1001.40594
1760634950826,1001.4689
1760634950843,1001.4358
1760634950864,1001.4522
1760634950884,1001.4141
1760634950903,1001.40375
1760634950923,1001.34076
1760634950943,1001.308
1760634950963,1001.2417
1760634950984,1001.26044
1760634951004,1001.2548
1760634951024,1001.23517
1760634951043,1001.1628
1760634951063,1001.0853
1760634951084,1001.11487
1760634951104,1001.1361
1760634951124,1001.1437
1760634951143,1001.16187
1760634951163,1001.1886
1760634951183,1001.2047
1760634951204,1001.2631
1760634951224,1001.57684
1760634951245,1001.4494
1760634951264,1001.32623
1760634951284,1001.28204
1760634951303,1001.3133
1760634951324,1001.3112
1760634951344,1001.3452
1760634951363,1001.3819
1760634951383,1001.41565
1760634951403,1001.4494
1760634951424,1001.433
1760634951444,1001.4208
1760634951463,1001.3833
1760634951484,1001.35986
1760634951503,1001.3497
1760634951523,1001.3297
1760634951544,1001.34174
1760634951564,1001.33185
1760634951583,1001.3303
1760634951604,1001.26044
1760634951623,1001.23206
1760634951644,1001.1881
1760634951664,1001.2956
1760634951684,1001.41705
1760634951703,1001.3794
1760634951723,1001.15094
1760634951744,1000.9564
