1760636215234,1001.1166
1760636215254,1001.4245
1760636215275,1001.24567
1760636215295,1001.4347
1760636215314,1002.53876
1760636215334,1002.41565
1760636215354,1002.04315
1760636215374,1001.9641
1760636215394,1001.8378
1760636215415,1001.6355
1760636215434,1001.34534
1760636215455,1001.4385
1760636215475,1001.435
1760636215494,1001.4985
1760636215514,1001.60425
1760636215534,1002.0106
1760636215554,1002.0486
1760636215574,1001.84546
1760636215595,1001.6394
1760636215615,1001.47424
1760636215635,1001.3175
1760636215654,1000.84625
1760636215674,1000.0775
1760636215694,999.863
1760636215714,999.9508
1760636215735,999.9672
1760636215755,1000.0139
1760636215775,1000.3914
1760636215794,1000.41156
1760636215814,1000.3956
1760636215834,1000.4722
1760636215854,1000.66724
1760636215875,1001.0105
1760636215894,1001.30176
1760636215914,1001.60675
1760636215934,1001.2783
1760636215955,1000.8319
1760636215974,1000.4939
1760636215994,1000.5655
1760636216014,1000.7991
1760636216034,1000.4444
1760636216054,1000.28674
1760636216075,1000.2753
1760636216095,1000.28485
1760636216115,1000.40875
1760636216134,1000.46906
1760636216154,1000.4366
1760636216174,1000.3895
1760636216194,1000.3856
1760636216214,1000.37177
1760636216235,1000.388
1760636216255,1000.3806
1760636216275,1000.43097
1760636216294,1000.48315
1760636216314,1000.4819
1760636216334,1000.48566
1760636216354,1000.5305
1760636216374,1000.5886
1760636216394,1000.60876
1760636216415,1000.52954
1760636216436,1000.5574
1760636216455,1000.5758
1760636216474,1000.5717
1760636216494,1000.54877
1760636216514,1000.53375
1760636216534,1000.54425
1760636216554,1000.5759
1760636216575,1000.58844
1760636216596,1000.59204
1760636216614,1000.6241
1760636216634,1000.6317
1760636216654,1000.6439
1760636216674,1000.6394
1760636216694,1000.66595
1760636216715,1000.6428
1760636216734,1000.65344
1760636216755,1000.6511
1760636216774,1000.6477
1760636216794,1000.67706
1760636216814,1000.65643
1760636216834,1000.66516
1760636216854,1000.6933
1760636216874,1000.6378
1760636216895,1000.6758
1760636216915,1000.7028
1760636216935,1000.71924
1760636216955,1000.72015
1760636216974,1000.7519
1760636216994,1000.77484
1760636217014,1000.7591
1760636217034,1000.7697
1760636217054,1000.77893
1760636217075,1000.79535
1760636217095,1000.78296
1760636217115,1000.8002
1760636217137,1000.79987
1760636217154,1000.7714
1760636217174,1000.77765
1760636217194,1000.7571
1760636217214,1000.7463
1760636217234,1000.7606
1760636217255,1000.7502
1760636217274,1000.7477
1760636217294,1000.7524
1760636217314,1000.80145
1760636217334,1000.8069
1760636217354,1000.8258
1760636217375,1000.8697
1760636217394,1000.85205
1760636217415,1000.86676
1760636217434,1000.89
1760636217454,1000.91724
1760636217474,1000.91394
1760636217494,1000.9333
1760636217514,1000.9255
1760636217534,1000.9366
1760636217555,1000.9364
1760636217575,1000.9555
1760636217594,1000.9544
1760636217614,1000.92816
1760636217634,1000.95844
1760636217654,1000.9961
1760636217674,1001.03314
1760636217694,1001.0155
1760636217714,1001.1111
1760636217735,1001.136
1760636217755,1001.006
1760636217774,1000.9964
1760636217794,1001.0244
1760636217814,1001.025
1760636217834,1001.01953
1760636217854,1000.9964
1760636217874,1000.97504
1760636217894,1001.0005
1760636217915,1000.9855
1760636217934,1001.011
1760636217954,1001.0125
1760636217974,1001.0219
1760636217994,1001.02985
1760636218014,1001.001
1760636218034,1001.013
1760636218055,1001.0264
1760636218075,1001.0283
1760636218095,1001.0111
1760636218114,1001.0203
1760636218134,1001.0383
1760636218154,1001.01984
1760636218174,1001.05347
1760636218194,1001.0619
1760636218215,1001.04675
1760636218235,1001.03296
1760636218254,1001.03937
1760636218274,1001.0731
1760636218294,1001.0549
1760636218314,1001.04565
1760636218334,1001.0747
1760636218354,1001.0667
1760636218375,1001.0864
1760636218395,1001.07135
1760636218414,1001.10205
1760636218434,1001.1044
1760636218454,1001.10095
1760636218474,1001.10535
1760636218494,1001.1116
1760636218514,1001.15906
1760636218534,1001.16205
1760636218556,1001.15485
1760636218575,1001.16565
1760636218595,1001.18176
1760636218614,1001.21344
1760636218634,1001.18427
1760636218654,1001.16113
1760636218675,1001.1438
1760636218695,1001.1342
1760636218715,1001.11255
1760636218735,1001.0972
1760636218754,1001.0714
1760636218774,1001.03235
1760636218795,1001.0513
1760636218814,1001.0564
1760636218834,1001.0095
1760636218855,1001.04065
1760636218875,1001.10046
1760636218895,1001.1136
1760636218914,1001.0727
1760636218934,1001.0688
1760636218955,1001.09424
1760636218974,1001.0703
1760636218994,1001.073
1760636219015,1001.0844
1760636219035,1001.0791
1760636219055,1001.11346
1760636219075,1001.108
1760636219094,1001.1188
1760636219114,1001.16473
1760636219141,1001.17255
1760636219158,1001.15533
1760636219174,1001.1533
1760636219194,1001.11676
1760636219215,1001.1278
1760636219234,1001.0671
1760636219254,1001.0216
1760636219274,1001.05035
1760636219294,1001.03094
1760636219314,1001.0447
1760636219334,1000.9908
1760636219355,1000.98755
1760636219375,1000.99097
1760636219395,1000.97986
1760636219414,1001.0052
1760636219434,1001.013
1760636219454,1001.048
1760636219474,1001.09503
1760636219494,1001.0735
1760636219515,1001.0419
1760636219535,1001.0766
1760636219555,1001.1072
1760636219574,1001.1461
1760636219594,1001.14844
1760636219614,1001.1899
1760636219634,1001.2644
1760636219655,1001.35095
1760636219674,1001.4508
1760636219695,1001.5322
1760636219715,1001.5808
1760636219735,1001.6321
1760636219754,1001.6317
1760636219774,1001.7097
1760636219794,1001.6961
1760636219814,1001.4363
1760636219835,1001.27484
1760636219855,1001.3436
1760636219875,1001.183
1760636219894,1001.2411
1760636219914,1001.22406
1760636219934,1001.09283
1760636219954,1001.0574
1760636219974,1001.0763
1760636219994,1001.0092
1760636220015,1000.97284
1760636220035,1000.9569
1760636220054,1000.96765
1760636220074,1000.97406
1760636220094,1000.9794
1760636220114,1000.9577
1760636220134,1000.97644
1760636220155,1000.97455
1760636220174,1000.9633
1760636220195,1000.98755
1760636220215,1001.0225
1760636220234,1001.0227
1760636220254,1001.10486
1760636220274,1001.10315
1760636220295,1001.1286
1760636220315,1001.1391
1760636220335,1001.1306
1760636220355,1001.1277
1760636220375,1001.1238
1760636220394,1001.0855
1760636220414,1001.0061
1760636220434,1000.91046
1760636220454,1000.928
1760636220475,1000.9419
1760636220495,1000.91376
1760636220515,1000.8906
1760636220536,1000.893
1760636220554,1000.893
1760636220574,1000.91003
1760636220595,1000.9344
1760636220615,1000.9444
1760636220634,1000.9517
1760636220655,1000.9719
1760636220675,1000.9438
1760636220695,1000.9905
1760636220714,1001.03094
1760636220734,1001.03723
1760636220754,1001.0814
1760636220775,1001.0816
1760636220794,1001.1174
1760636220815,1001.15845
1760636220835,1001.3105
1760636220855,1001.4603
1760636220874,1001.5869
1760636220894,1001.7347
1760636220914,1001.78094
1760636220934,1001.8769
1760636220954,1002.0691
1760636220974,1002.0611
1760636220995,1001.7383
1760636221016,1001.6394
1760636221034,1001.42017
1760636221054,1001.4505
1760636221075,1001.2677
1760636221094,1001.08923
1760636221115,1001.0447
1760636221135,1001.1127
1760636221156,1001.1425
1760636221175,1001.04895
1760636221195,1000.998
1760636221214,1000.97394
1760636221234,1000.8891
1760636221255,1000.8074
1760636221274,1000.78656
1760636221294,1000.77734
1760636221315,1000.85046
1760636221335,1000.82983
1760636221356,1000.85864
1760636221374,1000.91907
1760636221395,1000.9794
1760636221414,1000.97565
1760636221434,1000.96234
1760636221454,1000.9563
1760636221474,1000.98047
1760636221496,1000.9947
1760636221515,1000.91675
1760636221534,1000.8884
1760636221554,1000.8938
1760636221574,1000.8796
1760636221595,1000.8849
1760636221615,1000.8691
1760636221635,1000.85645
1760636221655,1000.8241
1760636221675,1000.81177
1760636221694,1000.8097
1760636221714,1000.8064
1760636221734,1000.816
1760636221754,1000.8185
1760636221774,1000.8208
1760636221795,1000.8675
1760636221815,1000.93036
1760636221835,1000.90796
1760636221854,1000.9263
1760636221874,1000.9509
1760636221894,1000.99097
1760636221914,1001.04297
1760636221934,1001.03955
1760636221954,1001.08704
1760636221974,1001.2047
1760636221995,1001.34
1760636222016,1001.5125
1760636222034,1001.6328
1760636222054,1001.7597
1760636222075,1001.8231
1760636222094,1001.9072
1760636222115,1002.1366
1760636222135,1002.23157
1760636222155,1002.3353
1760636222175,1001.9435
1760636222194,1001.5228
1760636222214,1001.29675
1760636222234,1001.01733
1760636222255,1000.99207
1760636222274,1000.9661
1760636222295,1000.9491
1760636222315,1000.9233
1760636222336,1000.8841
1760636222354,1000.78015
1760636222374,1000.75
1760636222394,1000.6969
1760636222414,1000.67456
1760636222435,1000.67706
1760636222455,1000.6608
1760636222475,1000.705
1760636222496,1000.72797
1760636222514,1000.7169
1760636222534,1000.77924
1760636222554,1000.83374
1760636222574,1000.8436
1760636222596,1000.84863
1760636222615,1000.8122
1760636222635,1000.8306
1760636222655,1000.84973
1760636222674,1000.84937
1760636222694,1000.8294
1760636222714,1000.8005
1760636222734,1000.78937
1760636222754,1000.7466
1760636222774,1000.73096
1760636222795,1000.7794
1760636222815,1000.8008
1760636222835,1000.7616
1760636222854,1000.74207
1760636222874,1000.7585
1760636222894,1000.79004
1760636222914,1000.811
1760636222935,1000.79895
1760636222955,1000.7686
1760636222975,1000.76
1760636222996,1000.84814
1760636223014,1000.83374
1760636223034,1000.8686
1760636223054,1000.9255
1760636223074,1001.0605
1760636223095,1001.153
1760636223116,1001.2164
1760636223135,1001.2858
1760636223155,1001.4494
1760636223174,1001.60254
1760636223194,1001.8275
1760636223214,1002.0666
1760636223234,1002.28424
1760636223254,1002.4322
1760636223274,1002.60925
1760636223295,1003.09796
1760636223315,1003.46954
1760636223335,1002.78265
1760636223355,1002.34796
1760636223374,1002.2486
1760636223394,1001.6172
1760636223414,1001.4386
1760636223434,1001.16736
1760636223455,1000.9438
1760636223475,1000.90173
1760636223494,1000.99817
1760636223514,1001.0019
1760636223534,1000.8894
1760636223567,1000.8461
1760636223581,1000.72894
1760636223595,1000.58594
1760636223615,1000.46484
1760636223635,1000.4338
1760636223656,1000.5156
1760636223675,1000.558
1760636223694,1000.5828
1760636223714,1000.5878
1760636223734,1000.66736
1760636223754,1000.72565
1760636223775,1000.73157
1760636223795,1000.7158
1760636223815,1000.7175
1760636223834,1000.7463
1760636223854,1000.73236
1760636223874,1000.72906
1760636223894,1000.70734
1760636223914,1000.693
1760636223935,1000.6752
1760636223955,1000.6466
1760636223975,1000.6275
1760636223995,1000.61005
1760636224014,1000.593
1760636224034,1000.52313
1760636224054,1000.54504
1760636224075,1000.54706
1760636224095,1000.5758
1760636224115,1000.6253
1760636224136,1000.5911
1760636224155,1000.59595
1760636224175,1000.6319
1760636224194,1000.66315
1760636224214,1000.67377
1760636224234,1000.7009
1760636224255,1000.77563
1760636224275,1000.85626
1760636224295,1000.9324
1760636224314,1001.0244
1760636224334,1001.1374
1760636224355,1001.3116
1760636224374,1001.48895
1760636224395,1001.5925
1760636224415,1001.6825
1760636224435,1001.72644
1760636224455,1001.8197
1760636224475,1002.03986
1760636224494,1002.3155
1760636224515,1002.53906
1760636224534,1002.85065
1760636224555,1002.23645
1760636224575,1001.7161
1760636224595,1001.28546
1760636224615,1000.9205
1760636224636,1000.86926
1760636224654,1000.85175
1760636224675,1000.7991
1760636224694,1000.9069
1760636224714,1000.86676
1760636224734,1000.78156
1760636224755,1000.72424
1760636224775,1000.5766
1760636224795,1000.45514
1760636224815,1000.41656
1760636224834,1000.4369
1760636224855,1000.46814
1760636224875,1000.47784
1760636224895,1000.4783
1760636224915,1000.4944
1760636224935,1000.5591
1760636224955,1000.6241
1760636224975,1000.6319
1760636224994,1000.6345
1760636225014,1000.6491
1760636225034,1000.6985
1760636225055,1000.7044
1760636225075,1000.7169
1760636225095,1000.73035
1760636225116,1000.72046
1760636225134,1000.7083
1760636225155,1000.70874
1760636225175,1000.66626
1760636225194,1000.5933
1760636225214,1000.5308
1760636225234,1000.53204
1760636225255,1000.51135
1760636225275,1000.4938
1760636225294,1000.5013
1760636225314,1000.54486
1760636225334,1000.5466
1760636225354,1000.5817
1760636225374,1000.5864
1760636225395,1000.5947
1760636225415,1000.6257
1760636225435,1000.6422
1760636225456,1000.66504
1760636225474,1000.7122
1760636225495,1000.7594
1760636225514,1000.8077
1760636225534,1000.84564
1760636225554,1000.95984
1760636225575,1001.0588
1760636225595,1001.1902
1760636225615,1001.3855
1760636225634,1001.5608
1760636225655,1001.6419
1760636225674,1001.7002
1760636225694,1001.84644
1760636225714,1002.0724
1760636225734,1002.3847
1760636225755,1002.5311
1760636225775,1001.89594
1760636225794,1001.6919
1760636225814,1001.2524
1760636225835,1000.9294
1760636225855,1000.89954
1760636225874,1000.85516
1760636225894,1000.7603
1760636225915,1000.8391
1760636225936,1000.90985
1760636225955,1000.90564
1760636225974,1000.8303
1760636225994,1000.698
1760636226014,1000.52203
1760636226034,1000.4697
1760636226055,1000.43176
1760636226075,1000.5103
1760636226096,1000.5672
1760636226115,1000.5594
1760636226134,1000.5655
1760636226154,1000.6363
1760636226174,1000.6392
1760636226194,1000.65674
1760636226214,1000.67896
1760636226234,1000.71655
1760636226255,1000.72974
1760636226275,1000.7624
1760636226294,1000.7649
1760636226314,1000.78125
1760636226334,1000.77234
1760636226354,1000.71643
1760636226374,1000.6835
1760636226395,1000.57776
1760636226415,1000.54016
1760636226435,1000.5074
1760636226454,1000.5181
1760636226474,1000.4841
1760636226494,1000.4985
1760636226514,1000.52374
1760636226535,1000.53766
1760636226555,1000.5625
1760636226575,1000.5806
1760636226595,1000.60144
1760636226614,1000.62177
1760636226634,1000.5897
1760636226655,1000.5769
1760636226674,1000.59924
1760636226694,1000.65173
1760636226714,1000.67816
1760636226734,1000.713
1760636226755,1000.7689
1760636226774,1000.80066
1760636226794,1000.8831
1760636226814,1000.9405
1760636226835,1001.03754
1760636226854,1001.15094
1760636226874,1001.33234
1760636226895,1001.4971
1760636226915,1001.66516
1760636226934,1001.7944
1760636226955,1001.8961
1760636226974,1001.8875
1760636226994,1002.17816
1760636227015,1002.6658
1760636227035,1002.3661
1760636227055,1002.16614
1760636227075,1001.98114
1760636227096,1001.5549
1760636227114,1001.30597
1760636227135,1000.968
1760636227154,1000.8185
1760636227175,1000.805
1760636227194,1000.8878
1760636227214,1000.8633
1760636227235,1000.8766
1760636227255,1000.9497
1760636227274,1000.91254
1760636227294,1000.7588
1760636227314,1000.5852
1760636227334,1000.4575
1760636227354,1000.41315
1760636227375,1000.41565
1760636227395,1000.41284
1760636227415,1000.42206
1760636227434,1000.41797
1760636227454,1000.4594
1760636227474,1000.53534
1760636227495,1000.54596
1760636227514,1000.54626
1760636227535,1000.565
1760636227555,1000.58453
1760636227575,1000.60785
1760636227595,1000.6456
1760636227615,1000.636
1760636227634,1000.6289
1760636227654,1000.5655
1760636227675,1000.53705
1760636227695,1000.52594
1760636227714,1000.4316
1760636227735,1000.39954
1760636227754,1000.4822
1760636227775,1000.49426
1760636227794,1000.46814
1760636227814,1000.4783
1760636227835,1000.49
1760636227854,1000.5134
1760636227875,1000.5233
1760636227895,1000.5156
1760636227916,1000.48486
1760636227934,1000.506
1760636227954,1000.51843
1760636227974,1000.5828
1760636227994,1000.5639
1760636228014,1000.5811
1760636228035,1000.59314
1760636228056,1000.60876
1760636228076,1000.6271
1760636228094,1000.66724
1760636228114,1000.73566
1760636228134,1000.7464
1760636228155,1000.78375
1760636228174,1000.8222
1760636228194,1000.83734
1760636228215,1000.8735
1760636228235,1000.91797
1760636228254,1000.8778
1760636228274,1000.8702
1760636228294,1000.86035
1760636228314,1000.8855
1760636228334,1000.97156
1760636228355,1001.0664
1760636228375,1001.2449
1760636228395,1001.3963
1760636228415,1001.60376
1760636228435,1001.28595
1760636228454,1001.09894
1760636228474,1001.1974
1760636228494,1000.98267
1760636228515,1000.7496
1760636228535,1000.6314
1760636228556,1000.6291
1760636228574,1000.59265
1760636228594,1000.59595
1760636228614,1000.5819
1760636228634,1000.5583
1760636228655,1000.5228
1760636228675,1000.515
1760636228695,1000.53
1760636228714,1000.5727
1760636228735,1000.6191
1760636228754,1000.645
1760636228774,1000.6247
1760636228794,1000.6091
1760636228814,1000.61395
1760636228834,1000.6122
1760636228854,1000.6394
1760636228875,1000.6238
1760636228895,1000.6391
1760636228914,1000.6475
1760636228934,1000.67346
1760636228954,1000.6224
1760636228975,1000.62
1760636228994,1000.6225
1760636229014,1000.60455
1760636229035,1000.59625
1760636229055,1000.5788
1760636229075,1000.5792
1760636229094,1000.6169
1760636229115,1000.6933
1760636229135,1000.7211
1760636229155,1000.7471
1760636229175,1000.67096
1760636229194,1000.6766
1760636229215,1000.72644
1760636229235,1000.79596
1760636229254,1000.8791
1760636229275,1000.90955
1760636229294,1001.0097
1760636229314,1001.2567
1760636229335,1001.45844
1760636229355,1001.6783
1760636229376,1001.79175
1760636229394,1001.8264
1760636229414,1001.9319
1760636229434,1002.21533
1760636229455,1002.4442
1760636229475,1002.1927
1760636229495,1001.8313
1760636229515,1002.12067
1760636229535,1001.83673
1760636229556,1001.6372
1760636229575,1001.5763
1760636229594,1001.1811
1760636229614,1000.952
1760636229634,1000.8841
1760636229655,1000.8386
1760636229675,1000.7627
1760636229696,1000.7449
1760636229715,1000.66754
1760636229734,1000.66296
1760636229754,1000.5789
1760636229774,1000.4905
1760636229794,1000.4628
1760636229814,1000.4891
1760636229835,1000.4996
1760636229855,1000.54236
1760636229875,1000.4996
1760636229894,1000.53705
1760636229915,1000.56
1760636229934,1000.60706
1760636229955,1000.5866
1760636229974,1000.60986
1760636229995,1000.6497
1760636230015,1000.6483
1760636230036,1000.6369
1760636230054,1000.64453
1760636230074,1000.59784
1760636230094,1000.5714
1760636230114,1000.54004
1760636230135,1000.52124
1760636230154,1000.4675
1760636230174,1000.5117
1760636230195,1000.5811
1760636230214,1000.5624
1760636230234,1000.54987
1760636230254,1000.5058
1760636230274,1000.5081
1760636230294,1000.52313
1760636230315,1000.5752
1760636230335,1000.53314
1760636230355,1000.55316
1760636230374,1000.66064
1760636230394,1000.60565
1760636230416,1000.631
1760636230434,1000.6975
1760636230454,1000.7447
1760636230474,1000.758
1760636230495,1000.78656
1760636230515,1000.90094
1760636230535,1001.0016
1760636230554,1001.1917
1760636230574,1001.41473
1760636230594,1001.60516
1760636230614,1001.67487
1760636230635,1001.7474
1760636230655,1001.8888
1760636230675,1002.2659
1760636230696,1002.4414
1760636230714,1002.2633
1760636230734,1001.8955
1760636230754,1001.3942
1760636230774,1001.24146
1760636230794,1001.04254
1760636230815,1000.8369
1760636230835,1000.7008
1760636230855,1000.7475
1760636230874,1000.7031
1760636230894,1000.65375
1760636230915,1000.6221
1760636230934,1000.55347
1760636230954,1000.46313
1760636230975,1000.40735
1760636230995,1000.41046
1760636231015,1000.3953
1760636231034,1000.4394
1760636231054,1000.4544
1760636231074,1000.48895
1760636231094,1000.5217
1760636231115,1000.59564
1760636231135,1000.6122
1760636231155,1000.5972
1760636231175,1000.59515
1760636231196,1000.6253
1760636231214,1000.6328
1760636231234,1000.635
1760636231254,1000.66235
1760636231274,1000.60925
1760636231295,1000.5961
1760636231315,1000.54987
1760636231336,1000.54785
1760636231355,1000.5128
1760636231374,1000.4658
1760636231394,1000.47797
1760636231414,1000.4758
1760636231434,1000.47565
1760636231455,1000.47784
1760636231475,1000.54816
1760636231495,1000.5216
1760636231516,1000.5632
1760636231535,1000.5969
1760636231555,1000.6285
1760636231574,1000.60864
1760636231595,1000.6202
1760636231615,1000.6855
1760636231635,1000.74927
1760636231655,1000.8275
1760636231676,1000.8839
1760636231695,1000.9989
1760636231714,1001.16986
1760636231734,1001.3594
1760636231754,1001.4694
1760636231774,1001.5505
1760636231795,1001.58234
1760636231815,1001.73956
1760636231835,1001.97516
1760636231854,1002.1985
1760636231874,1002.4497
1760636231894,1001.943
1760636231915,1001.5061
1760636231934,1001.2847
1760636231955,1000.8694
1760636231974,1000.8011
1760636231995,1000.77765
1760636232014,1000.746
1760636232034,1000.74567
1760636232055,1000.79407
1760636232074,1000.6986
1760636232095,1000.59894
1760636232114,1000.52704
1760636232134,1000.4371
1760636232155,1000.3694
1760636232175,1000.3677
1760636232195,1000.3697
1760636232214,1000.4183
1760636232234,1000.42676
1760636232254,1000.45
1760636232274,1000.493
1760636232294,1000.5508
1760636232315,1000.6094
1760636232335,1000.61487
1760636232354,1000.6352
1760636232374,1000.6328
1760636232394,1000.6133
1760636232414,1000.60406
1760636232435,1000.59705
1760636232455,1000.5745
1760636232475,1000.5827
1760636232496,1000.6345
1760636232514,1000.5908
1760636232534,1000.5103
1760636232554,1000.4794
1760636232574,1000.4605
1760636232595,1000.4544
1760636232615,1000.4861
1760636232635,1000.47504
1760636232656,1000.4417
1760636232674,1000.4758
1760636232694,1000.4877
1760636232715,1000.46906
1760636232734,1000.47864
1760636232754,1000.4996
1760636232775,1000.536
1760636232795,1000.571
1760636232816,1000.6394
1760636232834,1000.77625
1760636232854,1000.9605
1760636232875,1001.10315
1760636232894,1001.1716
1760636232914,1001.2597
1760636232934,1001.2769
1760636232956,1001.3873
1760636232975,1001.4662
1760636232995,1001.56177
1760636233014,1001.6978
1760636233035,1001.7883
1760636233055,1001.8944
1760636233074,1002.03174
1760636233095,1002.09283
1760636233115,1002.1772
1760636233135,1002.2443
1760636233156,1002.34937
1760636233177,1002.54926
1760636233194,1002.68207
1760636233214,1002.7475
1760636233234,1002.79816
1760636233254,1002.5058
1760636233274,1002.05457
1760636233295,1001.4952
1760636233315,1001.10565
1760636233334,1000.83484
1760636233354,1000.6838
1760636233374,1000.5756
1760636233394,1000.5152
1760636233414,1000.5247
1760636233435,1000.5525
1760636233455,1000.4407
1760636233475,1000.3052
1760636233494,1000.2025
1760636233515,1000.1191
1760636233535,1000.10925
1760636233554,1000.1378
1760636233575,1000.1886
1760636233595,1000.1863
1760636233615,1000.1985
1760636233635,1000.2433
1760636233654,1000.3196
1760636233674,1000.2947
1760636233694,1000.34564
1760636233714,1000.33875
1760636233734,1000.3674
1760636233754,1000.3721
1760636233774,1000.38
1760636233795,1000.3691
1760636233815,1000.35516
1760636233834,1000.35284
1760636233854,1000.3686
1760636233874,1000.322
1760636233894,1000.2678
1760636233914,1000.29034
1760636233935,1000.28455
1760636233955,1000.27594
1760636233975,1000.2766
1760636233994,1000.2783
1760636234014,1000.2677
1760636234034,1000.29535
1760636234054,1000.3277
1760636234075,1000.34424
1760636234095,1000.35455
1760636234115,1000.3856
1760636234136,1000.3997
1760636234155,1000.39874
1760636234175,1000.39844
1760636234195,1000.41736
1760636234214,1000.5035
1760636234234,1000.55035
1760636234254,1000.5795
1760636234275,1000.6411
1760636234295,1000.7425
1760636234314,1000.8433
1760636234334,1001.0241
1760636234354,1001.1152
1760636234374,1001.258
1760636234394,1001.28864
1760636234415,1001.3785
1760636234435,1001.5691
1760636234455,1001.9222
1760636234474,1002.09924
1760636234494,1001.86487
1760636234514,1001.55707
1760636234534,1001.1755
1760636234554,1000.9506
1760636234575,1000.77704
1760636234595,1000.6152
1760636234616,1000.59766
1760636234636,1000.6775
1760636234654,1000.6299
1760636234675,1000.52374
1760636234694,1000.4697
1760636234714,1000.4399
1760636234747,1000.367
1760636234760,1000.2829
1760636234786,1000.2956
1760636234795,1000.29626
1760636234814,1000.29224
1760636234834,1000.30096
1760636234854,1000.3127
1760636234875,1000.34924
1760636234895,1000.40424
1760636234915,1000.4261
1760636234935,1000.4353
1760636234955,1000.4733
1760636234974,1000.47534
1760636234994,1000.483
1760636235014,1000.46893
1760636235034,1000.4961
1760636235054,1000.501
1760636235075,1000.5738
1760636235095,1000.5058
1760636235116,1000.4517
1760636235134,1000.4072
1760636235154,1000.3891
1760636235175,1000.3661
1760636235195,1000.3192
1760636235215,1000.3319
1760636235235,1000.3208
1760636235254,1000.3241
1760636235275,1000.3313
1760636235294,1000.36676
1760636235314,1000.3928
1760636235335,1000.42316
1760636235355,1000.42926
1760636235374,1000.41907
1760636235395,1000.4388
1760636235415,1000.4538
1760636235435,1000.47424
1760636235454,1000.5472
1760636235475,1000.5872
1760636235494,1000.6325
1760636235515,1000.6927
1760636235534,1000.76733
1760636235555,1000.9233
1760636235575,1001.1381
1760636235595,1001.29346
1760636235616,1001.41626
1760636235635,1001.4886
1760636235655,1001.5458
1760636235675,1001.7013
1760636235695,1002.07
1760636235719,1002.24347
1760636235734,1002.3183
1760636235754,1001.92065
1760636235775,1001.54486
1760636235794,1001.16626
1760636235814,1000.8361
1760636235834,1000.6211
1760636235854,1000.5789
1760636235874,1000.5814
1760636235894,1000.6417
1760636235915,1000.6297
1760636235935,1000.6875
1760636235954,1000.6225
1760636235974,1000.4374
1760636235994,1000.3142
1760636236014,1000.22174
1760636236034,1000.22424
1760636236055,1000.2655
1760636236075,1000.28094
1760636236095,1000.27673
1760636236114,1000.28345
1760636236135,1000.34314
1760636236155,1000.39703
1760636236174,1000.3994
1760636236195,1000.4108
1760636236215,1000.3952
1760636236234,1000.4266
1760636236255,1000.4399
1760636236274,1000.43207
1760636236294,1000.4502
1760636236314,1000.42145
1760636236334,1000.3767
1760636236354,1000.3339
1760636236374,1000.3186
1760636236395,1000.35767
1760636236415,1000.3366
1760636236436,1000.3161
1760636236454,1000.33453
1760636236474,1000.34546
1760636236494,1000.35394
1760636236514,1000.3675
1760636236534,1000.39484
1760636236554,1000.36536
1760636236575,1000.3719
1760636236596,1000.4403
1760636236614,1000.4508
1760636236634,1000.47986
1760636236655,1000.5088
1760636236675,1000.6409
1760636236695,1000.78314
1760636236715,1000.8369
1760636236734,1000.9353
1760636236755,1001.0894
1760636236774,1001.2994
1760636236794,1001.48676
1760636236814,1001.61285
1760636236834,1001.7597
1760636236855,1001.92004
1760636236874,1002.1885
1760636236895,1002.46344
1760636236915,1002.6797
1760636236934,1002.756
1760636236954,1002.48315
1760636236974,1001.8908
1760636236994,1001.29987
1760636237014,1000.9619
1760636237035,1000.713
1760636237055,1000.6069
1760636237075,1000.59033
1760636237094,1000.67535
1760636237114,1000.67267
1760636237134,1000.6399
1760636237154,1000.5383
1760636237175,1000.3167
1760636237195,1000.15906
1760636237215,1000.10175
1760636237235,1000.1172
1760636237255,1000.1978
1760636237274,1000.20703
1760636237294,1000.1942
1760636237314,1000.24316
1760636237334,1000.2717
1760636237354,1000.2591
1760636237375,1000.28394
1760636237395,1000.3085
1760636237415,1000.33093
1760636237434,1000.333
1760636237455,1000.3241
1760636237474,1000.3306
1760636237494,1000.3141
1760636237515,1000.3091
1760636237534,1000.29517
1760636237555,1000.3072
1760636237575,1000.3089
1760636237594,1000.3217
1760636237614,1000.28345
1760636237634,1000.22644
1760636237654,1000.22394
1760636237674,1000.2034
1760636237695,1000.2285
1760636237715,1000.2694
1760636237735,1000.2833
1760636237754,1000.2819
1760636237774,1000.2744
1760636237794,1000.28656
1760636237814,1000.34204
1760636237834,1000.34595
1760636237855,1000.3766
1760636237875,1000.4244
1760636237895,1000.4897
1760636237914,1000.5649
1760636237934,1000.6786
1760636237954,1000.775
1760636237974,1000.8674
1760636237994,1001.0544
1760636238014,1001.21564
1760636238035,1001.2794
1760636238055,1001.3191
1760636238075,1001.4
1760636238094,1001.5052
1760636238114,1001.756
1760636238134,1002.0735
1760636238154,1002.1931
1760636238174,1001.933
1760636238195,1001.6221
1760636238215,1001.2602
1760636238235,1000.9052
1760636238254,1000.7706
1760636238274,1000.5817
1760636238294,1000.4386
1760636238314,1000.4505
1760636238334,1000.5035
1760636238354,1000.4847
1760636238375,1000.4542
1760636238395,1000.3264
1760636238414,1000.131
1760636238434,1000.02704
1760636238455,1000.0572
1760636238474,1000.0728
1760636238494,1000.0831
1760636238515,1000.11456
1760636238535,1000.1361
1760636238555,1000.15955
1760636238574,1000.16144
1760636238594,1000.2108
1760636238615,1000.21924
1760636238635,1000.21375
1760636238655,1000.23145
1760636238675,1000.21814
1760636238695,1000.2569
1760636238715,1000.248
1760636238735,1000.2521
1760636238754,1000.2688
1760636238774,1000.28375
1760636238794,1000.3038
1760636238814,1000.3217
1760636238834,1000.3149
1760636238855,1000.2634
1760636238875,1000.23706
1760636238894,1000.2383
1760636238914,1000.2502
1760636238934,1000.2549
1760636238954,1000.2511
1760636238975,1000.22986
1760636238994,1000.27814
1760636239015,1000.27124
1760636239035,1000.3064
1760636239055,1000.3186
1760636239074,1000.2947
1760636239094,1000.3211
1760636239114,1000.321
1760636239135,1000.3142
1760636239155,1000.36145
1760636239175,1000.36017
1760636239195,1000.41223
1760636239214,1000.4436
1760636239235,1000.41315
1760636239254,1000.41144
1760636239274,1000.42175
1760636239294,1000.4208
1760636239314,1000.4505
1760636239335,1000.48395
1760636239355,1000.55347
1760636239375,1000.6258
1760636239394,1000.66473
1760636239414,1000.73926
1760636239434,1000.7344
1760636239454,1000.7642
1760636239474,1000.6188
1760636239494,1000.5717
1760636239515,1000.60675
1760636239536,1000.47424
1760636239554,1000.3764
1760636239574,1000.34796
1760636239594,1000.35297
1760636239614,1000.36426
1760636239635,1000.4222
1760636239655,1000.4288
1760636239675,1000.3775
1760636239696,1000.3755
1760636239714,1000.39624
1760636239734,1000.3903
1760636239754,1000.41846
1760636239774,1000.4403
1760636239794,1000.4197
1760636239814,1000.3931
1760636239835,1000.4003
1760636239855,1000.4003
1760636239876,1000.4341
1760636239894,1000.4436
1760636239914,1000.48596
1760636239935,1000.4711
1760636239954,1000.4966
1760636239974,1000.47644
1760636239995,1000.46063
1760636240015,1000.4255
1760636240035,1000.4485
1760636240054,1000.43317
1760636240075,1000.40784
1760636240094,1000.42126
1760636240114,1000.3872
1760636240135,1000.37
1760636240155,1000.3777
1760636240175,1000.4419
1760636240196,1000.4491
1760636240215,1000.4616
1760636240234,1000.4411
1760636240254,1000.4602
1760636240274,1000.5181
1760636240294,1000.60016
1760636240315,1000.6255
1760636240335,1000.6889
1760636240355,1000.71655
1760636240375,1000.8052
1760636240395,1000.9407
1760636240414,1001.08374
1760636240434,1001.1956
1760636240454,1001.3172
1760636240475,1001.4397
1760636240495,1001.5788
1760636240515,1001.84735
1760636240534,1001.97845
1760636240554,1001.8397
1760636240574,1001.5064
1760636240594,1001.3767
1760636240615,1001.5613
1760636240635,1001.371
1760636240655,1001.322
1760636240675,1000.9314
1760636240696,1000.6955
1760636240714,1000.5784
1760636240735,1000.47565
1760636240754,1000.39624
1760636240774,1000.3964
1760636240794,1000.3572
1760636240814,1000.3827
1760636240835,1000.3013
1760636240855,1000.23425
1760636240874,1000.1914
1760636240895,1000.2208
1760636240914,1000.2533
1760636240934,1000.2645
1760636240954,1000.3052
1760636240975,1000.29425
1760636240995,1000.3002
1760636241016,1000.29346
1760636241034,1000.3158
1760636241054,1000.30927
1760636241074,1000.33954
1760636241094,1000.35223
1760636241115,1000.36255
1760636241135,1000.3755
1760636241156,1000.376
1760636241175,1000.3675
1760636241195,1000.3089
1760636241214,1000.29034
1760636241236,1000.2955
1760636241254,1000.31
1760636241274,1000.3327
1760636241294,1000.3185
1760636241315,1000.3133
1760636241335,1000.31067
1760636241354,1000.29596
1760636241374,1000.2766
1760636241394,1000.2697
1760636241414,1000.29895
1760636241434,1000.29596
1760636241455,1000.3089
1760636241475,1000.3394
1760636241495,1000.378
1760636241515,1000.3892
1760636241534,1000.35364
1760636241554,1000.4003
1760636241574,1000.4361
1760636241594,1000.4603
1760636241614,1000.505
1760636241635,1000.5505
1760636241656,1000.6078
1760636241676,1000.6938
1760636241694,1000.768
1760636241716,1000.8352
1760636241736,1000.93677
1760636241754,1001.08954
1760636241774,1001.2439
1760636241794,1001.2986
1760636241815,1001.33624
1760636241835,1001.46515
1760636241855,1001.6983
1760636241874,1001.54877
1760636241894,1001.3235
1760636241914,1001.1741
1760636241934,1001.0133
1760636241954,1000.78314
1760636241975,1000.635
1760636241995,1000.4641
1760636242014,1000.48145
1760636242034,1000.5308
1760636242054,1000.4894
1760636242074,1000.4263
1760636242095,1000.3444
1760636242115,1000.2697
1760636242135,1000.2455
1760636242155,1000.2111
1760636242175,1000.1936
1760636242194,1000.21313
1760636242215,1000.2347
1760636242234,1000.2547
1760636242255,1000.2592
1760636242274,1000.37427
1760636242295,1000.4169
1760636242315,1000.3977
1760636242335,1000.4314
1760636242354,1000.40875
1760636242374,1000.42267
1760636242394,1000.40784
1760636242414,1000.36127
1760636242435,1000.35187
1760636242455,1000.36316
1760636242475,1000.34393
1760636242496,1000.3174
1760636242514,1000.35144
1760636242534,1000.2711
1760636242554,1000.2521
1760636242574,1000.27625
1760636242595,1000.2822
1760636242615,1000.2691
1760636242635,1000.2747
1760636242655,1000.3217
1760636242674,1000.34204
1760636242695,1000.3386
1760636242715,1000.3389
1760636242734,1000.36536
1760636242754,1000.3869
1760636242774,1000.41437
1760636242795,1000.4411
1760636242815,1000.47864
1760636242834,1000.5236
1760636242854,1000.59406
1760636242874,1000.66205
1760636242894,1000.7536
1760636242914,1000.8975
1760636242934,1001.058
1760636242955,1001.198
1760636242975,1001.3263
1760636242994,1001.4577
1760636243014,1001.6363
1760636243034,1001.8355
1760636243054,1002.071
1760636243074,1001.5683
1760636243095,1001.40906
1760636243115,1001.17596
1760636243135,1000.68427
1760636243156,1000.56104
1760636243175,1000.56067
1760636243195,1000.5758
1760636243214,1000.5131
1760636243235,1000.4641
1760636243255,1000.4316
1760636243275,1000.3819
1760636243295,1000.3139
1760636243315,1000.2455
1760636243335,1000.1794
1760636243355,1000.1913
1760636243374,1000.23645
1760636243394,1000.24316
1760636243414,1000.2344
1760636243435,1000.23206
1760636243455,1000.28754
1760636243475,1000.3372
1760636243494,1000.3677
1760636243514,1000.3633
1760636243534,1000.35364
1760636243554,1000.35016
1760636243575,1000.3891
1760636243596,1000.34674
1760636243615,1000.35004
1760636243636,1000.38
1760636243655,1000.3719
1760636243674,1000.29895
1760636243694,1000.3303
1760636243714,1000.3019
1760636243735,1000.2092
1760636243754,1000.1977
1760636243774,1000.23047
1760636243795,1000.2439
1760636243814,1000.2652
1760636243834,1000.2677
1760636243854,1000.30286
1760636243874,1000.2691
1760636243894,1000.3027
1760636243915,1000.3135
1760636243935,1000.33734
1760636243955,1000.3181
1760636243976,1000.3766
1760636243994,1000.4036
1760636244014,1000.42004
1760636244034,1000.47845
1760636244054,1000.55426
1760636244075,1000.631
1760636244095,1000.80817
1760636244115,1001.03174
1760636244136,1001.22375
1760636244154,1001.3652
1760636244175,1001.4553
1760636244194,1001.61536
1760636244214,1001.79816
1760636244235,1001.7678
1760636244255,1001.58673
1760636244275,1001.16296
1760636244295,1000.8972
1760636244314,1000.78845
1760636244334,1000.6433
1760636244354,1000.5063
1760636244375,1000.4464
1760636244394,1000.49097
1760636244414,1000.453
1760636244435,1000.34937
1760636244456,1000.34674
1760636244475,1000.278
1760636244494,1000.18036
1760636244514,1000.1319
1760636244534,1000.153
1760636244555,1000.1874
1760636244574,1000.22864
1760636244595,1000.23737
1760636244615,1000.20984
1760636244634,1000.21735
1760636244655,1000.29675
1760636244674,1000.3255
1760636244694,1000.3264
1760636244715,1000.3235
1760636244735,1000.34644
1760636244754,1000.3181
1760636244774,1000.3164
1760636244794,1000.29236
1760636244814,1000.28613
1760636244834,1000.3066
1760636244854,1000.29926
1760636244874,1000.28033
1760636244895,1000.29065
1760636244915,1000.2366
1760636244935,1000.22144
1760636244955,1000.2125
1760636244974,1000.23364
1760636244994,1000.22534
1760636245014,1000.2463
1760636245034,1000.28204
1760636245054,1000.2542
1760636245075,1000.2553
1760636245095,1000.3085
1760636245115,1000.3317
1760636245134,1000.3241
1760636245155,1000.3716
1760636245174,1000.4094
1760636245194,1000.528
1760636245215,1000.58813
1760636245235,1000.6394
1760636245255,1000.72736
1760636245275,1000.9545
1760636245294,1001.1246
1760636245314,1001.3127
1760636245343,1001.4524
1760636245354,1001.5775
1760636245375,1001.6885
1760636245394,1001.756
1760636245415,1002.03
1760636245435,1002.3655
1760636245454,1002.42566
1760636245475,1002.053
1760636245494,1001.60266
1760636245514,1001.2644
1760636245534,1000.79034
1760636245554,1000.5724
1760636245575,1000.4694
1760636245595,1000.43317
1760636245615,1000.3785
1760636245635,1000.4233
1760636245654,1000.49426
1760636245675,1000.5067
1760636245695,1000.3394
1760636245715,1000.1931
1760636245735,1000.05676
1760636245756,1000.0286
1760636245775,1000.09546
1760636245795,1000.1267
1760636245814,1000.0817
1760636245834,1000.0516
1760636245854,1000.131
1760636245875,1000.17456
1760636245895,1000.1947
1760636245915,1000.2133
1760636245935,1000.21375
1760636245955,1000.2475
1760636245975,1000.23016
1760636245995,1000.21906
1760636246015,1000.2067
1760636246035,1000.2078
1760636246054,1000.1995
1760636246075,1000.14
1760636246095,1000.09845
1760636246115,1000.11847
1760636246134,1000.0717
1760636246156,1000.066
1760636246174,1000.0814
1760636246195,1000.0855
1760636246215,1000.1093
1760636246235,1000.1236
1760636246256,1000.11597
1760636246275,1000.1211
1760636246294,1000.1271
1760636246314,1000.16785
1760636246334,1000.1722
1760636246355,1000.22034
1760636246375,1000.23016
1760636246395,1000.2694
1760636246415,1000.325
1760636246434,1000.3444
1760636246454,1000.3916
1760636246474,1000.4513
1760636246494,1000.53375
1760636246514,1000.6775
1760636246534,1000.84204
1760636246555,1000.9363
1760636246575,1001.0247
1760636246595,1001.1286
1760636246614,1001.3347
1760636246635,1001.4502
1760636246654,1001.3822
1760636246674,1001.15625
1760636246695,1000.9449
1760636246715,1000.78296
1760636246735,1000.5764
1760636246757,1000.4475
1760636246774,1000.3353
1760636246794,1000.3775
1760636246814,1000.436
1760636246834,1000.3811
1760636246854,1000.3278
1760636246875,1000.28876
1760636246896,1000.1919
1760636246915,1000.09143
1760636246934,1000.0635
1760636246954,1000.0784
1760636246974,1000.088
1760636246994,1000.11285
1760636247014,1000.09094
1760636247034,1000.1274
1760636247056,1000.1726
1760636247075,1000.21313
1760636247095,1000.22064
1760636247114,1000.2575
1760636247134,1000.2627
1760636247155,1000.24677
1760636247175,1000.2659
1760636247195,1000.24457
1760636247215,1000.2491
1760636247236,1000.23895
1760636247254,1000.23145
1760636247274,1000.1922
1760636247294,1000.21344
1760636247314,1000.22894
1760636247334,1000.2219
1760636247355,1000.1471
1760636247375,1000.10144
1760636247395,1000.1249
1760636247416,1000.0842
1760636247434,1000.17535
1760636247454,1000.17114
1760636247474,1000.1877
1760636247494,1000.2102
1760636247514,1000.22485
1760636247535,1000.2211
1760636247555,1000.2341
1760636247575,1000.24036
1760636247594,1000.3252
1760636247614,1000.4252
1760636247649,1000.59576
1760636247654,1000.7572
1760636247675,1000.87933
1760636247695,1000.9794
1760636247715,1001.0591
1760636247735,1001.15314
1760636247755,1001.2883
1760636247774,1001.48047
1760636247794,1001.6214
1760636247814,1001.696
1760636247834,1001.84753
1760636247854,1002.2991
1760636247875,1002.56177
1760636247895,1002.36646
1760636247914,1001.7728
1760636247934,1001.3591
1760636247954,1000.9592
1760636247974,1000.5586
1760636247994,1000.3235
1760636248014,1000.22345
1760636248035,1000.29956
1760636248055,1000.29626
1760636248075,1000.28345
1760636248095,1000.27734
1760636248114,1000.2499
1760636248134,1000.0813
1760636248154,999.9474
1760636248175,999.8872
1760636248195,999.9003
1760636248215,999.95
1760636248235,999.95984
1760636248254,999.9408
1760636248274,999.96655
1760636248294,1000.0667
1760636248314,1000.1327
1760636248334,1000.1211
1760636248354,1000.11676
1760636248375,1000.15924
1760636248395,1000.17285
1760636248414,1000.1917
1760636248434,1000.1899
1760636248454,1000.17566
1760636248474,1000.1886
1760636248494,1000.21344
1760636248514,1000.2019
1760636248535,1000.1327
1760636248555,1000.025
1760636248574,1000.0258
1760636248594,1000.02765
1760636248614,999.98895
1760636248635,999.996
1760636248655,999.98926
1760636248675,999.9883
1760636248695,1000.0158
1760636248715,1000.03204
1760636248734,1000.04016
1760636248755,1000.0844
1760636248774,1000.1253
1760636248794,1000.11285
1760636248814,1000.15906
1760636248835,1000.1994
1760636248855,1000.2242
1760636248875,1000.35425
1760636248894,1000.4392
1760636248914,1000.4869
1760636248934,1000.5858
1760636248954,1000.7552
1760636248974,1000.92456
1760636248995,1001.0816
1760636249015,1001.2502
1760636249035,1001.4386
1760636249054,1001.548
1760636249074,1001.7436
1760636249094,1002.256
1760636249114,1002.3063
1760636249135,1001.79144
1760636249155,1001.60876
1760636249175,1001.1805
1760636249196,1000.79205
1760636249216,1000.5672
1760636249234,1000.3217
1760636249254,1000.21094
1760636249274,1000.2034
1760636249294,1000.23456
1760636249314,1000.1958
1760636249334,1000.1327
1760636249355,1000.03925
1760636249375,999.9286
1760636249394,999.83813
1760636249415,999.8058
1760636249435,999.8146
1760636249454,999.8089
1760636249475,999.84235
1760636249495,999.8849
1760636249515,999.92535
1760636249535,999.9385
1760636249554,999.9372
1760636249574,999.9519
1760636249594,999.9506
1760636249614,999.9435
1760636249635,999.9392
1760636249655,999.95984
1760636249675,999.97424
1760636249695,1000.0178
1760636249714,1000.0071
1760636249734,1000.03955
1760636249754,1000.04065
1760636249774,1000.0603
1760636249794,1000.0527
1760636249814,1000.028
1760636249834,1000.03296
1760636249855,1000.0166
1760636249874,1000.0056
1760636249894,1000.0022
1760636249914,999.99097
1760636249934,999.9694
1760636249954,999.97205
1760636249974,1000.05597
1760636249995,1000.09753
1760636250015,1000.10376
1760636250035,1000.0549
1760636250054,1000.0777
1760636250074,1000.0719
1760636250094,1000.0628
1760636250114,1000.1194
1760636250135,1000.11426
1760636250155,1000.126
1760636250175,1000.1705
1760636250196,1000.17737
1760636250215,1000.1864
1760636250235,1000.1791
1760636250254,1000.17017
1760636250275,1000.17316
1760636250294,1000.16187
1760636250314,1000.17926
1760636250335,1000.1994
1760636250355,1000.29456
1760636250374,1000.37427
1760636250394,1000.4419
1760636250414,1000.4989
1760636250434,1000.5183
1760636250454,1000.53656
1760636250474,1000.48376
1760636250495,1000.4519
1760636250515,1000.3366
1760636250535,1000.2397
1760636250554,1000.1441
1760636250574,1000.1349
1760636250594,1000.11816
1760636250614,1000.1819
1760636250634,1000.1902
1760636250655,1000.15283
1760636250676,1000.1277
1760636250694,1000.14813
1760636250714,1000.1719
1760636250734,1000.2003
1760636250754,1000.2041
1760636250774,1000.2436
1760636250794,1000.28613
1760636250815,1000.3076
1760636250835,1000.3352
1760636250856,1000.3838
1760636250874,1000.3922
1760636250895,1000.3629
1760636250914,1000.3508
1760636250934,1000.3775
1760636250955,1000.35675
1760636250975,1000.3508
1760636250996,1000.3799
1760636251016,1000.3672
1760636251035,1000.3758
1760636251054,1000.34973
1760636251074,1000.3142
1760636251094,1000.36816
1760636251115,1000.35345
1760636251135,1000.2069
1760636251155,1000.1122
1760636251176,1000.1136
1760636251194,1000.10474
1760636251214,1000.0788
1760636251234,1000.123
1760636251254,1000.1278
1760636251274,1000.1345
1760636251294,1000.1902
1760636251315,1000.21423
1760636251335,1000.17285
1760636251354,1000.1858
1760636251375,1000.23676
1760636251394,1000.3114
1760636251414,1000.3047
1760636251434,1000.3674
1760636251454,1000.46875
1760636251475,1000.5944
1760636251495,1000.7161
1760636251514,1000.92596
1760636251534,1001.1211
1760636251554,1001.1902
1760636251574,1001.208
1760636251594,1001.28424
1760636251614,1001.24817
1760636251635,1001.1997
1760636251655,1000.85364
1760636251676,1000.6836
1760636251694,1000.6902
1760636251715,1000.5124
1760636251734,1000.43567
1760636251755,1000.3166
1760636251775,1000.2463
1760636251794,1000.1991
1760636251815,1000.15173
1760636251835,1000.0809
1760636251854,1000.0725
1760636251874,1000.05145
1760636251896,1000.0538
1760636251914,1000.0311
1760636251934,1000.0611
1760636251955,1000.09753
1760636251975,1000.11346
1760636251996,1000.1414
1760636252015,1000.1791
1760636252034,1000.20483
1760636252055,1000.1839
1760636252075,1000.1797
1760636252095,1000.23676
1760636252115,1000.2469
1760636252136,1000.22845
1760636252155,1000.2535
1760636252175,1000.2041
1760636252194,1000.18286
1760636252215,1000.15094
1760636252234,1000.11847
1760636252255,1000.0755
1760636252276,1000.0739
1760636252295,1000.0969
1760636252315,1000.04767
1760636252334,1000.0178
1760636252354,1000.0253
1760636252374,1000.0166
1760636252394,1000.0536
1760636252414,1000.0861
1760636252435,1000.09625
1760636252455,1000.0958
1760636252475,1000.1161
1760636252494,1000.1669
1760636252514,1000.1853
1760636252534,1000.1994
1760636252554,1000.2619
1760636252574,1000.28876
1760636252595,1000.3319
1760636252615,1000.4338
1760636252636,1000.5253
1760636252656,1000.6199
1760636252675,1000.80035
1760636252695,1000.9394
1760636252715,1001.0197
1760636252734,1001.0894
1760636252755,1001.17316
1760636252776,1001.3352
1760636252794,1001.5972
1760636252815,1002.0106
1760636252834,1002.16473
1760636252854,1001.7489
1760636252874,1001.46454
1760636252894,1001.0095
1760636252914,1000.7697
1760636252935,1000.4403
1760636252956,1000.2808
1760636252976,1000.2475
1760636252994,1000.22455
1760636253014,1000.1902
1760636253034,1000.1384
1760636253055,1000.1306
1760636253074,1000.0652
1760636253095,999.98517
1760636253115,999.888
1760636253136,999.8722
1760636253154,999.86395
1760636253174,999.8956
1760636253194,999.90234
1760636253214,999.91766
1760636253235,999.9294
1760636253255,999.9291
1760636253278,999.9545
1760636253295,1000.0322
1760636253314,1000.05927
1760636253334,1000.0527
1760636253354,1000.04065
1760636253374,1000.05927
1760636253394,1000.0805
1760636253415,1000.0933
1760636253435,1000.05145
1760636253455,1000.0408
1760636253475,1000.03656
1760636253495,999.9955
1760636253514,999.97614
1760636253534,999.9594
1760636253554,999.98114
1760636253575,999.9492
1760636253594,999.9636
1760636253615,999.9492
1760636253636,999.95593
1760636253654,999.97314
1760636253674,999.97516
1760636253694,999.97784
1760636253714,1000.0083
1760636253734,1000.0491
1760636253754,1000.0632
1760636253774,1000.0703
1760636253795,1000.1155
1760636253814,1000.2372
1760636253834,1000.29016
1760636253854,1000.36285
1760636253874,1000.47253
1760636253894,1000.7055
1760636253914,1001.0003
1760636253934,1001.1896
1760636253955,1001.36566
1760636253974,1001.48755
1760636253994,1001.60754
1760636254014,1001.88525
1760636254034,1002.03986
1760636254054,1001.9516
1760636254074,1001.6147
1760636254094,1001.10266
1760636254115,1000.8872
1760636254134,1000.59503
1760636254154,1000.2705
1760636254174,1000.11127
1760636254194,1000.17206
1760636254214,1000.15765
1760636254234,1000.066
1760636254254,1000.0044
1760636254274,999.9372
1760636254295,999.86035
1760636254314,999.8292
1760636254334,999.78815
1760636254354,999.8444
1760636254374,999.871
1760636254401,999.8991
1760636254438,1000.0094
1760636254455,999.98346
1760636254475,999.9999
1760636254495,999.99347
1760636254516,999.9988
1760636254535,1000.0011
1760636254555,1000.0156
1760636254575,999.99066
1760636254595,999.9438
1760636254615,999.9255
1760636254635,999.9374
1760636254656,999.9435
1760636254676,999.91956
1760636254696,999.8813
1760636254715,999.8342
1760636254735,999.84674
1760636254755,999.8133
1760636254775,999.8436
1760636254796,999.8861
1760636254817,999.8952
1760636254836,999.8847
1760636254856,999.8933
1760636254875,999.9311
1760636254895,999.9385
1760636254916,999.97955
1760636254936,999.98114
1760636254955,999.99036
1760636254976,1000.10394
1760636254997,1000.1472
1760636255016,1000.21985
1760636255035,1000.3142
1760636255055,1000.4894
1760636255075,1000.66705
1760636255096,1000.8397
1760636255116,1000.91345
1760636255136,1001.03094
1760636255156,1001.0791
1760636255177,1001.27893
1760636255195,1001.47595
1760636255215,1001.2308
1760636255235,1001.1902
1760636255256,1000.9924
1760636255275,1000.5311
1760636255295,1000.21643
1760636255316,1000.09393
1760636255336,1000.0583
1760636255355,1000.0108
1760636255375,1000.05005
1760636255395,1000.0632
1760636255415,1000.03284
1760636255435,999.91003
1760636255456,999.8019
1760636255476,999.7669
1760636255496,999.7692
1760636255517,999.7858
1760636255536,999.80206
1760636255556,999.79987
1760636255576,999.8239
1760636255596,999.885
1760636255616,999.9382
1760636255637,1000.02704
1760636255656,1000.0202
1760636255676,999.9908
1760636255695,999.97516
1760636255716,999.97095
1760636255735,999.98267
1760636255755,999.97736
1760636255775,999.9641
1760636255795,999.98505
1760636255816,1000.0188
1760636255836,1000.0005
1760636255855,999.97015
1760636255875,999.9005
1760636255895,999.868
1760636255915,999.84796
1760636255935,999.85486
1760636255955,999.86127
1760636255975,999.8713
1760636255996,999.8683
1760636256015,999.90204
1760636256035,999.87427
1760636256055,999.8783
1760636256075,999.9453
1760636256095,999.9372
1760636256115,999.9499
1760636256136,999.9905
1760636256156,999.998
1760636256175,1000.0688
1760636256195,1000.1325
1760636256215,1000.2033
1760636256235,1000.22906
1760636256255,1000.34735
1760636256276,1000.53674
1760636256296,1000.72723
1760636256316,1000.8889
1760636256337,1000.9919
1760636256355,1001.0806
1760636256375,1001.16705
1760636256395,1001.3425
1760636256415,1001.6338
1760636256436,1001.76953
1760636256456,1001.4561
1760636256476,1001.23566
1760636256496,1000.8689
1760636256515,1000.3674
1760636256536,1000.23114
1760636256555,1000.17285
1760636256576,1000.1486
1760636256596,1000.1436
1760636256616,1000.1288
1760636256637,1000.0855
1760636256656,1000.005
1760636256675,999.9003
1760636256696,999.78925
1760636256715,999.7258
1760636256735,999.72534
1760636256756,999.7644
1760636256776,999.8066
1760636256797,999.7728
1760636256816,999.7994
1760636256835,999.8366
1760636256856,999.8895
1760636256876,999.953
1760636256895,999.97473
1760636256916,999.97906
1760636256936,999.97906
1760636256956,999.9519
1760636256976,999.9338
1760636256995,999.9522
1760636257015,999.9297
1760636257035,999.9505
1760636257055,999.95953
1760636257076,999.92017
1760636257096,999.8728
1760636257116,999.8214
1760636257136,999.7589
1760636257156,999.74927
1760636257175,999.7591
1760636257196,999.74567
1760636257217,999.7764
1760636257236,999.8224
1760636257255,999.8319
1760636257276,999.84314
1760636257296,999.8319
1760636257317,999.85394
1760636257336,999.8821
1760636257356,999.9003
1760636257375,999.92377
1760636257395,999.9464
1760636257415,999.98627
1760636257436,1000.0341
1760636257456,1000.1263
1760636257477,1000.18066
1760636257497,1000.30817
1760636257516,1000.4569
1760636257535,1000.6277
1760636257556,1000.8289
1760636257576,1000.9616
1760636257596,1000.98376
1760636257617,1001.0544
1760636257636,1001.24097
1760636257655,1001.517
1760636257676,1001.3947
1760636257696,1001.04895
1760636257716,1000.8174
1760636257736,1000.5017
1760636257756,1000.3944
1760636257776,1000.16486
1760636257797,1000.08887
1760636257816,1000.0694
1760636257835,1000.09564
1760636257856,999.99677
1760636257875,999.84766
1760636257896,999.78
1760636257916,999.73346
1760636257936,999.6922
1760636257957,999.71735
1760636257976,999.72205
1760636257995,999.73285
1760636258016,999.7564
1760636258036,999.7377
1760636258055,999.72797
1760636258076,999.808
1760636258096,999.9018
1760636258116,999.9044
1760636258136,999.8975
1760636258155,999.93677
1760636258175,999.9555
1760636258195,999.9833
1760636258226,999.9963
1760636258238,999.99963
1760636258268,999.98956
1760636258283,999.93945
1760636258297,999.8908
1760636258315,999.91437
1760636258335,999.888
1760636258356,999.80817
1760636258375,999.78235
1760636258395,999.7947
1760636258416,999.7627
1760636258436,999.74207
1760636258456,999.7294
1760636258476,999.7678
1760636258495,999.8152
1760636258516,999.84894
1760636258535,999.8942
1760636258555,999.84485
1760636258576,999.8325
1760636258596,999.80536
1760636258616,999.84064
1760636258635,999.8811
1760636258655,999.9338
1760636258675,999.9897
1760636258696,999.98535
1760636258716,1000.0783
1760636258736,1000.15405
1760636258756,1000.2619
1760636258776,1000.3166
1760636258795,1000.48364
1760636258815,1000.65674
1760636258835,1000.8836
1760636258855,1001.1283
1760636258876,1001.2322
1760636258896,1001.3055
1760636258916,1001.48035
1760636258937,1001.72546
1760636258956,1002.23035
1760636258975,1002.23755
1760636258995,1001.7528
1760636259016,1001.7014
1760636259036,1001.3211
1760636259056,1001.128
1760636259076,1001.15
1760636259096,1000.77563
1760636259116,1000.5032
1760636259136,1000.3383
1760636259156,1000.22003
1760636259175,1000.1033
1760636259196,1000.03656
1760636259216,1000.02124
1760636259237,1000.01733
1760636259256,999.89734
1760636259276,999.73737
1760636259295,999.6455
1760636259315,999.5836
1760636259335,999.5703
1760636259356,999.5621
1760636259376,999.52875
1760636259396,999.5203
1760636259416,999.52875
1760636259436,999.5552
1760636259455,999.5819
1760636259475,999.5652
1760636259495,999.6141
1760636259516,999.6236
1760636259535,999.6308
1760636259556,999.6519
1760636259576,999.6494
1760636259597,999.68036
1760636259615,999.6813
1760636259636,999.7028
1760636259655,999.7013
1760636259675,999.70874
1760636259695,999.6939
1760636259716,999.6882
1760636259736,999.72046
1760636259757,999.7452
1760636259777,999.7499
1760636259795,999.763
1760636259815,999.7656
1760636259836,999.7602
1760636259855,999.72205
1760636259876,999.6788
1760636259896,999.705
1760636259916,999.7259
1760636259937,999.7003
1760636259956,999.7147
1760636259975,999.7477
1760636259995,999.72626
1760636260016,999.72614
1760636260036,999.7603
1760636260056,999.80676
1760636260076,999.8739
1760636260097,999.8716
1760636260116,999.84674
1760636260135,999.8289
1760636260155,999.78937
1760636260175,999.80145
1760636260195,999.79126
1760636260216,999.8333
1760636260236,999.84674
1760636260257,999.84
1760636260275,999.85474
1760636260296,999.8724
1760636260315,999.8845
1760636260335,999.96643
1760636260355,1000.025
1760636260376,1000.0797
1760636260397,1000.13873
1760636260417,1000.2067
1760636260437,1000.2308
1760636260456,1000.3206
1760636260476,1000.3808
1760636260495,1000.46124
1760636260516,1000.27985
1760636260536,1000.0472
1760636260556,1000.05676
1760636260576,1000.1912
1760636260596,1000.09155
1760636260616,999.9591
1760636260635,999.9936
1760636260656,999.905
1760636260675,999.8083
1760636260696,999.83484
1760636260716,999.8394
1760636260737,999.83954
1760636260757,999.84863
1760636260775,999.8877
1760636260796,999.948
1760636260817,999.9952
1760636260836,999.9958
1760636260856,1000.04926
1760636260876,1000.0558
1760636260896,1000.0146
1760636260917,1000.0969
1760636260936,1000.2516
1760636260956,1000.28546
1760636260976,1000.22455
1760636260996,1000.10504
1760636261015,1000.02374
1760636261036,999.89984
1760636261056,999.87177
1760636261077,999.873
1760636261095,999.83813
1760636261115,999.7572
1760636261135,999.79846
1760636261155,999.74426
1760636261176,999.78894
1760636261196,999.8361
1760636261216,999.85004
1760636261236,999.8939
1760636261255,999.90125
1760636261276,999.91406
1760636261295,999.92206
1760636261316,999.9453
1760636261336,999.9564
1760636261356,1000.0017
1760636261376,1000.0622
1760636261396,1000.1555
1760636261417,1000.363
1760636261435,1000.5717
1760636261456,1000.77734
1760636261476,1000.92035
1760636261496,1000.9403
1760636261516,1000.92596
1760636261536,1000.98145
1760636261556,1000.91376
1760636261576,1000.8761
1760636261596,1000.5219
1760636261616,1000.41296
1760636261635,1000.3961
1760636261656,1000.2708
1760636261676,1000.17847
1760636261696,1000.12067
1760636261716,1000.10736
1760636261737,999.9874
1760636261757,999.8716
1760636261777,999.8405
1760636261796,999.82983
1760636261816,999.7578
1760636261836,999.6931
1760636261856,999.6985
1760636261876,999.8136
1760636261896,999.84204
1760636261915,999.85547
1760636261936,999.8961
1760636261955,999.96515
1760636261975,999.9972
1760636261996,999.97614
1760636262017,999.9477
1760636262036,999.9577
1760636262057,999.9527
1760636262075,999.9886
1760636262096,999.99097
1760636262116,999.98395
1760636262136,999.9971
1760636262156,1000.0172
1760636262176,999.96173
1760636262196,999.8972
1760636262216,999.84796
1760636262237,999.7663
1760636262255,999.6986
1760636262276,999.7064
1760636262295,999.7405
1760636262316,999.7464
1760636262336,999.7513
1760636262356,999.768
1760636262376,999.7563
1760636262397,999.79425
1760636262415,999.78296
1760636262435,999.8358
1760636262455,999.8397
1760636262476,999.83704
1760636262496,999.8919
1760636262516,999.91223
1760636262536,999.9481
1760636262557,999.98987
1760636262575,1000.03033
1760636262596,1000.08984
1760636262615,1000.17145
1760636262636,1000.3083
1760636262656,1000.4897
1760636262677,1000.67126
1760636262696,1000.7911
1760636262717,1000.8844
1760636262736,1001.0136
1760636262755,1001.3844
1760636262775,1001.6105
1760636262795,1001.41797
1760636262816,1001.03516
1760636262836,1000.7105
1760636262856,1000.3181
1760636262877,1000.22784
1760636262895,1000.1266
1760636262916,1000.14923
1760636262936,1000.09625
1760636262955,1000.0527
1760636262976,1000.04144
1760636262996,1000.06213
1760636263017,999.9391
1760636263037,999.73737
1760636263056,999.6427
1760636263076,999.6261
1760636263095,999.6583
1760636263116,999.7102
1760636263136,999.7549
1760636263156,999.7605
1760636263176,999.8036
1760636263196,999.8808
1760636263216,999.8906
1760636263236,999.8835
1760636263255,999.84204
1760636263276,999.86176
1760636263296,999.8774
1760636263316,999.86597
1760636263336,999.85815
1760636263356,999.8333
1760636263376,999.825
1760636263395,999.7617
1760636263415,999.76843
1760636263436,999.7549
1760636263456,999.68036
1760636263475,999.65
1760636263496,999.66864
1760636263516,999.6658
1760636263536,999.6997
1760636263555,999.67706
1760636263576,999.64984
1760636263595,999.68097
1760636263616,999.7581
1760636263636,999.79114
1760636263656,999.7663
1760636263678,999.78687
1760636263696,999.86707
1760636263715,999.968
1760636263735,1000.0599
1760636263755,1000.16516
1760636263775,1000.2616
1760636263795,1000.4536
1760636263815,1000.65405
1760636263836,1000.7633
1760636263856,1000.85706
1760636263877,1000.92255
1760636263895,1001.0817
1760636263915,1001.2538
1760636263935,1001.65204
1760636263956,1001.9592
1760636263976,1001.7664
1760636263996,1001.30316
1760636264016,1001.01
1760636264036,1000.4433
1760636264055,1000.1853
1760636264076,1000.0005
1760636264095,999.9346
1760636264115,999.9385
1760636264136,1000.0091
1760636264156,999.9913
1760636264176,999.9422
1760636264196,999.821
1760636264216,999.6533
1760636264235,999.53314
1760636264255,999.5024
1760636264276,999.54926
1760636264296,999.588
1760636264316,999.60406
1760636264337,999.60266
1760636264357,999.6812
1760636264375,999.7333
1760636264396,999.73816
1760636264415,999.7052
1760636264435,999.7056
1760636264456,999.7053
1760636264475,999.7063
1760636264495,999.6944
1760636264516,999.6802
1760636264536,999.67017
1760636264555,999.6324
1760636264575,999.5825
1760636264595,999.56177
1760636264615,999.58
1760636264635,999.59735
1760636264655,999.5689
1760636264676,999.58765
1760636264695,999.5706
1760636264716,999.5689
1760636264735,999.58734
1760636264755,999.61646
1760636264776,999.59424
1760636264796,999.645
1760636264816,999.7183
1760636264836,999.7073
1760636264857,999.72235
1760636264875,999.7689
1760636264895,999.85065
1760636264915,999.9427
1760636264936,1000.0319
1760636264956,1000.08374
1760636264976,1000.16266
1760636264996,1000.29395
1760636265017,1000.4431
1760636265036,1000.60004
1760636265055,1000.6907
1760636265075,1000.7822
1760636265096,1000.8841
1760636265116,1001.0922
1760636265136,1001.3816
1760636265156,1001.3917
1760636265177,1001.02313
1760636265196,1000.8225
1760636265216,1000.5541
1760636265236,1000.14984
1760636265255,1000.0041
1760636265276,999.92706
1760636265296,999.85565
1760636265316,999.86566
1760636265337,999.84204
1760636265356,999.85547
1760636265375,999.8132
1760636265395,999.6194
1760636265416,999.55536
1760636265436,999.49426
1760636265456,999.48755
1760636265476,999.5092
1760636265497,999.54846
1760636265515,999.53253
1760636265536,999.54767
1760636265556,999.5828
1760636265576,999.65796
1760636265595,999.72015
1760636265616,999.6797
1760636265636,999.6844
1760636265656,999.71655
1760636265676,999.72595
1760636265695,999.72046
1760636265715,999.703
1760636265735,999.695
1760636265756,999.67114
1760636265776,999.7102
1760636265796,999.7422
1760636265816,999.7183
1760636265837,999.67816
1760636265855,999.66394
1760636265875,999.6475
1760636265895,999.5811
1760636265916,999.54767
1760636265936,999.54254
1760636265956,999.583
1760636265977,999.5697
1760636265996,999.5961
1760636266015,999.61035
1760636266035,999.64453
1760636266055,999.6282
1760636266076,999.6825
1760636266096,999.65485
1760636266116,999.67535
1760636266136,999.72015
1760636266156,999.7589
1760636266176,999.8005
1760636266196,999.8675
1760636266216,999.9322
1760636266235,1000.01
1760636266255,1000.09454
1760636266276,1000.1788
1760636266296,1000.28815
1760636266316,1000.5035
1760636266336,1000.6933
1760636266356,1000.8758
1760636266376,1001.1216
1760636266396,1001.5969
1760636266416,1001.5822
1760636266436,1001.2571
1760636266456,1000.85736
1760636266476,1000.60925
1760636266496,1000.1978
1760636266515,999.9958
1760636266536,999.99066
1760636266555,999.97266
1760636266575,999.9527
1760636266595,999.8835
1760636266616,999.91486
1760636266636,999.8133
1760636266656,999.59656
1760636266675,999.5055
1760636266696,999.4474
1760636266715,999.4808
1760636266736,999.5344
1760636266756,999.5516
1760636266776,999.5803
1760636266796,999.60394
1760636266816,999.66644
1760636266835,999.72296
1760636266855,999.746
1760636266875,999.7408
1760636266896,999.72894
1760636266915,999.6986
1760636266936,999.6928
1760636266956,999.71204
1760636266976,999.7033
1760636266995,999.6963
1760636267015,999.7016
1760636267035,999.6822
1760636267056,999.66473
1760636267075,999.5788
1760636267096,999.5198
1760636267117,999.53033
1760636267136,999.5505
1760636267155,999.55035
1760636267175,999.59265
1760636267196,999.59
1760636267215,999.5814
1760636267235,999.58374
1760636267256,999.615
1760636267276,999.6439
1760636267296,999.66095
1760636267316,999.66406
1760636267335,999.7566
1760636267355,999.8116
1760636267375,999.90735
1760636267395,1000.04114
1760636267416,1000.1214
1760636267436,1000.22473
1760636267456,1000.4069
1760636267477,1000.53345
1760636267495,1000.66925
1760636267516,1000.7507
1760636267535,1000.91724
1760636267555,1001.15485
1760636267576,1001.512
1760636267596,1001.9277
1760636267616,1001.98004
1760636267636,1001.41205
1760636267655,1001.1414
1760636267675,1000.4922
1760636267696,1000.0671
1760636267715,999.86346
1760636267735,999.79517
1760636267756,999.7411
1760636267776,999.85986
1760636267796,999.893
1760636267815,999.8372
1760636267836,999.7308
1760636267856,999.5319
1760636267875,999.3978
1760636267895,999.36597
1760636267916,999.41736
1760636267936,999.4845
1760636267957,999.46735
1760636267975,999.46985
1760636267996,999.53546
1760636268017,999.6057
1760636268035,999.6338
1760636268055,999.6455
1760636268075,999.6228
1760636268096,999.636
1760636268116,999.59064
1760636268136,999.61456
1760636268156,999.60345
1760636268175,999.573
1760636268196,999.5632
1760636268215,999.5635
1760636268236,999.608
1760636268256,999.53815
1760636268276,999.5247
1760636268297,999.4922
1760636268316,999.45844
1760636268337,999.46094
1760636268356,999.47064
1760636268375,999.4464
1760636268396,999.4972
1760636268416,999.5145
1760636268436,999.5022
1760636268457,999.52765
1760636268476,999.53876
1760636268495,999.5716
1760636268515,999.59906
1760636268557,999.6627
1760636268576,999.8408
1760636268607,999.9631
1760636268617,1000.04926
1760636268636,1000.17456
1760636268656,1000.2725
1760636268676,1000.34955
1760636268696,1000.5008
1760636268715,1000.59564
1760636268736,1000.8119
1760636268756,1000.9972
1760636268776,1001.0533
1760636268796,1001.10706
1760636268815,1001.27423
1760636268835,1001.48254
1760636268855,1001.7044
1760636268876,1001.9086
1760636268896,1001.8877
1760636268916,1002.1327
1760636268936,1002.005
1760636268957,1001.6988
1760636268975,1001.17896
1760636268996,1000.6825
1760636269016,1000.31
1760636269036,1000.0139
1760636269056,999.8083
1760636269076,999.66644
1760636269097,999.623
1760636269116,999.60986
1760636269136,999.6136
1760636269155,999.53253
1760636269176,999.4492
1760636269196,999.34784
1760636269216,999.2449
1760636269236,999.1892
1760636269256,999.1489
1760636269277,999.1363
1760636269295,999.15234
1760636269315,999.1536
1760636269336,999.1978
1760636269355,999.22253
1760636269376,999.22375
1760636269396,999.248
1760636269416,999.2466
1760636269437,999.2719
1760636269456,999.29987
1760636269475,999.28784
1760636269496,999.3102
1760636269515,999.3099
1760636269536,999.3252
1760636269556,999.365
1760636269576,999.3867
1760636269596,999.37317
1760636269616,999.3952
1760636269635,999.388
1760636269657,999.40955
1760636269676,999.3686
1760636269696,999.3927
1760636269716,999.3913
1760636269736,999.3867
1760636269756,999.3619
1760636269777,999.3473
1760636269796,999.36566
1760636269816,999.3997
1760636269835,999.42285
1760636269855,999.41656
1760636269876,999.4288
1760636269896,999.4977
1760636269917,999.5621
1760636269937,999.60095
1760636269955,999.5808
1760636269975,999.5533
1760636269995,999.5646
1760636270015,999.54254
1760636270036,999.52423
1760636270056,999.5066
1760636270076,999.53516
1760636270096,999.5677
1760636270115,999.5897
1760636270136,999.5644
1760636270155,999.5827
1760636270175,999.697
1760636270196,999.79816
1760636270216,999.8952
1760636270236,999.97754
1760636270256,1000.0083
1760636270275,999.9453
1760636270295,999.78503
1760636270316,999.8849
1760636270335,999.80316
1760636270355,999.6486
1760636270376,999.5694
1760636270396,999.54205
1760636270417,999.5603
1760636270435,999.59784
1760636270455,999.6033
1760636270475,999.60284
1760636270496,999.59424
1760636270515,999.585
1760636270536,999.5677
1760636270556,999.5733
1760636270576,999.618
1760636270596,999.6892
1760636270615,999.71375
1760636270635,999.7444
1760636270656,999.718
1760636270676,999.71063
1760636270697,999.71313
1760636270716,999.71594
1760636270736,999.7005
1760636270756,999.7433
1760636270775,999.7775
1760636270796,999.7208
1760636270816,999.67017
1760636270835,999.65594
1760636270856,999.66724
1760636270876,999.61646
1760636270896,999.5383
1760636270917,999.53546
1760636270935,999.5585
1760636270955,999.5663
1760636270975,999.5572
1760636270995,999.5685
1760636271016,999.60034
1760636271036,999.5913
1760636271056,999.61926
1760636271076,999.6311
1760636271095,999.67676
1760636271116,999.6974
1760636271135,999.7522
1760636271155,999.79645
1760636271175,999.8328
1760636271196,999.91455
1760636271216,1000.0163
1760636271236,1000.0908
1760636271256,1000.1889
1760636271276,1000.3752
1760636271295,1000.5878
1760636271315,1000.763
1760636271335,1000.8036
1760636271356,1000.8725
1760636271376,1001.02374
1760636271397,1001.5347
1760636271417,1001.85223
1760636271436,1001.34033
1760636271456,1001.0619
1760636271476,1000.79407
1760636271496,1000.441
1760636271516,1000.2419
1760636271536,1000.0703
1760636271556,999.85284
1760636271577,999.7114
1760636271597,999.6402
1760636271616,999.62463
1760636271636,999.6247
1760636271655,999.5167
1760636271676,999.4675
1760636271696,999.4506
1760636271717,999.4339
1760636271736,999.4506
1760636271757,999.4894
1760636271776,999.46674
1760636271796,999.47595
1760636271815,999.47015
1760636271836,999.4994
1760636271856,999.5575
1760636271876,999.5745
1760636271896,999.5572
1760636271916,999.5574
1760636271943,999.5828
1760636271955,999.59894
1760636271976,999.60156
1760636271996,999.62427
1760636272016,999.60516
1760636272036,999.5585
1760636272056,999.55206
1760636272076,999.5266
1760636272095,999.48987
1760636272115,999.46124
1760636272135,999.47314
1760636272155,999.4517
1760636272175,999.47815
1760636272195,999.4419
1760636272216,999.4531
1760636272236,999.4633
1760636272255,999.5017
1760636272275,999.511
1760636272296,999.5191
1760636272315,999.5075
1760636272336,999.5119
1760636272356,999.52875
1760636272376,999.5886
1760636272396,999.5947
1760636272416,999.60675
1760636272436,999.6392
1760636272455,999.65753
1760636272475,999.7283
1760636272496,999.79395
1760636272516,999.86597
1760636272537,999.9533
1760636272557,1000.1277
1760636272575,1000.2546
1760636272596,1000.47754
1760636272615,1000.66473
1760636272636,1000.6975
1760636272656,1000.7439
1760636272676,1001.0108
1760636272696,1001.1871
1760636272716,1000.947
1760636272737,1000.7639
1760636272756,1000.5591
1760636272775,1000.1427
1760636272795,999.9385
1760636272816,999.71674
1760636272836,999.66504
1760636272856,999.68066
1760636272876,999.67346
1760636272897,999.6467
1760636272915,999.59546
1760636272935,999.53784
1760636272955,999.47687
1760636272976,999.405
1760636272996,999.41376
1760636273016,999.46643
1760636273037,999.54395
1760636273057,999.5095
1760636273075,999.5197
1760636273095,999.5177
1760636273116,999.57983
1760636273136,999.6363
1760636273156,999.60114
1760636273176,999.59375
1760636273196,999.5944
1760636273216,999.6267
1760636273236,999.6303
1760636273255,999.62
1760636273276,999.59094
1760636273296,999.5925
1760636273316,999.5447
1760636273336,999.5027
1760636273356,999.46423
1760636273376,999.4869
1760636273395,999.4567
1760636273415,999.43066
1760636273435,999.41675
1760636273455,999.45844
1760636273476,999.4494
1760636273496,999.48157
1760636273516,999.48157
1760636273536,999.4855
1760636273555,999.5095
1760636273575,999.5169
1760636273596,999.54785
1760636273616,999.5786
1760636273636,999.60406
1760636273656,999.6213
1760636273676,999.64984
1760636273696,999.7069
1760636273715,999.79016
1760636273735,999.8928
1760636273755,1000.04266
1760636273775,1000.25
1760636273795,1000.42395
1760636273816,1000.72394
1760636273836,1000.9022
1760636273856,1000.98175
1760636273876,1001.02783
1760636273896,1001.18
1760636273916,1000.9905
1760636273935,1000.73566
1760636273955,1000.8119
1760636273976,1000.3316
1760636273996,1000.41614
1760636274017,1000.1274
1760636274037,999.97754
1760636274055,999.8889
1760636274075,999.8253
1760636274095,999.78033
1760636274115,999.7808
1760636274135,999.8085
1760636274156,999.79767
1760636274176,999.6456
1760636274197,999.4619
1760636274215,999.3725
1760636274236,999.363
1760636274255,999.39954
1760636274276,999.4222
1760636274296,999.3883
1760636274316,999.46643
1760636274336,999.52905
1760636274356,999.5308
1760636274375,999.5021
1760636274396,999.48645
1760636274416,999.4964
1760636274435,999.493
1760636274456,999.5138
1760636274476,999.4891
1760636274497,999.47345
1760636274517,999.46783
1760636274535,999.4478
1760636274555,999.43427
1760636274575,999.41907
1760636274595,999.41754
1760636274615,999.39484
1760636274636,999.3807
1760636274656,999.37317
1760636274676,999.39484
1760636274696,999.385
1760636274715,999.3955
1760636274735,999.4133
1760636274756,999.40265
1760636274776,999.3761
1760636274796,999.42175
1760636274816,999.5016
1760636274836,999.48047
1760636274857,999.498
1760636274875,999.5158
1760636274895,999.6058
1760636274915,999.6355
1760636274935,999.6825
1760636274956,999.80316
1760636274976,999.8906
1760636274996,999.9722
1760636275017,1000.0828
1760636275035,1000.2116
1760636275056,1000.2933
1760636275076,1000.4247
1760636275095,1000.498
1760636275115,1000.59595
1760636275135,1000.64874
1760636275155,1000.7589
1760636275176,1000.8853
1760636275196,1001.0591
1760636275215,1000.96515
1760636275235,1000.84235
1760636275255,1000.85504
1760636275276,1000.77344
1760636275296,1000.458
1760636275316,1000.1483
1760636275336,999.8969
1760636275356,999.78876
1760636275375,999.7319
1760636275396,999.64984
1760636275415,999.6213
1760636275436,999.59235
1760636275456,999.5753
1760636275476,999.49
1760636275496,999.35376
1760636275516,999.2594
1760636275535,999.22504
1760636275555,999.2475
1760636275575,999.3175
1760636275596,999.34656
1760636275616,999.3327
1760636275636,999.3175
1760636275656,999.4072
1760636275677,999.48846
1760636275695,999.5183
1760636275715,999.5106
1760636275735,999.5128
1760636275755,999.4997
1760636275776,999.4972
1760636275797,999.52
1760636275816,999.54175
1760636275837,999.4986
1760636275856,999.47705
1760636275875,999.46704
1760636275895,999.452
1760636275916,999.428
1760636275935,999.3991
1760636275956,999.34814
1760636275976,999.2955
1760636275997,999.2786
1760636276015,999.2775
1760636276035,999.28815
1760636276055,999.3286
1760636276075,999.3281
1760636276096,999.3205
1760636276116,999.3088
1760636276136,999.3697
1760636276156,999.36005
1760636276175,999.36926
1760636276195,999.41614
1760636276217,999.39484
1760636276235,999.45844
1760636276255,999.55145
1760636276276,999.66394
1760636276296,999.73846
1760636276317,999.805
1760636276337,999.90265
1760636276356,999.9422
1760636276376,1000.1228
1760636276395,1000.2522
1760636276415,1000.36456
1760636276436,1000.46814
1760636276456,1000.6225
1760636276476,1000.96533
1760636276497,1001.16284
1760636276516,1000.8313
1760636276536,1000.78845
1760636276556,1000.4086
1760636276576,999.9572
1760636276596,999.7561
1760636276616,999.6508
1760636276637,999.5194
1760636276656,999.46783
1760636276675,999.4327
1760636276695,999.5433
1760636276715,999.5886
1760636276735,999.448
1760636276756,999.3228
1760636276776,999.2475
1760636276796,999.2525
1760636276817,999.28796
1760636276836,999.30347
1760636276856,999.29755
1760636276875,999.322
1760636276896,999.34485
1760636276916,999.34784
1760636276936,999.3839
1760636276957,999.4231
1760636276977,999.40894
1760636276995,999.40204
1760636277015,999.42676
1760636277036,999.4619
1760636277055,999.47565
1760636277075,999.46063
1760636277096,999.40674
1760636277116,999.387
1760636277137,999.3663
1760636277157,999.35046
1760636277175,999.33734
1760636277195,999.3058
1760636277215,999.28815
1760636277236,999.3219
1760636277256,999.3372
1760636277276,999.2499
1760636277296,999.1835
1760636277317,999.2574
1760636277335,999.30347
1760636277355,999.34705
1760636277375,999.36786
1760636277395,999.3847
1760636277416,999.41455
1760636277436,999.4578
1760636277456,999.4872
1760636277477,999.525
1760636277495,999.5692
1760636277515,999.5864
1760636277535,999.60223
1760636277556,999.608
1760636277576,999.72455
1760636277596,999.8369
1760636277616,999.90173
1760636277636,1000.0674
1760636277656,1000.1853
1760636277675,1000.33765
1760636277696,1000.5253
1760636277715,1000.6444
1760636277736,1000.7567
1760636277756,1000.8616
1760636277776,1000.8821
1760636277796,1000.97284
1760636277815,1001.22797
1760636277835,1001.60046
1760636277856,1001.5706
1760636277875,1001.3047
1760636277895,1001.34143
1760636277916,1001.1384
1760636277936,1000.4858
1760636277957,1000.0688
1760636277977,999.79675
1760636277995,999.5886
1760636278016,999.43066
1760636278035,999.29126
1760636278055,999.2728
1760636278076,999.2558
1760636278096,999.1239
1760636278116,999.04285
1760636278135,999.03845
1760636278155,999.0114
1760636278176,999.0513
1760636278196,999.0777
1760636278215,999.10114
1760636278236,999.1466
1760636278256,999.1755
1760636278277,999.16736
1760636278296,999.22125
1760636278316,999.33093
1760636278336,999.35406
1760636278355,999.36566
1760636278376,999.4005
1760636278396,999.3905
1760636278416,999.3869
1760636278436,999.3821
1760636278456,999.305
1760636278475,999.22955
1760636278496,999.1985
1760636278515,999.1816
1760636278536,999.2003
1760636278556,999.2528
1760636278576,999.23236
1760636278596,999.2058
1760636278617,999.20703
1760636278635,999.2525
1760636278655,999.2667
1760636278675,999.3064
1760636278696,999.28
1760636278716,999.34656
1760636278736,999.4513
1760636278757,999.3807
1760636278776,999.33624
1760636278797,999.41785
1760636278815,999.5003
1760636278836,999.5161
1760636278856,999.5752
1760636278876,999.77484
1760636278896,1000.0019
1760636278916,1000.15485
1760636278936,1000.43677
1760636278956,1000.7511
1760636278976,1001.17395
1760636278996,1001.5161
1760636279015,1001.66174
1760636279036,1001.78723
1760636279056,1001.86395
1760636279076,1001.9411
1760636279096,1002.21313
1760636279116,1002.31067
1760636279136,1002.08484
1760636279155,1002.1752
1760636279175,1001.68097
1760636279196,1001.0069
1760636279216,1000.22095
1760636279236,999.90814
1760636279256,999.79675
1760636279276,999.6333
1760636279297,999.4069
1760636279316,999.35736
1760636279335,999.29034
1760636279355,999.0508
1760636279377,998.7645
1760636279396,998.7464
1760636279416,998.7341
1760636279437,998.7716
1760636279456,998.79706
1760636279475,998.83
1760636279496,998.8766
1760636279516,998.8844
1760636279536,998.8636
1760636279556,998.9466
1760636279576,999.0175
1760636279596,999.1097
1760636279617,999.17316
1760636279636,999.1914
1760636279656,999.16003
1760636279675,999.14343
1760636279695,999.1461
1760636279715,999.2161
1760636279736,999.29297
1760636279756,999.3806
1760636279776,999.47394
1760636279795,999.7589
1760636279816,999.5858
1760636279836,999.09454
1760636279856,999.03503
1760636279876,998.90375
1760636279896,998.863
1760636279916,998.873
1760636279937,998.89484
1760636279955,998.9963
1760636279976,999.0247
1760636279995,998.99536
1760636280015,998.97864
1760636280037,998.97626
1760636280056,998.98846
1760636280076,998.95984
1760636280096,998.9435
1760636280116,998.9569
1760636280136,998.9444
1760636280156,998.9964
1760636280175,998.99
1760636280196,998.9971
1760636280216,998.9361
1760636280236,998.9569
1760636280256,998.9416
1760636280276,998.9977
1760636280295,998.9566
1760636280315,999.0046
1760636280336,999.03394
1760636280356,998.94
1760636280376,998.9858
1760636280396,999.03754
1760636280417,999.0619
1760636280436,999.17236
1760636280456,999.1491
1760636280476,999.1175
1760636280495,999.1158
1760636280515,999.16864
1760636280536,999.14984
1760636280556,999.16547
1760636280576,999.1489
1760636280597,999.1292
1760636280615,999.1455
1760636280635,999.1341
1760636280656,999.1317
1760636280676,999.1386
1760636280696,999.16907
1760636280716,999.17206
1760636280736,999.2111
1760636280756,999.22455
1760636280776,999.2388
1760636280795,999.2416
1760636280815,999.28174
1760636280836,999.28894
1760636280856,999.3049
1760636280876,999.3275
1760636280896,999.33844
1760636280916,999.34985
1760636280935,999.33234
1760636280955,999.35675
1760636280975,999.3774
1760636280996,999.3591
1760636281016,999.3799
1760636281036,999.3822
1760636281056,999.33
1760636281077,999.3508
1760636281095,999.33453
1760636281115,999.35645
1760636281135,999.3666
1760636281155,999.383
1760636281175,999.3766
1760636281196,999.35767
1760636281216,999.371
1760636281236,999.3936
1760636281255,999.381
1760636281276,999.3947
1760636281296,999.40784
1760636281315,999.4133
1760636281335,999.40375
1760636281356,999.42255
1760636281376,999.4086
1760636281396,999.41724
1760636281417,999.3883
1760636281435,999.388
1760636281456,999.3916
1760636281475,999.4208
1760636281496,999.4269
1760636281517,999.4941
1760636281536,999.5128
1760636281556,999.53723
1760636281577,999.5241
1760636281596,999.5049
1760636281616,999.5861
1760636281635,999.6905
1760636281655,999.6956
1760636281676,999.6569
1760636281696,999.66956
1760636281717,999.66534
1760636281737,999.6902
1760636281755,999.7686
1760636281776,999.90314
1760636281796,999.98114
1760636281816,999.8697
1760636281836,999.73456
1760636281856,999.6389
1760636281876,999.6533
1760636281896,999.697
1760636281916,999.7042
1760636281935,999.6224
1760636281956,999.60315
1760636281975,999.5836
1760636281996,999.563
1760636282016,999.5605
1760636282036,999.6302
1760636282056,999.6969
1760636282076,999.72595
1760636282096,999.80566
1760636282115,999.80566
1760636282135,999.80676
1760636282155,999.8083
1760636282176,999.78503
1760636282209,999.7401
1760636282228,999.7524
1760636282244,999.78076
1760636282272,999.77124
1760636282275,999.78284
1760636282295,999.78204
1760636282316,999.7719
1760636282335,999.8066
1760636282356,999.79736
1760636282376,999.77344
1760636282396,999.79126
1760636282415,999.7997
1760636282435,999.80206
1760636282456,999.7597
1760636282475,999.72437
1760636282496,999.6935
1760636282515,999.6882
1760636282538,999.64844
1760636282558,999.64453
1760636282575,999.60065
1760636282596,999.56177
1760636282615,999.5736
1760636282635,999.5533
1760636282656,999.5024
1760636282676,999.4858
1760636282696,999.45984
1760636282716,999.48425
1760636282735,999.4431
1760636282757,999.40125
1760636282775,999.34656
1760636282796,999.3064
1760636282815,999.2986
1760636282836,999.30316
1760636282856,999.31
1760636282876,999.2933
1760636282895,999.27374
1760636282915,999.2966
1760636282936,999.30536
1760636282956,999.3194
1760636282977,999.3002
1760636282996,999.34174
1760636283016,999.35236
1760636283036,999.3895
1760636283057,999.39453
1760636283077,999.39343
1760636283095,999.40594
1760636283116,999.41144
1760636283136,999.41174
1760636283156,999.40344
1760636283176,999.3909
1760636283197,999.4133
1760636283216,999.42645
1760636283235,999.4469
1760636283255,999.4333
1760636283275,999.5131
1760636283295,999.59546
1760636283316,999.5683
1760636283336,999.47797
1760636283356,999.4597
1760636283376,999.4313
1760636283395,999.4277
1760636283415,999.4275
1760636283435,999.4553
1760636283455,999.4586
1760636283476,999.4513
1760636283496,999.4288
1760636283516,999.4438
1760636283539,999.43066
1760636283557,999.47864
1760636283576,999.4583
1760636283596,999.4258
1760636283616,999.4494
1760636283635,999.4044
1760636283656,999.3953
1760636283677,999.35175
1760636283696,999.3891
1760636283715,999.3769
1760636283736,999.385
1760636283756,999.41425
1760636283775,999.4396
1760636283795,999.46985
1760636283816,999.47144
1760636283836,999.4327
1760636283856,999.4497
1760636283876,999.4341
1760636283895,999.4366
1760636283916,999.4567
1760636283935,999.47534
1760636283955,999.4563
1760636283976,999.4925
1760636283996,999.46625
1760636284016,999.4697
1760636284037,999.4608
1760636284055,999.46204
1760636284076,999.4711
1760636284096,999.4605
1760636284116,999.47406
1760636284136,999.47284
1760636284156,999.46533
1760636284176,999.4924
1760636284196,999.54297
1760636284215,999.5063
1760636284235,999.48456
1760636284256,999.5061
1760636284275,999.5841
1760636284296,999.7094
1760636284316,999.8319
1760636284336,999.73486
1760636284356,999.60016
1760636284381,999.5194
1760636284395,999.41876
1760636284429,999.41724
1760636284437,999.4205
1760636284455,999.4369
1760636284475,999.48236
1760636284495,999.48425
1760636284515,999.4633
1760636284535,999.45
1760636284555,999.4405
1760636284575,999.43427
1760636284597,999.4429
1760636284615,999.4378
1760636284635,999.4431
1760636284655,999.4452
1760636284675,999.4216
1760636284696,999.4435
1760636284715,999.433
1760636284735,999.4297
1760636284755,999.4603
1760636284775,999.4497
1760636284795,999.48755
1760636284815,999.4794
1760636284836,999.48816
1760636284856,999.4858
1760636284875,999.46655
1760636284895,999.5624
1760636284915,999.7002
1760636284935,999.77313
1760636284955,999.7702
1760636284975,999.83734
1760636284995,999.8825
1760636285016,999.9602
1760636285035,1000.15405
1760636285055,1000.22406
1760636285075,1000.11127
1760636285096,999.9619
1760636285115,999.85455
1760636285135,999.7144
1760636285155,999.53094
1760636285176,999.3636
1760636285195,999.29736
1760636285215,999.28784
1760636285236,999.34393
1760636285255,999.47015
1760636285275,999.6133
1760636285295,999.72864
1760636285316,999.7549
1760636285336,999.7636
1760636285355,999.77844
1760636285376,999.9552
1760636285395,999.9374
1760636285415,999.8341
