1760636423101,999.43195
1760636423117,999.4475
1760636423136,999.44476
1760636423165,999.4326
1760636423175,999.4334
1760636423191,999.42426
1760636423210,999.43097
1760636423231,999.42676
1760636423250,999.4305
1760636423270,999.41425
1760636423292,999.4244
1760636423311,999.4263
1760636423330,999.4291
1760636423350,999.41986
1760636423370,999.41205
1760636423390,999.4294
1760636423411,999.4464
1760636423431,999.42505
1760636423451,999.4407
1760636423471,999.4675
1760636423490,999.4563
1760636423510,999.48706
1760636423530,999.47064
1760636423550,999.49347
1760636423571,999.47046
1760636423591,999.4924
1760636423611,999.48895
1760636423630,999.505
1760636423650,999.4974
1760636423670,999.5017
1760636423690,999.46893
1760636423710,999.47925
1760636423731,999.4524
1760636423752,999.4371
1760636423772,999.34937
1760636423792,999.3411
1760636423811,999.33
1760636423831,999.3366
1760636423851,999.36346
1760636423872,999.3794
1760636423891,999.4205
1760636423912,999.4455
1760636423932,999.47473
1760636423952,999.4517
1760636423970,999.453
1760636423990,999.458
1760636424011,999.47235
1760636424031,999.4534
1760636424051,999.46344
1760636424071,999.46814
1760636424090,999.447
1760636424111,999.4483
1760636424130,999.4438
1760636424150,999.4506
1760636424170,999.47375
1760636424190,999.4833
1760636424211,999.46985
1760636424231,999.48047
1760636424251,999.47784
1760636424272,999.47095
1760636424291,999.4819
1760636424311,999.48846
1760636424331,999.5105
1760636424351,999.48065
1760636424371,999.4952
1760636424390,999.5152
1760636424411,999.49146
1760636424431,999.5021
1760636424451,999.5056
1760636424471,999.53235
1760636424491,999.5125
1760636424510,999.53284
1760636424532,999.53705
1760636424551,999.51733
1760636424571,999.5139
1760636424590,999.5497
1760636424611,999.54364
1760636424631,999.54004
1760636424651,999.5561
1760636424670,999.5725
1760636424691,999.5569
1760636424711,999.56177
1760636424731,999.59625
1760636424752,999.5541
1760636424772,999.5755
1760636424791,999.62
1760636424811,999.61597
1760636424830,999.61395
1760636424851,999.61096
1760636424871,999.61005
1760636424892,999.60187
1760636424911,999.6438
1760636424932,999.6222
1760636424951,999.6252
1760636424979,999.65796
1760636424998,999.6855
1760636425010,999.67346
1760636425030,999.6422
1760636425051,999.6172
1760636425070,999.5641
1760636425091,999.5752
1760636425110,999.5806
1760636425130,999.5772
1760636425150,999.6274
1760636425170,999.6264
1760636425190,999.7394
1760636425210,999.77484
1760636425231,999.5769
1760636425251,999.65875
1760636425270,999.6141
1760636425290,999.6228
1760636425310,999.6416
1760636425330,999.6356
1760636425350,999.6946
1760636425370,999.6522
1760636425392,999.61456
1760636425411,999.64453
1760636425431,999.59595
1760636425450,999.6363
1760636425470,999.6766
1760636425490,999.68677
1760636425510,999.6533
1760636425530,999.66644
1760636425550,999.65704
1760636425571,999.65875
1760636425591,999.6438
1760636425610,999.6475
1760636425631,999.65796
1760636425651,999.6228
1760636425670,999.65704
1760636425691,999.61707
1760636425711,999.66473
1760636425732,999.6953
1760636425752,999.65344
1760636425771,999.59204
1760636425791,999.6216
1760636425811,999.6708
1760636425831,999.6888
1760636425851,999.6813
1760636425871,999.6467
1760636425892,999.6119
1760636425912,999.6108
1760636425932,999.66675
1760636425952,999.67267
1760636425970,999.65515
1760636425990,999.66205
1760636426010,999.67255
1760636426031,999.60034
1760636426052,999.57
1760636426071,999.5683
1760636426090,999.5319
1760636426110,999.5191
1760636426130,999.5561
1760636426150,999.5078
1760636426170,999.5247
1760636426191,999.4655
1760636426211,999.4958
1760636426231,999.5515
1760636426252,999.8094
1760636426270,1000.21643
1760636426290,1000.17505
1760636426310,999.96313
1760636426330,999.71173
1760636426351,999.60187
1760636426371,999.57794
1760636426391,999.5752
1760636426411,999.59454
1760636426430,999.6416
1760636426450,999.7397
1760636426470,999.8958
1760636426490,1000.0855
1760636426510,1000.6461
1760636426531,1000.9299
1760636426551,1001.2102
1760636426571,1001.575
1760636426590,1002.04767
1760636426610,1002.72876
1760636426630,1004.2614
1760636426650,1006.34985
1760636426670,1008.03986
1760636426690,1008.2764
1760636426711,1007.5036
1760636426731,1006.40375
1760636426750,1005.86206
1760636426770,1005.5703
1760636426790,1004.5852
1760636426810,1003.2639
1760636426830,1002.8841
1760636426851,1002.35547
1760636426871,1001.90533
1760636426891,1001.423
1760636426911,1000.3677
1760636426930,999.1899
1760636426950,997.7683
1760636426970,997.79095
1760636426996,997.95703
1760636427010,998.21234
1760636427030,998.48456
1760636427051,998.42505
1760636427071,998.3194
1760636427090,998.5958
1760636427110,998.4847
1760636427130,998.46454
1760636427150,998.48755
1760636427170,998.4527
1760636427191,998.4452
1760636427211,998.4355
1760636427231,998.4559
1760636427250,998.5
1760636427270,998.52954
1760636427290,998.52625
1760636427310,998.54047
1760636427331,998.5563
1760636427351,998.59125
1760636427372,998.583
1760636427392,998.66864
1760636427411,998.65405
1760636427430,998.6338
1760636427450,998.6299
1760636427471,998.6322
1760636427491,998.6216
1760636427511,998.66656
1760636427531,998.66516
1760636427551,998.6907
1760636427570,998.7008
1760636427590,998.7553
1760636427610,998.8196
1760636427630,998.8788
1760636427650,998.90625
1760636427671,998.8931
1760636427691,998.85016
1760636427711,998.90125
1760636427732,998.9355
1760636427751,998.9377
1760636427771,998.9464
1760636427791,998.93
1760636427810,998.9589
1760636427831,998.98645
1760636427851,998.97626
1760636427871,998.98035
1760636427891,999.0083
1760636427911,998.99817
1760636427931,999.02924
1760636427951,999.03033
1760636427971,999.1136
1760636427990,999.30286
1760636428011,999.2663
1760636428031,999.0911
1760636428052,999.0719
1760636428072,999.06
1760636428090,999.0725
1760636428110,999.0866
1760636428130,999.1314
1760636428150,999.1827
1760636428171,999.22125
1760636428191,999.2147
1760636428211,999.183
1760636428231,999.22455
1760636428251,999.2155
1760636428270,999.26953
1760636428291,999.30316
1760636428310,999.28033
1760636428330,999.2966
1760636428350,999.3708
1760636428371,999.46906
1760636428390,999.53876
1760636428411,999.4503
1760636428430,999.33984
1760636428450,999.2661
1760636428470,999.28766
1760636428492,999.4055
1760636428511,999.6136
1760636428531,999.77734
1760636428552,999.85254
1760636428571,999.9697
1760636428591,1000.072
1760636428610,999.8844
1760636428630,999.6994
1760636428651,999.64984
1760636428671,999.66595
1760636428691,999.8149
1760636428712,999.91437
1760636428730,999.91516
1760636428751,999.9272
1760636428770,999.79736
1760636428790,999.7283
1760636428811,999.8152
1760636428831,999.8333
1760636428851,999.7625
1760636428871,999.73157
1760636428891,999.7577
1760636428910,999.818
1760636428930,999.92145
1760636428950,999.98737
1760636428970,1000.09125
1760636428994,1000.083
1760636429010,999.9044
1760636429031,999.7625
1760636429050,999.6813
1760636429070,999.67926
1760636429090,999.7625
1760636429110,999.7808
1760636429130,999.7058
1760636429151,999.6991
1760636429171,999.65204
1760636429191,999.60455
1760636429210,999.5646
1760636429231,999.5058
1760636429250,999.4044
1760636429270,999.4233
1760636429291,999.3942
1760636429311,999.3817
1760636429331,999.43286
1760636429351,999.59955
1760636429372,999.71063
1760636429391,999.7053
1760636429410,999.6377
1760636429430,999.6392
1760636429450,999.45
1760636429470,999.3297
1760636429490,999.35236
1760636429511,999.43286
1760636429532,1000.1394
1760636429550,1000.5191
1760636429571,1000.2706
1760636429590,999.74817
1760636429610,999.6091
1760636429630,999.48395
1760636429650,999.34644
1760636429671,999.34155
1760636429693,999.47205
1760636429710,999.745
1760636429730,1000.238
1760636429750,1000.45984
1760636429770,1000.4841
1760636429791,1000.27765
1760636429811,1000.2125
1760636429832,1000.2539
1760636429852,1000.10925
1760636429871,1000.1289
1760636429891,1000.275
1760636429910,1000.2017
1760636429930,1000.0733
1760636429950,1000.04895
1760636429970,1000.0094
1760636429990,1000.2172
1760636430011,1000.60876
1760636430030,1000.6888
1760636430050,1000.7433
1760636430070,1000.7408
1760636430090,1000.67645
1760636430110,1000.6197
1760636430130,1000.5702
1760636430150,1000.52905
1760636430170,1000.40424
1760636430191,1000.08984
1760636430210,999.98425
1760636430230,1000.3844
1760636430250,1000.54456
1760636430270,1000.3011
1760636430290,1000.1355
1760636430310,1000.1469
1760636430330,1000.36096
1760636430351,1000.5678
1760636430370,1000.61847
1760636430390,1000.5936
1760636430410,1000.66425
1760636430430,1000.71564
1760636430450,1000.8113
1760636430470,1001.0806
1760636430490,1001.2494
1760636430511,1001.3772
1760636430530,1001.4578
1760636430550,1001.4655
1760636430570,1001.3094
1760636430590,1001.3186
1760636430610,1001.15784
1760636430630,1001.1197
1760636430650,1001.04956
1760636430671,1000.90515
1760636430690,1000.9419
1760636430710,1001.8336
1760636430730,1002.3264
1760636430750,1002.10223
1760636430770,1001.3231
1760636430790,1002.0469
1760636430810,1002.41705
1760636430830,1002.3608
1760636430851,1002.43414
1760636430870,1002.03955
1760636430890,1001.64233
1760636430910,1000.77704
1760636430930,1000.09143
1760636430950,999.41675
1760636430970,998.9372
1760636430990,998.7053
1760636431011,998.61176
1760636431030,998.5969
1760636431050,998.5919
1760636431070,998.6144
1760636431090,998.72595
1760636431110,998.6705
1760636431130,998.3583
1760636431150,998.2497
1760636431170,998.2625
1760636431190,998.2947
1760636431210,998.34845
1760636431230,998.3724
1760636431250,998.3805
1760636431270,998.39343
1760636431290,998.4528
1760636431310,998.46783
1760636431330,998.4986
1760636431350,998.48926
1760636431370,998.47284
1760636431390,998.4977
1760636431410,998.54517
1760636431430,998.571
1760636431450,998.6216
1760636431470,998.6378
1760636431490,998.6175
1760636431510,998.61426
1760636431530,998.6408
1760636431550,998.72253
1760636431570,998.71564
1760636431590,998.74927
1760636431610,998.7322
1760636431630,998.79877
1760636431651,998.79504
1760636431671,998.8244
1760636431690,998.885
1760636431710,998.8939
1760636431730,998.8977
1760636431750,998.91174
1760636431770,998.98517
1760636431790,998.9694
1760636431811,998.95483
1760636431831,998.9961
1760636431850,999.0214
1760636431870,999.0241
1760636431890,999.0502
1760636431910,999.0811
1760636431930,999.10754
1760636431950,999.16223
1760636431971,999.1274
1760636431991,999.1478
1760636432011,999.1916
1760636432030,999.1805
1760636432050,999.1841
1760636432070,999.1985
1760636432090,999.1594
1760636432111,999.1597
1760636432131,999.1752
1760636432151,999.1936
1760636432170,999.2361
1760636432190,999.21533
1760636432211,999.2466
1760636432230,999.2656
1760636432250,999.2933
1760636432270,999.2574
1760636432290,999.2697
1760636432311,999.2555
1760636432331,999.3005
1760636432350,999.2761
1760636432370,999.3378
1760636432391,999.3245
1760636432411,999.3317
1760636432431,999.3049
1760636432451,999.3333
1760636432472,999.3146
1760636432491,999.3233
1760636432510,999.34454
1760636432530,999.3461
1760636432551,999.39624
1760636432571,999.4513
1760636432591,999.48676
1760636432611,999.54926
1760636432631,999.4888
1760636432652,999.4619
1760636432672,999.4474
1760636432690,999.47034
1760636432711,999.47125
1760636432731,999.4661
1760636432751,999.46533
1760636432771,999.46625
1760636432791,999.47455
1760636432811,999.47437
1760636432831,999.4566
1760636432851,999.4877
1760636432872,999.42456
1760636432890,999.46094
1760636432911,999.5022
1760636432931,999.47955
1760636432951,999.503
1760636432971,999.51984
1760636432991,999.5063
1760636433010,999.5095
1760636433030,999.5155
1760636433050,999.53937
1760636433070,999.52625
1760636433090,999.4908
1760636433111,999.49426
1760636433131,999.4991
1760636433150,999.5236
1760636433170,999.59534
1760636433190,999.66187
1760636433210,999.6786
1760636433230,999.62317
1760636433251,999.5944
1760636433272,999.5736
1760636433291,999.55786
1760636433311,999.5603
1760636433331,999.5781
1760636433351,999.61237
1760636433370,999.5961
1760636433391,999.60345
1760636433411,999.6188
1760636433431,999.6267
1760636433452,999.6452
1760636433472,999.6846
1760636433491,999.66223
1760636433510,999.68036
1760636433530,999.6888
1760636433550,999.6533
1760636433571,999.66187
1760636433591,999.65765
1760636433611,999.67596
1760636433632,999.6583
1760636433651,999.6569
1760636433671,999.6349
1760636433691,999.623
1760636433711,999.61206
1760636433731,999.60846
1760636433751,999.60846
1760636433772,999.6361
1760636433792,999.7089
1760636433810,999.7161
1760636433831,999.7405
1760636433850,999.7042
1760636433871,999.6464
1760636433891,999.65814
1760636433911,999.67676
1760636433931,999.7033
1760636433952,999.7139
1760636433972,999.688
1760636433991,999.705
1760636434010,999.6953
1760636434030,999.7102
1760636434051,999.7024
1760636434071,999.7038
1760636434091,999.7013
1760636434112,999.67175
1760636434131,999.66064
1760636434151,999.6877
1760636434170,999.6983
1760636434191,999.6846
1760636434211,999.6925
1760636434230,999.66534
1760636434251,999.65173
1760636434272,999.67065
1760636434292,999.67926
1760636434310,999.6705
1760636434331,999.67114
1760636434350,999.71674
1760636434370,999.8172
1760636434390,999.8083
1760636434411,999.8172
1760636434431,999.7606
1760636434451,999.7702
1760636434471,999.7397
1760636434491,999.7072
1760636434510,999.7064
1760636434530,999.68677
1760636434551,999.71313
1760636434571,999.7394
1760636434592,999.7642
1760636434612,999.746
1760636434631,999.78644
1760636434651,999.78534
1760636434671,999.79126
1760636434691,999.78485
1760636434710,999.7733
1760636434731,999.77625
1760636434751,999.8013
1760636434771,999.8132
1760636434792,999.8305
1760636434811,999.8263
1760636434830,999.8288
1760636434851,999.80005
1760636434871,999.7505
1760636434891,999.71375
1760636434912,999.73456
1760636434932,999.7527
1760636434953,999.762
1760636434970,999.73254
1760636434991,999.8013
1760636435012,999.7606
1760636435031,999.748
1760636435051,999.778
1760636435071,999.79755
1760636435091,999.8411
1760636435111,999.8342
1760636435130,999.83844
1760636435150,999.83813
1760636435170,999.84125
1760636435190,999.8461
1760636435210,999.8472
1760636435230,999.84424
1760636435251,999.8174
1760636435271,999.78284
1760636435291,999.79034
1760636435310,999.8072
1760636435330,999.8608
1760636435350,999.7805
1760636435371,999.78564
1760636435391,999.8241
1760636435412,999.85876
1760636435432,999.77594
1760636435452,999.6989
1760636435471,999.72516
1760636435491,999.7755
1760636435512,999.78705
1760636435531,999.7692
1760636435552,999.7505
1760636435571,999.7022
1760636435592,999.7608
1760636435613,999.7532
1760636435632,999.7528
1760636435651,999.73785
1760636435671,999.73987
1760636435691,999.7613
1760636435711,999.7991
1760636435732,999.78125
1760636435751,999.80176
1760636435771,999.83765
1760636435791,999.8241
1760636435811,999.8317
1760636435831,999.8157
1760636435851,999.8228
1760636435871,999.8339
1760636435891,999.8261
1760636435912,999.8331
1760636435932,999.84784
1760636435952,999.8214
1760636435971,999.81067
1760636435991,999.7714
1760636436010,999.7602
1760636436031,999.77625
1760636436051,999.7063
1760636436071,999.8136
1760636436091,999.78265
1760636436110,999.76843
1760636436130,999.7358
1760636436150,999.7489
1760636436170,999.778
1760636436191,999.79224
1760636436211,999.83875
1760636436231,999.821
1760636436251,999.85956
1760636436271,999.84375
1760636436291,999.8339
1760636436312,999.8191
1760636436332,999.79706
1760636436350,999.79016
1760636436371,999.78296
1760636436391,999.79614
1760636436411,999.78516
1760636436432,999.8213
1760636436451,999.8391
1760636436470,999.8047
1760636436490,999.8205
1760636436511,999.8158
1760636436530,999.78503
1760636436550,999.8161
1760636436571,999.8074
1760636436591,999.7808
1760636436610,999.77924
1760636436630,999.7532
1760636436650,999.7585
1760636436670,999.78986
1760636436691,999.83344
1760636436711,999.8622
1760636436732,999.8811
1760636436752,999.89343
1760636436770,999.85864
1760636436791,999.7933
1760636436811,999.775
1760636436830,999.7697
1760636436851,999.78796
1760636436871,999.8005
1760636436892,999.8366
1760636436912,999.8146
1760636436931,999.83673
1760636436952,999.8299
1760636436970,999.85095
1760636436992,999.8264
1760636437011,999.8192
1760636437031,999.8197
1760636437052,999.8224
1760636437072,999.8247
1760636437091,999.818
1760636437110,999.8303
1760636437131,999.8245
1760636437151,999.8347
1760636437170,999.83484
1760636437190,999.8214
1760636437211,999.80237
1760636437232,999.8113
1760636437252,999.79346
1760636437271,999.7991
1760636437292,999.8214
1760636437312,999.885
1760636437331,999.8264
1760636437351,999.85675
1760636437372,999.8967
1760636437392,999.86395
1760636437412,999.85187
1760636437432,999.8789
1760636437451,999.8956
1760636437471,999.8886
1760636437490,999.8792
1760636437511,999.83734
1760636437531,999.84204
1760636437551,999.8447
1760636437572,999.85046
1760636437592,999.8325
1760636437611,999.8191
1760636437631,999.84204
1760636437650,999.8322
1760636437670,999.8083
1760636437691,999.8186
1760636437711,999.84204
1760636437731,999.81067
1760636437750,999.84265
1760636437770,999.8411
1760636437791,999.822
1760636437811,999.84174
1760636437831,999.8558
1760636437851,999.8235
1760636437871,999.9218
1760636437891,999.9205
1760636437911,999.9216
1760636437931,999.92316
1760636437952,999.8811
1760636437972,999.8361
1760636437991,999.8241
1760636438010,999.8191
1760636438031,999.84344
1760636438051,999.8305
1760636438072,999.83734
1760636438090,999.84894
1760636438110,999.8917
1760636438131,999.8713
1760636438150,999.8591
1760636438171,999.84784
1760636438191,999.8378
1760636438212,999.8594
1760636438232,999.84924
1760636438252,999.8405
1760636438271,999.86035
1760636438291,999.86285
1760636438311,999.865
1760636438331,999.84204
1760636438351,999.8339
1760636438372,999.84515
1760636438392,999.8883
1760636438410,999.89923
1760636438431,999.91766
1760636438452,999.9372
1760636438471,999.98364
1760636438490,999.91187
1760636438511,999.9456
1760636438532,999.9563
1760636438552,999.99036
1760636438572,999.91223
1760636438592,999.8627
1760636438611,999.86926
1760636438631,999.8289
1760636438651,999.828
1760636438671,999.8794
1760636438691,999.8674
1760636438711,999.86237
1760636438731,999.86847
1760636438751,999.8741
1760636438771,999.90393
1760636438791,999.85864
1760636438822,999.85535
1760636438833,999.86865
1760636438852,999.87036
1760636438871,999.8805
1760636438891,999.8697
1760636438914,999.8736
1760636438930,999.84796
1760636438950,999.8378
1760636438970,999.9086
1760636438990,999.9061
1760636439010,999.92535
1760636439031,999.92706
1760636439051,999.9047
1760636439071,999.8884
1760636439090,999.8716
1760636439110,999.89874
1760636439130,999.9014
1760636439150,999.8764
1760636439171,999.8816
1760636439191,999.8817
1760636439211,999.893
1760636439230,999.9255
1760636439250,999.886
1760636439271,999.9444
1760636439291,999.9322
1760636439310,999.8903
1760636439330,999.9086
1760636439351,999.91125
1760636439372,999.91064
1760636439390,999.89923
1760636439410,999.90063
1760636439431,999.887
1760636439452,999.8669
1760636439470,999.85785
1760636439491,999.85596
1760636439511,999.91846
1760636439532,999.9464
1760636439551,999.99316
1760636439571,999.93097
1760636439591,999.9386
1760636439610,999.9497
1760636439630,999.93567
1760636439651,999.97485
1760636439671,999.9494
1760636439691,999.9572
1760636439711,1000.0083
1760636439730,999.9908
1760636439751,999.9335
1760636439770,999.9133
1760636439790,999.91785
1760636439810,999.9308
1760636439831,999.9421
1760636439851,999.91364
1760636439871,999.87427
1760636439891,999.90344
1760636439911,999.90375
1760636439930,999.92566
1760636439951,999.92847
1760636439970,999.92206
1760636439991,999.91724
1760636440011,999.9233
1760636440031,999.90344
1760636440050,999.8608
1760636440070,999.8908
1760636440090,999.8847
1760636440110,999.9083
1760636440130,999.97034
1760636440151,999.97906
1760636440171,999.96674
1760636440191,999.9719
1760636440210,999.9433
1760636440230,999.9578
1760636440250,999.9266
1760636440271,999.90814
1760636440290,999.8952
1760636440311,999.92786
1760636440331,999.9261
1760636440351,999.9575
1760636440372,999.97565
1760636440391,999.97345
1760636440411,999.96735
1760636440431,999.96564
1760636440451,999.9499
1760636440471,999.92957
1760636440491,999.91846
1760636440512,999.8911
1760636440532,999.91656
1760636440551,999.9349
1760636440571,999.92566
1760636440591,999.93097
1760636440611,999.9569
1760636440631,999.9411
1760636440651,999.9086
1760636440672,999.91125
1760636440692,999.9447
1760636440710,1000.0191
1760636440732,999.9453
1760636440750,999.98267
1760636440771,1000.0188
1760636440791,1000.0538
1760636440810,1000.02734
1760636440832,1000.0097
1760636440852,999.99286
1760636440872,1000.0155
1760636440891,999.9888
1760636440911,999.9619
1760636440932,999.93207
1760636440951,999.92236
1760636440971,999.9431
1760636440992,999.92017
1760636441012,999.91754
1760636441030,999.9272
1760636441051,999.9517
1760636441070,999.96423
1760636441090,999.96063
1760636441110,999.9545
1760636441131,999.9355
1760636441151,999.9594
1760636441171,999.97485
1760636441191,999.9533
1760636441211,999.97156
1760636441232,999.9467
1760636441251,999.92267
1760636441270,999.8902
1760636441291,999.9339
1760636441311,999.97864
1760636441332,1000.0716
1760636441352,1000.028
1760636441381,1000.0188
1760636441390,1000.018
1760636441411,999.9488
1760636441432,999.9408
1760636441451,999.9416
1760636441471,999.9414
1760636441491,999.9636
1760636441511,999.98016
1760636441530,1000.0167
1760636441550,999.98816
1760636441570,999.96344
1760636441590,999.97864
1760636441610,999.9808
1760636441630,999.97144
1760636441651,999.97473
1760636441671,999.97906
1760636441690,999.9494
1760636441710,999.97314
1760636441730,999.96674
1760636441750,999.9905
1760636441770,1000.0038
1760636441790,999.98364
1760636441810,999.9719
1760636441831,999.95984
1760636441850,999.9605
1760636441870,999.99347
1760636441890,999.9969
1760636441910,1000.0633
1760636441931,1000.1197
1760636441950,1000.058
1760636441972,1000.0891
1760636441991,1000.1116
1760636442011,1000.03534
1760636442030,1000.05005
1760636442051,999.9861
1760636442071,999.96783
1760636442090,999.96954
1760636442110,999.97687
1760636442130,999.9963
1760636442151,999.972
1760636442171,999.9683
1760636442191,999.96533
1760636442211,999.9405
1760636442231,999.9477
1760636442250,999.98676
1760636442271,999.99457
1760636442290,999.97784
1760636442312,999.9575
1760636442331,999.9431
1760636442350,999.9533
1760636442370,999.97504
1760636442391,999.98737
1760636442411,999.9583
1760636442431,999.9553
1760636442451,1000.0005
1760636442472,1000.02954
1760636442492,1000.03406
1760636442510,1000.03455
1760636442531,1000.0541
1760636442551,1000.03546
1760636442570,1000.01953
1760636442591,1000.05396
1760636442611,999.97363
1760636442631,999.97284
1760636442651,999.96893
1760636442671,1000.0042
1760636442691,999.97504
1760636442710,1000.0003
1760636442731,1000.0047
1760636442750,999.9858
1760636442770,1000.0017
1760636442791,999.98785
1760636442811,999.97845
1760636442831,999.97516
1760636442851,999.96954
1760636442870,999.9941
1760636442890,999.98035
1760636442910,999.9517
1760636442930,999.9431
1760636442950,1000.01
1760636442972,1000.0021
1760636442992,1000.10754
1760636443011,1000.04236
1760636443031,1000.0149
1760636443051,1000.0155
1760636443071,1000.0103
1760636443091,1000.02893
1760636443111,1000.0647
1760636443131,1000.0728
1760636443152,1000.0724
1760636443171,1000.05347
1760636443191,1000.04297
1760636443211,1000.0508
1760636443231,1000.017
1760636443251,1000.0214
1760636443271,1000.0169
1760636443292,999.9975
1760636443312,1000.02094
1760636443330,1000.0794
1760636443351,1000.0585
1760636443371,1000.0005
1760636443392,1000.0036
1760636443411,1000.0286
1760636443431,1000.01843
1760636443451,1000.03564
1760636443472,1000.0072
1760636443490,999.9494
1760636443510,1000.0202
1760636443532,1000.0742
1760636443551,1000.0844
1760636443570,1000.0814
1760636443591,1000.1296
1760636443611,1000.09033
1760636443631,1000.015
1760636443652,1000.0119
1760636443671,1000.02765
1760636443691,1000.02893
1760636443710,1000.055
1760636443731,1000.04675
1760636443750,1000.0513
1760636443771,1000.0602
1760636443791,1000.0638
1760636443811,1000.068
1760636443830,1000.0639
1760636443850,1000.04016
1760636443870,1000.04517
1760636443890,1000.03595
1760636443910,1000.09265
1760636443931,1000.09125
1760636443952,1000.0783
1760636443972,1000.0764
1760636443991,1000.05676
1760636444011,1000.0633
1760636444031,1000.03125
1760636444051,1000.03406
1760636444071,1000.0621
1760636444091,1000.05457
1760636444111,1000.03156
1760636444132,1000.04596
1760636444152,1000.0808
1760636444171,1000.1136
1760636444191,1000.09033
1760636444211,1000.1208
1760636444232,1000.11816
1760636444251,1000.1291
1760636444272,1000.11035
1760636444292,1000.15344
1760636444312,1000.1525
1760636444330,1000.1358
1760636444350,1000.11847
1760636444371,1000.17145
1760636444391,1000.1238
1760636444411,1000.1225
1760636444431,1000.2338
1760636444452,1000.23376
1760636444472,1000.1561
1760636444491,1000.0703
1760636444510,1000.0674
1760636444530,1000.1839
1760636444551,1000.10736
1760636444571,1000.0722
1760636444591,1000.0116
1760636444611,999.9833
1760636444631,1000.0005
1760636444652,1000.04236
1760636444671,1000.0244
1760636444692,1000.04926
1760636444711,1000.0217
1760636444731,1000.0677
1760636444751,1000.03345
1760636444771,1000.0086
1760636444791,1000.02167
1760636444811,1000.0105
1760636444831,1000.0002
1760636444851,1000.02563
1760636444870,1000.03546
1760636444891,1000.05066
1760636444911,1000.04254
1760636444931,1000.068
1760636444953,1000.0961
1760636444971,1000.0814
1760636444990,1000.0866
1760636445010,1000.0777
1760636445030,1000.068
1760636445050,1000.0667
1760636445070,1000.03644
1760636445091,1000.05066
1760636445111,1000.03723
1760636445132,1000.03644
1760636445151,1000.0233
1760636445172,999.96344
1760636445191,999.9583
1760636445211,1000.028
1760636445231,1000.02563
1760636445251,1000.0186
1760636445272,1000.04456
1760636445292,1000.066
1760636445311,1000.0283
1760636445330,1000.0627
1760636445351,1000.0466
1760636445370,1000.03644
1760636445390,1000.0683
1760636445411,1000.08563
1760636445431,1000.08344
1760636445451,1000.0699
1760636445470,1000.0886
1760636445490,1000.0802
1760636445510,1000.0806
1760636445530,1000.04364
1760636445551,1000.03955
1760636445570,1000.04767
1760636445591,1000.0615
1760636445612,1000.06177
1760636445630,1000.04205
1760636445650,1000.09625
1760636445670,1000.09595
1760636445692,1000.0658
1760636445711,1000.04205
1760636445731,1000.0555
1760636445751,1000.0635
1760636445772,1000.03754
1760636445791,999.9966
1760636445811,999.99
1760636445831,1000.0133
1760636445851,1000.04736
1760636445870,1000.0836
1760636445892,1000.03394
1760636445912,1000.0486
1760636445932,1000.0191
1760636445952,1000.02734
1760636445971,1000.04144
1760636445991,1000.0322
1760636446011,1000.0216
1760636446031,1000.01984
1760636446051,1000.0383
1760636446071,1000.0211
1760636446092,1000.04895
1760636446112,1000.0483
1760636446131,1000.03296
1760636446151,1000.0294
1760636446171,1000.0486
1760636446192,1000.0624
1760636446211,1000.0447
1760636446231,1000.03314
1760636446251,1000.0383
1760636446271,1000.01733
1760636446297,1000.0239
1760636446310,1000.0027
1760636446331,1000.02203
1760636446351,1000.0447
1760636446371,1000.03876
1760636446391,1000.0538
1760636446412,1000.0564
1760636446432,1000.02924
1760636446451,1000.0261
1760636446470,1000.03174
1760636446491,999.998
1760636446511,1000.0839
1760636446531,1000.1221
1760636446551,1000.1436
1760636446572,1000.14624
1760636446592,1000.10156
1760636446610,1000.03796
1760636446630,1000.0694
1760636446651,1000.0936
1760636446670,1000.09546
1760636446691,1000.0883
1760636446711,1000.108
1760636446731,1000.1374
1760636446751,1000.1152
1760636446771,1000.06177
1760636446791,1000.0861
1760636446811,1000.0669
1760636446831,1000.0561
1760636446851,1000.0175
1760636446871,1000.03253
1760636446891,1000.0674
1760636446910,1000.05676
1760636446931,1000.0833
1760636446950,1000.0602
1760636446970,1000.0653
1760636446991,1000.0616
1760636447010,1000.0739
1760636447030,1000.0611
1760636447051,1000.0689
1760636447071,1000.0155
1760636447092,1000.0535
1760636447111,1000.14
1760636447130,1000.10394
1760636447151,1000.10895
1760636447171,1000.15314
1760636447191,1000.1303
1760636447211,1000.0675
1760636447231,1000.0447
1760636447252,1000.0588
1760636447271,1000.0519
1760636447291,1000.0769
1760636447310,1000.09344
1760636447331,1000.08765
1760636447351,1000.0831
1760636447371,1000.10236
1760636447391,1000.10205
1760636447412,1000.10284
1760636447431,1000.08624
1760636447452,1000.0841
1760636447470,1000.0936
1760636447491,1000.08374
1760636447511,1000.0808
1760636447531,1000.11786
1760636447552,1000.1166
1760636447572,1000.1122
1760636447592,1000.1158
1760636447610,1000.1166
1760636447631,1000.0827
1760636447652,1000.0775
1760636447670,1000.0728
1760636447691,1000.0769
1760636447711,1000.0561
1760636447732,1000.0855
1760636447751,1000.1306
1760636447772,1000.1384
1760636447791,1000.16376
1760636447811,1000.183
1760636447831,1000.15015
1760636447851,1000.1286
1760636447871,1000.15015
1760636447891,1000.15
1760636447911,1000.16797
1760636447930,1000.1483
1760636447950,1000.09375
1760636447970,1000.0889
1760636447990,1000.11456
1760636448010,1000.1597
1760636448031,1000.1236
1760636448051,1000.10504
1760636448072,1000.0844
1760636448091,1000.0783
1760636448112,1000.0819
1760636448131,1000.10657
1760636448151,1000.1324
1760636448171,1000.1511
1760636448191,1000.10297
1760636448212,1000.0808
1760636448232,1000.03955
1760636448251,1000.03455
1760636448272,1000.083
1760636448291,1000.1144
1760636448310,1000.11566
1760636448331,1000.1408
1760636448351,1000.1583
1760636448372,1000.1163
1760636448392,1000.1194
1760636448412,1000.09534
1760636448432,1000.08704
1760636448452,1000.0819
1760636448471,1000.09845
1760636448491,1000.11426
1760636448511,1000.11237
1760636448531,1000.1241
1760636448551,1000.1394
1760636448572,1000.1452
1760636448591,1000.1269
1760636448612,1000.1018
1760636448632,1000.10474
1760636448651,1000.08563
1760636448670,1000.0866
1760636448691,1000.068
1760636448712,1000.0724
1760636448732,1000.0969
1760636448751,1000.1116
1760636448771,1000.1409
1760636448791,1000.12067
1760636448811,1000.0711
1760636448831,1000.0739
1760636448851,1000.1316
1760636448872,1000.16364
1760636448892,1000.1475
1760636448911,1000.1363
1760636448931,1000.2036
1760636448951,1000.1819
1760636448971,1000.1886
1760636448991,1000.21234
1760636449011,1000.2067
1760636449031,1000.16437
1760636449052,1000.16034
1760636449071,1000.1303
1760636449091,1000.11646
1760636449111,1000.1308
1760636449131,1000.10376
1760636449151,1000.08704
1760636449171,1000.0699
1760636449192,1000.09595
1760636449212,1000.1194
1760636449232,1000.128
1760636449251,1000.1186
1760636449271,1000.10675
1760636449290,1000.1316
1760636449312,1000.1283
1760636449331,1000.137
1760636449352,1000.11285
1760636449372,1000.09875
1760636449392,1000.08624
1760636449411,1000.11316
1760636449432,1000.16895
1760636449451,1000.22656
1760636449471,1000.2219
1760636449491,1000.1994
1760636449511,1000.16547
1760636449532,1000.1456
1760636449552,1000.1033
1760636449572,1000.1199
1760636449591,1000.1197
1760636449611,1000.1708
1760636449631,1000.1494
1760636449651,1000.191
1760636449671,1000.17456
1760636449692,1000.16425
1760636449712,1000.21704
1760636449731,1000.20984
1760636449750,1000.18427
1760636449770,1000.1399
1760636449791,1000.14813
1760636449810,1000.16095
1760636449831,1000.1597
1760636449851,1000.17505
1760636449871,1000.1722
1760636449891,1000.1708
1760636449911,1000.17706
1760636449931,1000.17316
1760636449951,1000.1372
1760636449971,1000.09875
1760636449991,1000.1116
1760636450011,1000.15344
1760636450032,1000.2092
1760636450052,1000.2111
1760636450071,1000.1377
1760636450091,1000.1394
1760636450111,1000.1722
1760636450131,1000.2119
1760636450151,1000.2008
1760636450171,1000.2211
1760636450191,1000.2105
1760636450212,1000.1827
1760636450231,1000.1907
1760636450250,1000.1991
1760636450271,1000.1716
1760636450290,1000.16754
1760636450311,1000.16187
1760636450331,1000.10065
1760636450352,1000.1211
1760636450372,1000.14734
1760636450391,1000.16034
1760636450411,1000.16406
1760636450432,1000.1833
1760636450451,1000.15735
1760636450471,1000.1277
1760636450491,1000.1447
1760636450512,1000.1422
1760636450532,1000.1414
1760636450551,1000.2036
1760636450571,1000.17114
1760636450591,1000.1264
1760636450611,1000.21704
1760636450632,1000.23676
1760636450651,1000.24567
1760636450671,1000.2538
1760636450692,1000.2617
1760636450712,1000.22424
1760636450731,1000.1855
1760636450751,1000.16296
1760636450771,1000.1896
1760636450791,1000.1917
1760636450811,1000.17114
1760636450832,1000.22156
1760636450852,1000.24146
1760636450872,1000.2725
1760636450891,1000.2377
1760636450912,1000.2333
1760636450930,1000.1752
1760636450950,1000.1755
1760636450971,1000.1892
1760636450992,1000.19965
1760636451012,1000.2089
1760636451032,1000.2103
1760636451050,1000.2045
1760636451071,1000.22156
1760636451091,1000.2019
1760636451111,1000.23004
1760636451131,1000.1816
1760636451152,1000.1961
1760636451172,1000.2039
1760636451191,1000.218
1760636451211,1000.2645
1760636451230,1000.2546
1760636451251,1000.28174
1760636451270,1000.29816
1760636451290,1000.3196
1760636451311,1000.2719
1760636451331,1000.27563
1760636451351,1000.27673
1760636451370,1000.28925
1760636451390,1000.3191
1760636451410,1000.29517
1760636451430,1000.23926
1760636451451,1000.2697
1760636451470,1000.24316
1760636451491,1000.23535
1760636451512,1000.22455
1760636451532,1000.2533
1760636451550,1000.2391
1760636451571,1000.2589
1760636451591,1000.2822
1760636451611,1000.2616
1760636451630,1000.2536
1760636451651,1000.2439
1760636451671,1000.24207
1760636451693,1000.2466
1760636451711,1000.29425
1760636451731,1000.29626
1760636451751,1000.2625
1760636451771,1000.22174
1760636451791,1000.20483
1760636451811,1000.23047
1760636451832,1000.28564
1760636451852,1000.3364
1760636451871,1000.338
1760636451891,1000.3274
1760636451911,1000.3077
1760636451931,1000.308
1760636451951,1000.23517
1760636451971,1000.2491
1760636451991,1000.2703
1760636452012,1000.275
1760636452032,1000.27673
1760636452051,1000.2678
1760636452071,1000.28864
1760636452091,1000.28644
1760636452111,1000.30237
1760636452145,1000.3024
1760636452154,1000.27655
1760636452171,1000.2677
1760636452191,1000.29065
1760636452211,1000.2769
1760636452231,1000.29004
1760636452251,1000.2944
1760636452271,1000.3164
1760636452291,1000.3072
1760636452311,1000.31177
1760636452332,1000.29065
1760636452351,1000.29065
1760636452371,1000.29926
1760636452391,1000.321
1760636452411,1000.24817
1760636452431,1000.21704
1760636452451,1000.34344
1760636452472,1000.2983
1760636452491,1000.29816
1760636452511,1000.3802
1760636452532,1000.3905
1760636452551,1000.35126
1760636452571,1000.358
1760636452591,1000.3022
1760636452611,1000.3061
1760636452632,1000.3322
1760636452652,1000.3172
1760636452672,1000.3169
1760636452690,1000.28925
1760636452711,1000.3238
1760636452732,1000.3311
1760636452750,1000.333
1760636452771,1000.29236
1760636452791,1000.253
1760636452812,1000.27924
1760636452832,1000.28986
1760636452851,1000.2983
1760636452871,1000.2744
1760636452891,1000.2478
1760636452911,1000.28766
1760636452930,1000.27704
1760636452950,1000.2611
1760636452971,1000.27783
1760636452992,1000.34735
1760636453011,1000.35156
1760636453030,1000.3666
1760636453050,1000.3735
1760636453070,1000.371
1760636453091,1000.3591
1760636453112,1000.3364
1760636453132,1000.28937
1760636453151,1000.28754
1760636453172,1000.28613
1760636453191,1000.29144
1760636453211,1000.27594
1760636453231,1000.321
1760636453251,1000.35364
1760636453271,1000.3508
1760636453292,1000.34174
1760636453311,1000.3267
1760636453332,1000.28546
1760636453352,1000.3055
1760636453370,1000.3203
1760636453391,1000.3247
1760636453411,1000.3186
1760636453431,1000.29034
1760636453452,1000.3133
1760636453471,1000.34503
1760636453492,1000.328
1760636453511,1000.28687
1760636453531,1000.29114
1760636453551,1000.3211
1760636453571,1000.3886
1760636453591,1000.3408
1760636453611,1000.35376
1760636453631,1000.36816
1760636453651,1000.3666
1760636453676,1000.36237
1760636453691,1000.42035
1760636453711,1000.39874
1760636453732,1000.35864
1760636453751,1000.34235
1760636453771,1000.3124
1760636453791,1000.3038
1760636453812,1000.3008
1760636453832,1000.3096
1760636453850,1000.3083
1760636453870,1000.30005
1760636453891,1000.3097
1760636453911,1000.3378
1760636453931,1000.35016
1760636453951,1000.3746
1760636453972,1000.3886
1760636453992,1000.3835
1760636454012,1000.2783
1760636454031,1000.29156
1760636454051,1000.35394
1760636454071,1000.35565
1760636454091,1000.31134
1760636454111,1000.3167
1760636454132,1000.381
1760636454152,1000.3761
1760636454171,1000.36145
1760636454191,1000.35065
1760636454210,1000.3677
1760636454230,1000.34314
1760636454251,1000.36346
1760636454272,1000.3186
1760636454292,1000.2997
1760636454312,1000.33234
1760636454331,1000.3347
1760636454351,1000.3378
1760636454371,1000.34314
1760636454391,1000.3569
1760636454411,1000.3683
1760636454431,1000.39594
1760636454451,1000.4076
1760636454472,1000.41315
1760636454491,1000.3866
1760636454510,1000.3969
1760636454530,1000.358
1760636454552,1000.365
1760636454571,1000.365
1760636454592,1000.3674
1760636454611,1000.34924
1760636454632,1000.3216
1760636454651,1000.31
1760636454671,1000.28687
1760636454691,1000.33984
1760636454711,1000.3166
1760636454730,1000.33923
1760636454751,1000.35767
1760636454771,1000.35986
1760636454791,1000.35455
1760636454812,1000.33923
1760636454831,1000.34174
1760636454852,1000.34235
1760636454871,1000.3641
1760636454891,1000.3856
1760636454911,1000.3956
1760636454931,1000.41296
1760636454952,1000.3785
1760636454972,1000.40643
1760636454991,1000.40533
1760636455010,1000.40515
1760636455030,1000.386
1760636455050,1000.41876
1760636455070,1000.4719
1760636455092,1000.47455
1760636455111,1000.4497
1760636455131,1000.4333
1760636455151,1000.3705
1760636455170,1000.34204
1760636455191,1000.39874
1760636455211,1000.3394
1760636455230,1000.318
1760636455251,1000.3094
1760636455271,1000.34735
1760636455291,1000.3669
1760636455310,1000.3306
1760636455330,1000.34015
1760636455352,1000.3167
1760636455370,1000.3139
1760636455391,1000.29895
1760636455411,1000.3228
1760636455432,1000.3263
1760636455452,1000.34064
1760636455470,1000.34564
1760636455491,1000.34973
1760636455510,1000.3725
1760636455530,1000.3889
1760636455550,1000.41986
1760636455571,1000.3616
1760636455592,1000.3686
1760636455612,1000.3185
1760636455632,1000.34204
1760636455652,1000.3289
1760636455671,1000.3094
1760636455690,1000.3167
1760636455710,1000.3052
1760636455731,1000.3119
1760636455751,1000.33374
1760636455772,1000.34644
1760636455792,1000.3608
1760636455811,1000.3702
1760636455831,1000.40564
1760636455851,1000.41223
1760636455872,1000.3788
1760636455891,1000.3789
1760636455911,1000.3925
1760636455932,1000.3702
1760636455952,1000.3663
1760636455971,1000.3942
1760636455991,1000.3938
1760636456011,1000.3914
1760636456031,1000.3372
1760636456051,1000.338
1760636456071,1000.343
1760636456092,1000.388
1760636456112,1000.3819
1760636456130,1000.3986
1760636456150,1000.3827
1760636456171,1000.34174
1760636456190,1000.3199
1760636456211,1000.2972
1760636456231,1000.3238
1760636456252,1000.3222
1760636456271,1000.33734
1760636456290,1000.3369
1760636456311,1000.3884
1760636456330,1000.4219
1760636456350,1000.4386
1760636456370,1000.42017
1760636456390,1000.3839
1760636456411,1000.37067
1760636456431,1000.33844
1760636456452,1000.34406
1760636456471,1000.316
1760636456490,1000.34503
1760636456510,1000.35034
1760636456531,1000.3797
1760636456551,1000.39984
1760636456572,1000.3916
1760636456592,1000.3919
1760636456612,1000.3889
1760636456632,1000.3647
1760636456650,1000.34845
1760636456670,1000.3364
1760636456691,1000.34906
1760636456712,1000.35376
1760636456731,1000.3958
1760636456752,1000.39484
1760636456772,1000.3689
1760636456791,1000.3752
1760636456811,1000.3622
1760636456832,1000.37
1760636456850,1000.3405
1760636456870,1000.3747
1760636456891,1000.3794
1760636456911,1000.42786
1760636456932,1000.4233
1760636456951,1000.48755
1760636456971,1000.4327
1760636456990,1000.4288
1760636457011,1000.42847
1760636457031,1000.3944
1760636457051,1000.38
1760636457072,1000.3977
1760636457091,1000.3969
1760636457111,1000.40753
1760636457130,1000.3821
1760636457151,1000.387
1760636457171,1000.37177
1760636457192,1000.3647
1760636457212,1000.35547
1760636457231,1000.3847
1760636457252,1000.3716
1760636457272,1000.3666
1760636457291,1000.3758
1760636457312,1000.3666
1760636457330,1000.3605
1760636457351,1000.37317
1760636457371,1000.3994
1760636457391,1000.40063
1760636457411,1000.3856
1760636457431,1000.3814
1760636457451,1000.3558
1760636457471,1000.3764
1760636457490,1000.428
1760636457511,1000.4353
1760636457531,1000.4108
1760636457552,1000.4221
1760636457571,1000.40894
1760636457591,1000.3886
1760636457611,1000.371
1760636457630,1000.3616
1760636457651,1000.3819
1760636457670,1000.41016
1760636457691,1000.438
1760636457711,1000.4388
1760636457732,1000.3735
1760636457752,1000.3978
1760636457771,1000.3766
1760636457791,1000.3961
1760636457811,1000.3892
1760636457831,1000.3641
1760636457851,1000.3705
1760636457871,1000.3933
1760636457891,1000.3913
1760636457912,1000.41486
1760636457931,1000.41187
1760636457951,1000.40344
1760636457972,1000.4314
1760636457991,1000.42017
1760636458010,1000.4263
1760636458031,1000.42487
1760636458052,1000.4353
1760636458072,1000.42786
1760636458092,1000.3967
1760636458111,1000.3821
1760636458130,1000.3669
1760636458151,1000.3786
1760636458170,1000.41895
1760636458191,1000.47687
1760636458212,1000.48065
1760636458232,1000.47754
1760636458252,1000.47455
1760636458271,1000.41736
1760636458291,1000.42316
1760636458311,1000.46893
1760636458331,1000.4528
1760636458351,1000.4711
1760636458371,1000.4525
1760636458391,1000.42377
1760636458411,1000.39734
1760636458431,1000.3925
1760636458452,1000.41364
1760636458471,1000.3872
1760636458491,1000.4005
1760636458511,1000.41254
1760636458531,1000.41614
1760636458552,1000.433
1760636458572,1000.4219
1760636458591,1000.4044
1760636458611,1000.4069
1760636458631,1000.41907
1760636458651,1000.41504
1760636458671,1000.42096
1760636458691,1000.41003
1760636458711,1000.3951
1760636458731,1000.40344
1760636458752,1000.4577
1760636458772,1000.46344
1760636458792,1000.49146
1760636458810,1000.5086
1760636458831,1000.5134
1760636458852,1000.4908
1760636458872,1000.43677
1760636458892,1000.3942
1760636458912,1000.4011
1760636458931,1000.41815
1760636458950,1000.435
1760636458971,1000.4353
1760636458991,1000.46344
1760636459011,1000.4544
1760636459031,1000.4561
1760636459052,1000.47003
1760636459072,1000.46344
1760636459092,1000.43207
1760636459111,1000.4514
1760636459131,1000.43036
1760636459151,1000.4335
1760636459171,1000.4222
1760636459191,1000.4506
1760636459211,1000.4374
1760636459232,1000.4419
1760636459252,1000.4411
1760636459271,1000.4399
1760636459292,1000.40234
1760636459311,1000.41284
1760636459331,1000.4439
1760636459351,1000.4644
1760636459371,1000.47205
1760636459392,1000.5039
1760636459411,1000.6882
1760636459430,1000.5044
1760636459451,1000.47144
1760636459471,1000.4783
1760636459490,1000.4353
1760636459510,1000.4561
1760636459531,1000.4436
1760636459551,1000.4497
1760636459572,1000.4286
1760636459592,1000.42706
1760636459612,1000.4531
1760636459630,1000.4392
1760636459650,1000.4478
1760636459671,1000.46344
1760636459691,1000.4525
1760636459711,1000.4525
1760636459732,1000.4469
1760636459750,1000.46814
1760636459771,1000.47205
1760636459791,1000.46765
1760636459810,1000.43317
1760636459831,1000.4405
1760636459851,1000.428
1760636459871,1000.47705
1760636459892,1000.4964
1760636459911,1000.45593
1760636459931,1000.4394
1760636459951,1000.39624
1760636459970,1000.4435
1760636459991,1000.488
1760636460011,1000.5153
1760636460030,1000.5236
1760636460051,1000.51843
1760636460070,1000.5014
1760636460091,1000.47504
1760636460110,1000.493
1760636460130,1000.46875
1760636460150,1000.41797
1760636460171,1000.4396
1760636460192,1000.44806
1760636460212,1000.46844
1760636460230,1000.4589
1760636460251,1000.4963
1760636460271,1000.4847
1760636460290,1000.4886
1760636460311,1000.4975
1760636460331,1000.4722
1760636460352,1000.48047
1760636460372,1000.4569
1760636460393,1000.4614
1760636460411,1000.4636
1760636460431,1000.47266
1760636460451,1000.4616
1760636460471,1000.4586
1760636460491,1000.47864
1760636460512,1000.48926
1760636460531,1000.4916
1760636460552,1000.46454
1760636460571,1000.433
1760636460591,1000.41766
1760636460610,1000.5016
1760636460632,1000.47815
1760636460651,1000.54486
1760636460672,1000.59735
1760636460692,1000.5333
1760636460712,1000.53845
1760636460730,1000.5016
1760636460751,1000.52234
1760636460771,1000.49457
1760636460791,1000.4927
1760636460811,1000.48004
1760636460831,1000.4861
1760636460851,1000.48785
1760636460871,1000.4628
1760636460891,1000.4469
1760636460910,1000.4461
1760636460931,1000.4388
1760636460951,1000.455
1760636460971,1000.47565
1760636460991,1000.46893
1760636461012,1000.4615
1760636461031,1000.4556
1760636461056,1000.5067
1760636461071,1000.5119
1760636461091,1000.5228
1760636461111,1000.41486
1760636461131,1000.4346
1760636461151,1000.51843
1760636461171,1000.5333
1760636461192,1000.54926
1760636461212,1000.55536
1760636461231,1000.52985
1760636461250,1000.47614
1760636461271,1000.4392
1760636461290,1000.43286
1760636461310,1000.4456
1760636461331,1000.47723
1760636461351,1000.47363
1760636461372,1000.5167
1760636461390,1000.5547
1760636461410,1000.54065
1760636461431,1000.5191
1760636461450,1000.5167
1760636461471,1000.5141
1760636461492,1000.5072
1760636461512,1000.495
1760636461532,1000.5153
1760636461550,1000.4938
1760636461570,1000.5164
1760636461593,1000.5147
1760636461610,1000.5177
1760636461630,1000.49097
1760636461650,1000.48114
1760636461671,1000.47363
1760636461691,1000.46735
1760636461710,1000.46515
1760636461731,1000.54517
1760636461750,1000.5642
1760636461770,1000.51
1760636461790,1000.55176
1760636461811,1000.5602
1760636461831,1000.54865
1760636461851,1000.5558
1760636461870,1000.59894
1760636461890,1000.54126
1760636461910,1000.5639
1760636461931,1000.5177
1760636461950,1000.5063
1760636461971,1000.4861
1760636461991,1000.5047
1760636462011,1000.4963
1760636462031,1000.496
1760636462053,1000.495
1760636462070,1000.49426
1760636462090,1000.48987
1760636462110,1000.48346
1760636462130,1000.48346
1760636462150,1000.4902
1760636462170,1000.52844
1760636462191,1000.5225
1760636462211,1000.52313
1760636462230,1000.4961
1760636462281,1000.47156
1760636462299,1000.4556
1760636462319,1000.47656
1760636462339,1000.5269
1760636462360,1000.5211
1760636462379,1000.5508
1760636462399,1000.59033
1760636462419,1000.5741
1760636462439,1000.5181
1760636462459,1000.52954
1760636462480,1000.53284
1760636462500,1000.4883
1760636462520,1000.5194
1760636462539,1000.5103
1760636462559,1000.5016
1760636462579,1000.5052
1760636462599,1000.515
1760636462620,1000.5513
1760636462653,1000.524
1760636462664,1000.52356
1760636462682,1000.49176
1760636462699,1000.4886
1760636462720,1000.46735
1760636462739,1000.48486
1760636462760,1000.4985
1760636462779,1000.515
1760636462801,1000.53564
1760636462820,1000.5075
1760636462840,1000.49316
1760636462859,1000.48346
1760636462879,1000.4407
1760636462899,1000.49817
1760636462919,1000.5767
1760636462939,1000.5786
1760636462960,1000.572
1760636462980,1000.5817
1760636463000,1000.60614
1760636463019,1000.54236
1760636463039,1000.59
1760636463059,1000.59906
1760636463079,1000.5664
1760636463099,1000.5738
1760636463119,1000.60156
1760636463140,1000.5597
1760636463160,1000.54065
1760636463181,1000.52594
1760636463200,1000.5141
1760636463219,1000.5038
1760636463240,1000.4997
1760636463259,1000.5058
1760636463279,1000.5214
1760636463300,1000.5163
1760636463320,1000.5211
1760636463340,1000.5211
1760636463359,1000.53925
1760636463380,1000.5128
1760636463399,1000.54266
1760636463419,1000.53125
1760636463440,1000.5024
1760636463460,1000.5005
1760636463480,1000.4908
1760636463500,1000.5594
1760636463519,1000.5758
1760636463539,1000.59546
1760636463559,1000.59595
1760636463579,1000.6272
1760636463599,1000.60376
1760636463619,1000.5107
1760636463641,1000.52203
1760636463660,1000.5086
1760636463679,1000.5124
1760636463699,1000.53955
1760636463719,1000.53406
1760636463739,1000.54065
1760636463761,1000.55597
1760636463779,1000.54706
1760636463800,1000.5714
1760636463820,1000.5561
1760636463839,1000.54755
1760636463859,1000.5347
1760636463879,1000.54266
1760636463899,1000.5469
1760636463919,1000.5444
1760636463939,1000.52594
1760636463960,1000.5106
1760636463980,1000.4919
1760636464000,1000.4658
1760636464019,1000.5095
1760636464039,1000.563
1760636464060,1000.60034
1760636464079,1000.6111
1760636464100,1000.66315
1760636464120,1000.71643
1760636464140,1000.5691
1760636464160,1000.578
1760636464179,1000.5756
1760636464199,1000.5522
1760636464219,1000.58765
1760636464240,1000.5508
1760636464260,1000.52673
1760636464280,1000.54156
1760636464300,1000.5603
1760636464321,1000.5875
1760636464339,1000.5764
1760636464360,1000.5663
1760636464379,1000.53906
1760636464399,1000.5269
1760636464419,1000.53925
1760636464440,1000.5655
1760636464460,1000.5708
1760636464480,1000.5908
1760636464499,1000.6271
1760636464519,1000.6428
1760636464539,1000.65314
1760636464559,1000.60376
1760636464579,1000.5194
1760636464600,1000.5116
1760636464620,1000.53174
1760636464641,1000.572
1760636464660,1000.61597
1760636464679,1000.59174
1760636464699,1000.5844
1760636464720,1000.5822
1760636464740,1000.5774
1760636464760,1000.60516
1760636464780,1000.61096
1760636464800,1000.59784
1760636464820,1000.48706
1760636464839,1000.5208
1760636464859,1000.566
1760636464879,1000.55286
1760636464899,1000.5708
1760636464919,1000.568
1760636464940,1000.5711
1760636464960,1000.60394
1760636464980,1000.6477
1760636465000,1000.6364
1760636465020,1000.618
1760636465039,1000.5894
1760636465059,1000.5817
1760636465079,1000.55316
1760636465100,1000.5716
1760636465120,1000.5658
1760636465140,1000.5652
1760636465159,1000.54407
1760636465179,1000.53796
1760636465200,1000.49066
1760636465220,1000.5705
1760636465240,1000.5486
1760636465259,1000.5227
1760636465280,1000.53253
1760636465301,1000.5616
1760636465319,1000.5736
1760636465355,1000.60474
1760636465359,1000.6091
1760636465379,1000.643
1760636465405,1000.6048
1760636465420,1000.6227
1760636465440,1000.6274
1760636465460,1000.65405
1760636465479,1000.6381
1760636465499,1000.67316
1760636465519,1000.66156
1760636465539,1000.6417
1760636465559,1000.60455
1760636465579,1000.6191
1760636465599,1000.65955
1760636465620,1000.67566
1760636465640,1000.6358
1760636465659,1000.5761
1760636465679,1000.55536
1760636465699,1000.5705
1760636465719,1000.59265
1760636465739,1000.5911
1760636465760,1000.5685
1760636465780,1000.58704
1760636465800,1000.59955
1760636465820,1000.6431
1760636465839,1000.58844
1760636465860,1000.55096
1760636465879,1000.5308
1760636465900,1000.5657
1760636465920,1000.53754
1760636465940,1000.54706
1760636465960,1000.5641
1760636465979,1000.5716
1760636465999,1000.5585
1760636466020,1000.5722
1760636466040,1000.5588
1760636466062,1000.5747
1760636466080,1000.60645
1760636466100,1000.5944
1760636466120,1000.60767
1760636466139,1000.5806
1760636466159,1000.5958
1760636466180,1000.5969
1760636466199,1000.5908
1760636466220,1000.6152
1760636466240,1000.6191
1760636466260,1000.61316
1760636466280,1000.6249
1760636466299,1000.6408
1760636466319,1000.6197
1760636466339,1000.6083
1760636466360,1000.58844
1760636466380,1000.55176
1760636466400,1000.60254
1760636466421,1000.5621
1760636466440,1000.5255
1760636466461,1000.5784
1760636466479,1000.59155
1760636466499,1000.5847
1760636466520,1000.6267
1760636466541,1000.5769
1760636466560,1000.58844
1760636466580,1000.6303
1760636466600,1000.6594
1760636466621,1000.6813
1760636466639,1000.6436
1760636466659,1000.6503
1760636466680,1000.6263
1760636466699,1000.6227
1760636466720,1000.59845
1760636466740,1000.5761
1760636466760,1000.5638
1760636466780,1000.561
1760636466800,1000.5621
1760636466819,1000.61316
1760636466839,1000.6319
1760636466860,1000.62067
1760636466880,1000.6116
1760636466901,1000.56537
1760636466920,1000.59595
1760636466940,1000.60767
1760636466959,1000.60925
1760636466981,1000.58594
1760636466999,1000.59174
1760636467019,1000.5816
1760636467039,1000.5711
1760636467060,1000.59204
1760636467080,1000.6456
1760636467101,1000.6428
1760636467121,1000.6561
1760636467140,1000.6961
1760636467159,1000.6846
1760636467179,1000.60675
1760636467199,1000.60736
1760636467220,1000.6119
1760636467240,1000.59125
1760636467260,1000.6191
1760636467281,1000.5983
1760636467299,1000.6158
1760636467319,1000.6422
1760636467339,1000.6353
1760636467360,1000.65656
1760636467380,1000.66925
1760636467400,1000.66113
1760636467420,1000.6328
1760636467440,1000.6299
1760636467459,1000.58813
1760636467480,1000.636
1760636467499,1000.6405
1760636467520,1000.66486
1760636467539,1000.673
1760636467560,1000.6271
1760636467580,1000.6274
1760636467601,1000.625
1760636467619,1000.5817
1760636467639,1000.5664
1760636467660,1000.6452
1760636467680,1000.6775
1760636467700,1000.65515
1760636467720,1000.6399
1760636467740,1000.6964
1760636467760,1000.6899
1760636467779,1000.6658
1760636467799,1000.6897
1760636467819,1000.70953
1760636467839,1000.7002
1760636467860,1000.6775
1760636467880,1000.6374
1760636467900,1000.6286
1760636467920,1000.6519
1760636467941,1000.6339
1760636467959,1000.6213
1760636467980,1000.6141
1760636468000,1000.6244
1760636468020,1000.6439
1760636468040,1000.625
1760636468060,1000.64685
1760636468080,1000.6741
1760636468100,1000.6285
1760636468120,1000.61536
1760636468139,1000.6136
1760636468160,1000.60675
1760636468179,1000.64
1760636468200,1000.60864
1760636468220,1000.7048
1760636468241,1000.71625
1760636468260,1000.68677
1760636468279,1000.691
1760636468300,1000.67035
1760636468320,1000.65875
1760636468340,1000.6172
1760636468359,1000.623
1760636468380,1000.6327
1760636468399,1000.6313
1760636468420,1000.65704
1760636468439,1000.6466
1760636468459,1000.66547
1760636468479,1000.67096
1760636468500,1000.66675
1760636468519,1000.66486
1760636468540,1000.6383
1760636468560,1000.6361
1760636468580,1000.6069
1760636468599,1000.6453
1760636468620,1000.6374
1760636468640,1000.6289
1760636468659,1000.6505
1760636468680,1000.6572
1760636468700,1000.6388
1760636468720,1000.6241
1760636468740,1000.61816
1760636468760,1000.6855
1760636468779,1000.72235
1760636468799,1000.6927
1760636468820,1000.6825
1760636468839,1000.6978
1760636468860,1000.6797
1760636468880,1000.68427
1760636468900,1000.7116
1760636468920,1000.7436
1760636468940,1000.71
1760636468959,1000.6995
1760636468979,1000.67426
1760636468999,1000.6841
1760636469020,1000.66656
1760636469040,1000.6839
1760636469060,1000.6403
1760636469081,1000.6444
1760636469100,1000.638
1760636469119,1000.618
1760636469140,1000.678
1760636469160,1000.64703
1760636469180,1000.6722
1760636469200,1000.7044
1760636469220,1000.72424
1760636469240,1000.7024
1760636469259,1000.6889
1760636469280,1000.6897
1760636469299,1000.7052
1760636469319,1000.6864
1760636469340,1000.6436
1760636469360,1000.6188
1760636469380,1000.68317
1760636469400,1000.7386
1760636469419,1000.71844
1760636469439,1000.7485
1760636469461,1000.7352
1760636469480,1000.73395
1760636469499,1000.6864
1760636469520,1000.66754
1760636469540,1000.7019
1760636469560,1000.6894
1760636469580,1000.6849
1760636469599,1000.6908
1760636469620,1000.6974
1760636469639,1000.71124
1760636469659,1000.71924
1760636469680,1000.7211
1760636469700,1000.7111
1760636469720,1000.7058
1760636469740,1000.6882
1760636469759,1000.7005
1760636469779,1000.6758
1760636469800,1000.6869
1760636469819,1000.6788
1760636469840,1000.6816
1760636469860,1000.6897
1760636469880,1000.7009
1760636469901,1000.73016
1760636469920,1000.7122
1760636469939,1000.67816
1760636469960,1000.7016
1760636469980,1000.66394
1760636469999,1000.6708
1760636470020,1000.73425
1760636470040,1000.78613
1760636470060,1000.8352
1760636470079,1000.8755
1760636470100,1000.79126
1760636470120,1000.7122
1760636470139,1000.7283
1760636470160,1000.72125
1760636470180,1000.7659
1760636470200,1000.7433
1760636470220,1000.71234
1760636470239,1000.7139
1760636470259,1000.7081
1760636470279,1000.72253
1760636470299,1000.7208
1760636470319,1000.7081
1760636470340,1000.7008
1760636470360,1000.7047
1760636470380,1000.6846
1760636470400,1000.68286
1760636470419,1000.73175
1760636470440,1000.7408
1760636470459,1000.7391
1760636470479,1000.7486
1760636470500,1000.72845
1760636470520,1000.72314
1760636470541,1000.7172
1760636470560,1000.71564
1760636470580,1000.6805
1760636470600,1000.6921
1760636470619,1000.7194
1760636470639,1000.77234
1760636470660,1000.79254
1760636470680,1000.7578
1760636470700,1000.7436
1760636470721,1000.7175
1760636470740,1000.7069
1760636470759,1000.72406
1760636470780,1000.6838
1760636470799,1000.71875
1760636470819,1000.745
1760636470840,1000.77594
1760636470861,1000.75867
1760636470880,1000.74347
1760636470899,1000.7599
1760636470919,1000.7616
1760636470940,1000.7517
1760636470959,1000.7158
1760636470979,1000.71643
1760636471000,1000.73926
1760636471020,1000.72705
1760636471040,1000.73926
1760636471059,1000.73926
1760636471080,1000.73676
1760636471099,1000.7691
1760636471119,1000.7283
1760636471140,1000.74097
1760636471160,1000.72235
1760636471180,1000.7194
1760636471201,1000.79095
1760636471220,1000.78314
1760636471240,1000.7649
1760636471260,1000.78345
1760636471279,1000.8355
1760636471299,1000.78845
1760636471320,1000.7991
1760636471340,1000.8185
1760636471360,1000.80396
1760636471380,1000.8038
1760636471399,1000.811
1760636471419,1000.7642
1760636471440,1000.77905
1760636471459,1000.7741
1760636471480,1000.7567
1760636471500,1000.7614
1760636471520,1000.71423
1760636471540,1000.72534
1760636471559,1000.72864
1760636471580,1000.7727
1760636471600,1000.77734
1760636471619,1000.7472
1760636471639,1000.7461
1760636471659,1000.72205
1760636471680,1000.72546
1760636471700,1000.7458
1760636471720,1000.7524
1760636471739,1000.7836
1760636471760,1000.8278
1760636471779,1000.8333
1760636471799,1000.83093
1760636471819,1000.80707
1760636471840,1000.7848
1760636471860,1000.73627
1760636471879,1000.7441
1760636471899,1000.743
1760636471919,1000.74036
1760636471939,1000.7733
1760636471959,1000.78125
1760636471979,1000.7708
1760636471999,1000.78345
1760636472020,1000.79456
1760636472040,1000.79144
1760636472059,1000.78235
1760636472079,1000.7499
1760636472099,1000.7499
1760636472119,1000.7659
1760636472139,1000.78156
1760636472159,1000.78815
1760636472180,1000.7641
1760636472200,1000.78644
1760636472219,1000.7358
1760636472239,1000.72125
1760636472259,1000.7634
1760636472279,1000.8119
1760636472299,1000.8116
1760636472320,1000.8424
1760636472340,1000.84393
1760636472360,1000.8219
1760636472379,1000.7717
1760636472399,1000.78375
1760636472419,1000.8224
1760636472439,1000.86346
1760636472459,1000.84814
1760636472480,1000.8041
1760636472500,1000.78156
1760636472520,1000.78625
1760636472539,1000.79285
1760636472559,1000.79236
1760636472579,1000.77234
1760636472599,1000.7547
1760636472619,1000.77954
1760636472639,1000.79706
1760636472660,1000.79895
1760636472680,1000.7678
1760636472699,1000.79407
1760636472719,1000.8058
1760636472739,1000.80316
1760636472759,1000.78644
1760636472779,1000.77765
1760636472799,1000.72375
1760636472819,1000.72784
1760636472840,1000.8267
1760636472860,1000.85706
1760636472880,1000.86847
1760636472899,1000.8711
1760636472919,1000.84863
1760636472939,1000.8386
1760636472960,1000.8272
1760636472980,1000.80096
1760636473000,1000.8206
1760636473020,1000.79816
1760636473039,1000.8033
1760636473060,1000.798
1760636473079,1000.8033
1760636473100,1000.8272
1760636473120,1000.8259
1760636473140,1000.8325
1760636473160,1000.80176
1760636473180,1000.8089
1760636473200,1000.7522
1760636473219,1000.773
1760636473240,1000.78406
1760636473259,1000.81067
1760636473279,1000.8274
1760636473300,1000.8314
1760636473320,1000.8327
1760636473341,1000.8135
1760636473359,1000.8038
1760636473379,1000.78735
1760636473399,1000.7714
1760636473419,1000.7766
1760636473440,1000.8333
1760636473460,1000.8805
1760636473480,1000.858
1760636473500,1000.8764
1760636473520,1000.9563
1760636473539,1000.91895
1760636473559,1000.91156
1760636473580,1000.8436
1760636473599,1000.8266
1760636473620,1000.8127
1760636473640,1000.808
1760636473660,1000.8103
1760636473680,1000.8135
1760636473700,1000.79285
1760636473720,1000.77924
1760636473739,1000.79785
1760636473759,1000.78064
1760636473780,1000.8069
1760636473800,1000.8124
1760636473820,1000.8405
1760636473841,1000.8058
1760636473859,1000.8222
1760636473881,1000.81177
1760636473900,1000.8061
1760636473920,1000.8135
1760636473939,1000.79956
1760636473960,1000.7508
1760636473980,1000.85504
1760636474000,1000.8853
1760636474019,1000.89984
1760636474039,1000.9364
1760636474060,1000.9069
1760636474079,1000.8883
1760636474099,1000.9072
1760636474120,1000.8757
1760636474140,1000.84875
1760636474161,1000.80475
1760636474179,1000.8294
1760636474199,1000.85315
1760636474219,1000.85754
1760636474240,1000.86786
1760636474260,1000.85864
1760636474280,1000.8202
1760636474300,1000.8361
1760636474320,1000.825
1760636474341,1000.8266
1760636474360,1000.85767
1760636474379,1000.8172
1760636474400,1000.85486
1760636474420,1000.85425
1760636474440,1000.8619
1760636474460,1000.87067
1760636474480,1000.8714
1760636474500,1000.84875
1760636474519,1000.83484
1760636474539,1000.85925
1760636474560,1000.84503
1760636474579,1000.8152
1760636474600,1000.8314
1760636474620,1000.89404
1760636474641,1000.8764
1760636474661,1000.8986
1760636474679,1000.9344
1760636474699,1000.9005
1760636474721,1000.86487
1760636474740,1000.8894
1760636474760,1000.8978
1760636474780,1000.91235
1760636474800,1000.9383
1760636474821,1000.92676
1760636474839,1000.8881
1760636474859,1000.8919
1760636474880,1000.8825
1760636474900,1000.90344
1760636474920,1000.8903
1760636474940,1000.8741
1760636474960,1000.85596
1760636474980,1000.85785
1760636475000,1000.86285
1760636475020,1000.871
1760636475040,1000.8805
1760636475059,1000.85956
1760636475079,1000.8263
1760636475100,1000.78595
1760636475120,1000.8867
1760636475140,1000.8691
1760636475160,1000.871
1760636475180,1000.8906
1760636475199,1000.9505
1760636475219,1000.923
1760636475239,1000.8835
1760636475260,1000.8969
1760636475280,1000.9308
1760636475300,1000.91547
1760636475320,1000.8799
1760636475340,1000.84656
1760636475360,1000.8447
1760636475380,1000.84784
1760636475399,1000.91003
1760636475420,1000.903
1760636475440,1000.9022
1760636475460,1000.92596
1760636475480,1000.9219
1760636475499,1000.9314
1760636475520,1000.9044
1760636475540,1000.87164
1760636475561,1000.8655
1760636475580,1000.865
1760636475600,1000.8733
1760636475620,1000.8927
1760636475640,1000.8722
1760636475659,1000.8208
1760636475679,1000.835
1760636475699,1000.85815
1760636475721,1000.8611
1760636475739,1000.84875
1760636475759,1000.86127
1760636475780,1000.8864
1760636475800,1000.892
1760636475819,1000.92896
1760636475840,1000.91644
1760636475859,1000.905
1760636475879,1000.90375
1760636475900,1000.91797
1760636475920,1000.9586
1760636475940,1000.947
1760636475960,1000.9669
1760636475991,1000.9783
1760636476003,1000.96014
1760636476045,1000.9167
1760636476045,1000.88745
1760636476060,1000.9003
1760636476080,1000.9216
1760636476100,1000.91187
1760636476120,1000.9366
1760636476140,1000.92426
1760636476159,1000.9047
1760636476180,1000.87305
1760636476199,1000.86316
1760636476219,1000.86395
1760636476240,1000.8824
1760636476260,1000.90686
1760636476280,1000.85016
1760636476300,1000.8841
1760636476319,1000.886
1760636476339,1000.8705
1760636476359,1000.8483
1760636476380,1000.8753
1760636476400,1000.86816
1760636476420,1000.88727
1760636476440,1000.8919
1760636476461,1000.893
1760636476479,1000.90533
1760636476499,1000.89984
1760636476520,1000.91364
1760636476540,1000.90784
1760636476560,1000.8761
1760636476580,1000.85736
1760636476600,1000.86646
1760636476620,1000.8591
1760636476640,1000.8994
1760636476660,1000.86707
1760636476680,1000.84454
1760636476699,1000.8147
1760636476720,1000.8224
1760636476740,1000.9011
1760636476760,1000.90283
1760636476781,1000.90015
1760636476800,1000.89844
1760636476819,1000.9416
1760636476840,1000.9374
1760636476859,1000.90015
1760636476880,1000.91064
1760636476900,1000.90265
1760636476920,1000.8978
1760636476941,1000.91614
1760636476961,1000.91516
1760636476979,1000.9255
1760636477000,1000.8884
1760636477019,1000.85504
1760636477040,1000.84265
1760636477059,1000.83484
1760636477080,1000.8675
1760636477100,1000.86285
1760636477120,1000.85425
1760636477140,1000.8458
1760636477159,1000.8638
1760636477180,1000.86285
1760636477199,1000.8747
1760636477219,1000.8619
1760636477240,1000.89484
1760636477260,1000.8855
1760636477280,1000.8422
1760636477299,1000.84644
1760636477319,1000.9338
1760636477339,1000.9377
1760636477359,1000.96924
1760636477380,1000.947
1760636477400,1000.8977
1760636477420,1000.86395
1760636477440,1000.84204
1760636477459,1000.83453
1760636477479,1000.8728
1760636477501,1000.8897
1760636477520,1000.90753
1760636477539,1000.91046
1760636477560,1000.89453
1760636477580,1000.90594
1760636477600,1000.91425
1760636477621,1000.8889
1760636477640,1000.8764
1760636477660,1000.85443
1760636477680,1000.85645
1760636477699,1000.84235
1760636477720,1000.8895
1760636477740,1000.8886
1760636477760,1000.8817
1760636477780,1000.8919
1760636477799,1000.8874
1760636477819,1000.887
1760636477839,1000.8867
1760636477859,1000.91034
1760636477880,1000.92957
1760636477900,1000.9563
1760636477920,1000.97064
1760636477940,1000.9313
1760636477959,1000.91534
1760636477979,1000.97095
1760636477999,1001.0002
1760636478020,1000.9688
1760636478040,1000.9491
1760636478060,1000.9396
1760636478080,1000.9419
1760636478100,1000.9527
1760636478119,1000.92847
1760636478139,1000.9628
1760636478159,1001.0022
1760636478179,1000.9449
1760636478200,1000.8936
1760636478220,1000.83844
1760636478240,1000.8559
1760636478261,1000.8876
1760636478279,1000.9069
1760636478300,1000.9022
1760636478319,1000.90875
1760636478340,1000.8811
1760636478360,1000.9047
1760636478379,1000.92035
1760636478400,1000.92145
1760636478420,1000.8975
1760636478440,1000.9014
1760636478459,1000.86206
1760636478480,1000.8897
1760636478499,1000.92206
1760636478520,1000.952
1760636478539,1000.95
1760636478560,1001.0022
1760636478580,1000.96924
1760636478600,1000.92847
1760636478619,1000.8925
1760636478639,1000.8861
1760636478660,1000.8925
1760636478679,1000.9008
1760636478700,1000.9291
1760636478720,1000.91425
1760636478740,1000.93427
1760636478760,1000.9396
1760636478779,1000.9421
1760636478799,1000.9435
1760636478819,1000.9275
1760636478839,1000.9455
1760636478859,1000.90765
1760636478880,1000.8841
1760636478900,1000.9058
1760636478920,1000.9266
1760636478939,1000.9385
1760636478959,1000.9396
1760636478979,1000.9352
1760636478999,1000.8883
1760636479020,1000.8711
1760636479040,1000.8835
1760636479060,1000.8802
1760636479080,1000.9008
1760636479100,1000.98004
1760636479119,1000.96643
1760636479139,1000.9794
1760636479159,1000.97534
1760636479179,1000.9722
1760636479200,1000.9327
1760636479220,1001.0035
1760636479240,1000.9894
1760636479260,1000.9911
1760636479279,1000.99207
1760636479300,1000.988
1760636479319,1000.98737
1760636479339,1000.97784
1760636479360,1000.96313
1760636479380,1000.9442
1760636479401,1000.9244
1760636479421,1000.92126
1760636479439,1000.91516
1760636479460,1000.9194
1760636479479,1000.91034
1760636479500,1000.9069
1760636479520,1000.9275
1760636479540,1000.9341
1760636479561,1000.9346
1760636479580,1000.91315
1760636479599,1000.92145
1760636479619,1000.93207
1760636479641,1000.9277
1760636479660,1000.8838
1760636479680,1000.91156
1760636479700,1000.968
1760636479720,1000.9686
1760636479740,1000.9833
1760636479759,1001.0106
1760636479780,1000.9958
1760636479800,1000.91895
1760636479820,1000.92505
1760636479840,1000.9355
1760636479859,1000.9389
1760636479880,1000.9417
1760636479900,1000.9589
1760636479919,1000.9405
1760636479939,1000.9508
1760636479960,1000.95593
1760636479980,1000.97156
1760636479999,1000.97314
1760636480020,1000.9697
1760636480040,1000.9424
1760636480060,1000.91437
1760636480080,1000.91187
1760636480099,1000.91675
1760636480119,1000.9605
1760636480139,1000.93884
1760636480160,1000.9236
1760636480180,1000.9216
1760636480200,1000.91895
1760636480220,1000.92017
1760636480241,1000.93317
1760636480260,1000.9886
1760636480280,1000.9847
1760636480299,1000.96625
1760636480319,1000.9958
1760636480339,1001.0583
1760636480360,1001.06
1760636480380,1001.0613
1760636480400,1001.04425
1760636480419,1000.9883
1760636480439,1000.99817
1760636480460,1001.0163
1760636480479,1000.983
1760636480500,1000.96454
1760636480519,1000.97876
1760636480540,1000.968
1760636480560,1000.947
1760636480580,1000.92676
1760636480599,1000.92737
1760636480620,1000.96643
1760636480639,1000.9611
1760636480660,1000.95984
1760636480680,1000.9894
1760636480700,1000.97473
1760636480721,1000.9561
1760636480741,1000.9578
1760636480759,1000.9644
1760636480779,1000.96924
1760636480799,1000.97205
1760636480819,1000.9266
1760636480840,1000.887
1760636480860,1000.9474
1760636480880,1000.9971
1760636480901,1001.0124
1760636480920,1001.0538
1760636480940,1001.0638
1760636480959,1000.9644
1760636480979,1000.9453
1760636480999,1000.9513
1760636481020,1000.9416
1760636481040,1000.9572
1760636481060,1000.9858
1760636481080,1000.97595
1760636481100,1000.9855
1760636481120,1000.98785
1760636481140,1000.98987
1760636481160,1001.008
1760636481195,1001.0067
1760636481208,1000.99786
1760636481221,1000.9553
1760636481240,1000.9452
1760636481260,1000.95483
1760636481279,1000.9563
1760636481299,1000.9886
1760636481320,1000.9699
1760636481339,1000.98065
1760636481360,1000.9423
1760636481380,1000.946
1760636481399,1000.92236
1760636481420,1000.9333
1760636481439,1000.9297
1760636481459,1001.0166
1760636481480,1001.02203
1760636481500,1001.0219
1760636481520,1001.0947
1760636481540,1001.0958
1760636481560,1001.0508
1760636481579,1001.0839
1760636481599,1001.0664
1760636481619,1001.0516
1760636481639,1001.0841
1760636481660,1001.03516
1760636481680,1001.04596
1760636481700,1001.0042
1760636481720,1000.97656
1760636481739,1001.02765
1760636481759,1000.97974
1760636481779,1000.968
1760636481799,1000.9396
1760636481819,1000.9616
1760636481840,1000.97363
1760636481860,1000.97925
1760636481881,1001.0134
1760636481899,1001.0161
1760636481919,1000.97485
1760636481940,1000.9583
1760636481959,1000.9508
1760636481980,1000.9475
1760636482000,1000.95984
1760636482020,1000.9446
1760636482040,1000.8919
1760636482060,1001.0083
1760636482079,1001.0091
1760636482100,1001.05396
1760636482119,1001.0628
1760636482139,1001.03644
1760636482160,1001.015
1760636482180,1000.98175
1760636482200,1000.98236
1760636482219,1000.9711
1760636482239,1000.97235
1760636482259,1000.998
1760636482280,1000.97424
1760636482299,1000.96735
1760636482320,1000.9872
1760636482340,1000.9964
1760636482360,1001.0058
1760636482381,1000.9877
1760636482400,1000.96814
1760636482419,1000.97845
1760636482439,1000.97614
1760636482459,1000.96985
1760636482480,1000.9605
1760636482500,1001.0139
1760636482520,1001.0007
1760636482540,1000.9988
1760636482561,1000.9819
1760636482580,1000.9458
1760636482600,1000.9555
1760636482619,1001.0144
1760636482640,1001.0858
1760636482660,1001.0702
1760636482680,1001.16656
1760636482700,1001.16486
1760636482719,1001.09534
1760636482739,1001.071
1760636482760,1001.1008
1760636482779,1001.10345
1760636482799,1001.09094
1760636482820,1001.0944
1760636482840,1001.1158
1760636482860,1001.1222
1760636482880,1001.0827
1760636482899,1001.0741
1760636482919,1001.04767
1760636482940,1001.0264
1760636482960,1000.983
1760636482980,1001.00696
1760636483000,1000.9986
1760636483020,1001.08234
1760636483039,1001.0594
1760636483059,1001.0077
1760636483080,1000.9974
1760636483100,1000.98785
1760636483119,1000.9542
1760636483146,1000.965
1760636483160,1001.0635
1760636483180,1001.04565
1760636483200,1001.09924
1760636483219,1001.11285
1760636483240,1001.0594
1760636483260,1001.0078
1760636483280,1000.98016
1760636483300,1001.0029
1760636483320,1001.0081
1760636483340,1001.0033
1760636483360,1000.9974
1760636483380,1000.9938
1760636483400,1001.0075
1760636483419,1001.0358
1760636483440,1001.04816
1760636483460,1001.0219
1760636483480,1001.015
1760636483500,1001.0253
1760636483519,1001.0028
1760636483540,1001.02124
1760636483559,1000.9877
1760636483579,1000.9941
1760636483599,1000.98486
1760636483620,1000.97314
1760636483640,1000.99347
1760636483660,1001.00684
1760636483680,1001.0549
1760636483700,1001.10657
1760636483720,1001.16595
1760636483739,1001.17285
1760636483759,1001.2038
1760636483780,1001.1928
1760636483800,1001.1924
1760636483820,1001.15656
1760636483840,1001.1885
1760636483860,1001.22144
1760636483879,1001.23755
1760636483900,1001.22064
1760636483920,1001.2636
1760636483939,1001.2527
1760636483960,1001.2511
1760636483980,1001.1902
1760636484000,1001.0822
1760636484021,1000.9417
1760636484039,1000.9407
1760636484059,1000.98175
1760636484079,1001.0055
1760636484099,1001.11456
1760636484120,1001.16254
1760636484140,1001.2201
1760636484161,1001.1838
1760636484180,1001.16113
1760636484200,1001.1158
1760636484219,1001.11646
1760636484239,1001.2464
1760636484259,1001.2355
1760636484280,1001.22534
1760636484300,1001.24426
1760636484320,1001.14264
1760636484341,1000.97284
1760636484360,1000.97156
1760636484379,1000.97974
1760636484399,1000.99316
1760636484420,1001.0033
1760636484440,1001.0197
1760636484460,1001.0615
1760636484480,1001.11066
1760636484500,1001.1314
1760636484519,1001.0766
1760636484540,1001.03546
1760636484559,1001.0019
1760636484579,1000.9466
1760636484599,1000.9349
1760636484620,1000.865
1760636484640,1000.82446
1760636484660,1000.8038
1760636484679,1000.78937
1760636484700,1000.8245
1760636484720,1000.85895
1760636484740,1001.2794
1760636484759,1001.36346
1760636484780,1001.14954
1760636484802,1000.9875
1760636484820,1000.9291
1760636484841,1000.8967
1760636484859,1000.8938
1760636484880,1000.86786
1760636484899,1000.8746
1760636484920,1000.91675
1760636484940,1000.91656
1760636484960,1000.9417
1760636484980,1000.9908
1760636485000,1000.98676
1760636485019,1000.98956
1760636485040,1000.9733
1760636485059,1000.9491
1760636485079,1000.9339
1760636485100,1000.9219
1760636485120,1000.89813
1760636485140,1000.89984
1760636485160,1000.91656
1760636485179,1000.9308
1760636485199,1000.9711
1760636485219,1000.98315
1760636485240,1000.97314
1760636485260,1000.98175
1760636485280,1000.9655
1760636485300,1000.98645
1760636485320,1001.0149
1760636485339,1000.9844
1760636485359,1000.9575
1760636485381,1000.9977
1760636485399,1001.0541
1760636485420,1001.04004
1760636485440,1001.0541
1760636485460,1001.04486
1760636485480,1001.0613
1760636485500,1001.10547
1760636485519,1001.10266
1760636485539,1001.10406
1760636485560,1001.10046
1760636485579,1001.10016
1760636485599,1001.0805
1760636485620,1001.0628
1760636485640,1001.0739
1760636485661,1001.09753
1760636485679,1001.118
1760636485700,1001.138
1760636485719,1001.1758
1760636485739,1001.15704
1760636485760,1001.16205
1760636485780,1001.1427
1760636485800,1001.17706
1760636485820,1001.34015
1760636485840,1001.40515
1760636485860,1001.5244
1760636485879,1001.5839
1760636485900,1001.5069
1760636485920,1001.4255
1760636485940,1001.41296
1760636485960,1001.3941
1760636485980,1001.34534
1760636485999,1001.32
1760636486019,1001.24567
1760636486039,1001.3278
1760636486059,1001.3033
1760636486080,1001.298
1760636486100,1001.2502
1760636486120,1001.3421
1760636486140,1001.4286
1760636486159,1001.3835
1760636486179,1001.2753
1760636486199,1001.3174
1760636486220,1001.4486
1760636486240,1001.2358
1760636486260,1001.3199
1760636486285,1001.3827
1760636486328,1001.4411
1760636486329,1001.5141
1760636486339,1001.5055
1760636486359,1001.3835
1760636486379,1001.3211
1760636486399,1001.2595
1760636486419,1001.2455
1760636486439,1001.23224
1760636486459,1001.17017
1760636486480,1001.15845
1760636486499,1001.1977
1760636486519,1001.21124
1760636486539,1001.22656
1760636486559,1001.21924
1760636486579,1001.1882
1760636486599,1001.16016
1760636486619,1001.1316
1760636486640,1001.0919
1760636486659,1001.09814
1760636486679,1001.0519
1760636486699,1001.0663
1760636486719,1001.0925
1760636486739,1001.11847
1760636486759,1001.0897
1760636486780,1001.05096
1760636486800,1001.0605
1760636486819,1001.0775
1760636486839,1001.0444
1760636486859,1001.03235
1760636486879,1001.02234
1760636486900,1001.0333
1760636486919,1001.09125
1760636486939,1001.15265
1760636486960,1001.17145
1760636486979,1001.21765
1760636486999,1001.1992
1760636487019,1001.09924
1760636487039,1001.0614
1760636487059,1001.09265
1760636487079,1001.1744
1760636487100,1001.22595
1760636487120,1001.28906
1760636487140,1001.34265
1760636487159,1001.36536
1760636487179,1001.30005
1760636487199,1001.1516
1760636487219,1001.0466
1760636487239,1001.0058
1760636487259,1000.9963
1760636487280,1000.98315
1760636487300,1000.98956
1760636487319,1000.98035
1760636487339,1001.0002
1760636487359,1001.001
1760636487379,1001.0116
1760636487399,1000.996
1760636487420,1001.008
1760636487440,1000.9999
1760636487460,1001.0186
1760636487479,1001.0094
1760636487499,1000.99426
1760636487520,1001.0159
1760636487540,1001.0161
1760636487559,1001.0161
1760636487580,1001.0067
1760636487600,1001.0214
1760636487621,1001.04767
1760636487639,1001.10675
1760636487660,1001.0922
1760636487679,1001.1608
1760636487699,1001.3138
1760636487719,1001.3655
1760636487739,1001.36676
1760636487759,1001.4355
1760636487780,1001.4524
1760636487799,1001.3767
1760636487819,1001.2464
1760636487839,1001.0816
1760636487859,1000.9961
1760636487879,1000.9905
1760636487899,1000.9919
1760636487919,1000.95953
1760636487940,1000.97314
1760636487960,1000.9611
1760636487979,1000.9708
1760636487999,1000.9697
1760636488019,1000.9683
1760636488039,1000.97754
1760636488059,1000.97516
1760636488079,1000.98596
1760636488100,1000.99
1760636488120,1000.9872
1760636488139,1000.97974
1760636488159,1000.98737
1760636488179,1001.0049
1760636488199,1000.9941
1760636488219,1000.98364
1760636488239,1000.9855
1760636488260,1001.1076
1760636488280,1001.2022
1760636488299,1001.11096
1760636488319,1000.9908
1760636488339,1000.9952
1760636488359,1001.0117
1760636488379,1001.04767
1760636488399,1001.17456
1760636488419,1001.21985
1760636488440,1001.2208
1760636488459,1001.22723
1760636488479,1001.322
1760636488499,1001.48065
1760636488519,1001.47784
1760636488539,1001.40393
1760636488559,1001.38
1760636488579,1001.41626
1760636488600,1001.5166
1760636488619,1001.55457
1760636488639,1001.5127
1760636488659,1001.48254
1760636488679,1001.525
1760636488699,1001.53406
1760636488719,1001.52704
1760636488739,1001.53564
1760636488760,1001.47266
1760636488780,1001.3886
1760636488799,1001.27765
1760636488819,1001.1847
1760636488839,1001.1697
1760636488859,1001.20593
1760636488880,1001.28687
1760636488899,1001.3122
1760636488919,1001.34753
1760636488940,1001.3333
1760636488959,1001.2536
1760636488979,1001.21564
1760636488999,1001.2642
1760636489019,1001.2755
1760636489039,1001.2069
1760636489060,1001.2665
1760636489079,1001.22797
1760636489099,1001.1902
