1760635056811,1.0438689,4.7318068,9.111869
1760635056814,1.0013963,4.77069,9.088538
1760635056815,0.97866446,4.8095737,9.059825
1760635056817,0.92243314,4.8442693,9.031111
1760635056820,0.89431745,4.87418,8.988638
1760635056822,0.8470592,4.889135,8.959925
1760635056824,0.7896315,4.875974,8.940782
1760635056827,0.72382885,4.901099,8.921639
1760635056829,0.6855437,4.901697,8.893523
1760635056831,0.61435723,4.907679,8.921639
1760635056833,0.5623133,4.918447,8.926425
1760635056836,0.50069815,4.9340005,8.950353
1760635056838,0.4534399,4.953741,8.96471
1760635056840,0.43489552,4.9734817,8.969496
1760635056842,0.43070808,4.9878387,8.955139
1760635056845,0.4408776,5.0452666,8.968898
1760635056847,0.4223332,5.0697927,8.916854
1760635056849,0.43728834,5.1026945,8.968898
1760635056852,0.44685963,5.122435,8.864211
1760635056854,0.44805604,5.160122,8.964112
1760635056856,0.42412782,5.175077,8.9210415
1760635056858,0.41994038,5.1852465,8.949755
1760635056860,0.401396,5.209175,8.964112
1760635056863,0.38703907,5.22413,8.925827
1760635056865,0.35413775,5.2486563,8.9826565
1760635056867,0.33080772,5.263612,8.973084
1760635056869,0.3260221,5.258826,8.992228
1760635056872,0.27816564,5.2546387,9.025727
1760635056874,0.25004998,5.2743793,9.020942
1760635056876,0.24586253,5.279165,9.063414
1760635056879,0.21714866,5.2743793,9.110672
1760635056881,0.19800608,5.2701917,9.105886
1760635056883,0.16031912,5.280361,9.129815
1760635056885,0.14596218,5.27079,9.153743
1760635056887,0.1268196,5.261817,9.158528
1760635056890,0.11724831,5.252246,9.181859
1760635056892,0.12622139,5.2420764,9.220144
1760635056895,0.116650105,5.2331033,9.210572
1760635056897,0.111864455,5.2426744,9.22493
1760635056899,0.12143575,5.2235317,9.205787
1760635056901,0.14476576,5.222934,9.182457
1760635056903,0.13998012,5.213362,9.158528
1760635056906,0.13040884,5.2085767,9.139386
1760635056908,0.14955142,5.213362,9.12503
1760635056910,0.13040884,5.2139606,9.068199
1760635056912,0.16390835,5.2085767,9.087342
1760635056914,0.12562318,5.194818,9.068199
1760635056917,0.1680958,5.1792645,9.072986
1760635056919,0.15314065,5.1607203,9.082557
1760635056921,0.14356937,5.136792,9.11127
1760635056924,0.13878371,5.132006,9.120842
1760635056926,0.12861422,5.1176496,9.158528
1760635056928,0.11006984,5.112864,9.1872425
1760635056930,0.119042926,5.1032925,9.2488575
1760635056933,0.10468599,5.0793643,9.282357
1760635056935,0.10887343,5.0644093,9.343972
1760635056937,0.0951147,5.08415,9.3816595
1760635056940,0.066400826,5.065007,9.44806
1760635056942,0.0424726,5.0656056,9.510274
1760635056944,0.0424726,5.070391,9.552746
1760635056946,0.023928227,5.0656056,9.600004
1760635056948,0.028115666,5.056034,9.633504
1760635056951,0.008973085,5.056034,9.671191
1760635056953,0.0,5.0751767,9.699904
1760635056955,0.0,5.070391,9.714262
1760635056958,-0.009571291,5.056034,9.714262
1760635056960,0.0047856453,5.0656056,9.732806
1760635056962,0.019142581,5.0656056,9.747163
1760635056965,0.037686955,5.0602217,9.771091
1760635056967,0.061615184,5.0644093,9.771091
1760635056969,0.071186475,5.0644093,9.785448
1760635056971,0.08075777,5.0644093,9.790234
1760635056973,0.09990034,5.087739,9.837492
1760635056976,0.119042926,5.087141,9.866206
1760635056978,0.15732808,5.091328,9.894321
1760635056980,0.15254244,5.081757,9.932607
1760635056982,0.18065812,5.076373,9.942178
1760635056985,0.19980069,5.0805607,9.97508
1760635056987,0.20398813,5.051847,9.979865
1760635056989,0.20877378,5.047061,10.013365
1760635056991,0.23688944,5.0368915,10.036695
1760635056994,0.2650051,5.00758,10.022936
1760635056996,0.26021945,4.9932227,10.0372925
1760635056998,0.27876383,4.9734817,10.027721
1760635057000,0.29312077,4.968696,10.0372925
1760635057003,0.31166515,4.968098,10.022936
1760635057005,0.31166515,4.9728837,10.013365
1760635057007,0.33080772,4.968098,9.989436
1760635057010,0.34037903,4.987241,9.956535
1760635057012,0.34576288,5.0015974,9.942178
1760635057014,0.36490545,5.0344987,9.927821
1760635057016,0.38404804,5.0392847,9.927821
1760635057018,0.39361933,5.0392847,9.880563
1760635057021,0.39421752,5.0536413,9.880563
1760635057023,0.39421752,5.058427,9.9038925
1760635057025,0.40378883,5.058427,9.870992
1760635057027,0.3900301,5.0919266,9.866206
1760635057030,0.3804588,5.102096,9.875179
1760635057032,0.39960137,5.1062837,9.866206
1760635057034,0.38584265,5.135596,9.856635
1760635057036,0.37627137,5.13081,9.865608
1760635057039,0.3714857,5.1260242,9.865608
1760635057041,0.3714857,5.135596,9.860822
1760635057043,0.36729828,5.1403813,9.827921
1760635057045,0.3481557,5.150551,9.794421
1760635057047,0.357727,5.1649075,9.799207
1760635057050,0.357727,5.1553364,9.78485
1760635057052,0.36251262,5.1649075,9.766306
1760635057054,0.3487539,5.1792645,9.751948
1760635057056,0.32063824,5.194818,9.708878
1760635057059,0.35353956,5.189434,9.690333
1760635057061,0.36311084,5.1990056,9.656834
1760635057063,0.33499518,5.204389,9.609575
1760635057066,0.3493521,5.2181478,9.5760765
1760635057068,0.3397808,5.2283173,9.556933
1760635057070,0.3493521,5.237889,9.528818
1760635057072,0.34516466,5.2570314,9.519247
1760635057075,0.3499503,5.252246,9.519247
1760635057077,0.33559337,5.261817,9.509675
1760635057079,0.34037903,5.271388,9.476176
1760635057081,0.3361916,5.271388,9.500104
1760635057083,0.3595216,5.2666025,9.485747
1760635057086,0.3361916,5.2815576,9.466604
1760635057088,0.36909288,5.280361,9.485747
1760635057090,0.33140594,5.2719865,9.495318
1760635057092,0.32662028,5.276772,9.5048895
1760635057097,0.32183465,5.2959146,9.5048895
1760635057097,0.32662028,5.2959146,9.514461
1760635057100,0.317049,5.2863436,9.509675
1760635057102,0.317049,5.2959146,9.495318
1760635057104,0.32662028,5.2815576,9.480962
1760635057106,0.32183465,5.276772,9.461819
1760635057108,0.32662028,5.2719865,9.47139
1760635057110,0.3260221,5.252844,9.457631
1760635057113,0.3260221,5.2480583,9.433703
1760635057115,0.3260221,5.238487,9.4432745
1760635057118,0.32542387,5.2193446,9.424132
1760635057120,0.32063824,5.209773,9.396016
1760635057122,0.3487539,5.204389,9.372088
1760635057124,0.3481557,5.1756754,9.372088
1760635057126,0.357727,5.180461,9.357731
1760635057128,0.37208393,5.1607203,9.348758
1760635057131,0.37627137,5.132006,9.3200445
1760635057133,0.3906283,5.136792,9.329616
1760635057135,0.40438703,5.1218367,9.339187
1760635057138,0.40917268,5.10748,9.32483
1760635057140,0.39421752,5.078766,9.329616
1760635057142,0.39840496,5.0596237,9.353543
1760635057144,0.4127619,5.0542397,9.363115
1760635057147,0.3792624,5.0213385,9.382257
1760635057149,0.40259242,5.0015974,9.396016
1760635057151,0.41635114,4.9920263,9.429516
1760635057154,0.42532423,4.962714,9.4534445
1760635057156,0.42053857,4.9531426,9.48156
1760635057159,0.43010986,4.9340005,9.505488
1760635057162,0.43429732,4.919045,9.534202
1760635057163,0.424726,4.909474,9.543773
1760635057165,0.46301118,4.9136615,9.576674
1760635057167,0.44805604,4.8999023,9.576674
1760635057169,0.4761717,4.855635,9.600603
1760635057171,0.49471608,4.855635,9.610174
1760635057174,0.52342993,4.84068,9.591031
1760635057177,0.509073,4.8454657,9.595817
1760635057178,0.51864433,4.8358946,9.600603
1760635057180,0.5276174,4.807181,9.59163
1760635057183,0.53180486,4.7922254,9.572487
1760635057185,0.5371887,4.825725,9.591031
1760635057187,0.5509474,4.7922254,9.5964155
1760635057189,0.55513483,4.7730827,9.601201
1760635057192,0.5461618,4.7778687,9.5868435
1760635057194,0.5461618,4.78744,9.5868435
1760635057196,0.5461618,4.78744,9.582058
1760635057199,0.5270192,4.7778687,9.582058
1760635057201,0.5174479,4.7688956,9.601201
1760635057203,0.503091,4.7784667,9.619745
1760635057205,0.49351966,4.7784667,9.634102
1760635057207,0.49830532,4.773681,9.6580305
1760635057210,0.4749753,4.7934217,9.68136
1760635057212,0.47916272,4.7688956,9.690931
1760635057214,0.4749753,4.7838507,9.7196455
1760635057217,0.47976094,4.7832522,9.724431
1760635057219,0.4749753,4.7880383,9.742975
1760635057221,0.46061835,4.7982078,9.771689
1760635057223,0.47976094,4.807181,9.776475
1760635057225,0.465404,4.7982078,9.786046
1760635057228,0.46121657,4.8125644,9.800404
1760635057230,0.4660022,4.8173504,9.814162
1760635057232,0.4660022,4.822136,9.823733
1760635057235,0.48035914,4.8215375,9.847662
1760635057237,0.4761717,4.8454657,9.8524475
1760635057239,0.4761717,4.8502517,9.847662
1760635057241,0.49052864,4.87418,9.833304
1760635057245,0.49112684,4.883751,9.833304
1760635057246,0.50009996,4.883751,9.814162
1760635057248,0.5383851,4.9022956,9.785448
1760635057251,0.5389833,4.9118667,9.766904
1760635057253,0.5341976,4.9316072,9.742975
1760635057255,0.51565325,4.9363933,9.719048
1760635057257,0.52522457,4.9603214,9.719048
1760635057259,0.5066802,4.970491,9.676575
1760635057262,0.4971089,4.970491,9.647861
1760635057264,0.4977071,4.994419,9.643075
1760635057266,0.45942193,4.9956155,9.643075
1760635057269,0.44985065,5.000401,9.619147
1760635057271,0.43609193,5.014758,9.605389
1760635057273,0.421735,5.020142,9.595817
1760635057275,0.4127619,5.0344987,9.595817
1760635057277,0.38404804,5.035097,9.58146
1760635057280,0.360718,5.0452666,9.586246
1760635057282,0.35593235,5.0644093,9.576674
1760635057284,0.32303107,5.065007,9.562318
1760635057286,0.31345975,5.0847483,9.543175
1760635057289,0.3182454,5.0847483,9.514461
1760635057291,0.29970104,5.089534,9.514461
1760635057293,0.29012975,5.0997033,9.514461
1760635057295,0.28055847,5.1092744,9.500702
1760635057297,0.276371,5.1236315,9.5048895
1760635057300,0.26679972,5.1092744,9.505488
1760635057303,0.276371,5.1140604,9.476774
1760635057305,0.27158538,5.1236315,9.476774
1760635057307,0.24765715,5.109873,9.467203
1760635057309,0.24765715,5.1003013,9.452846
1760635057311,0.25663024,5.0955157,9.457631
1760635057313,0.26141587,5.0955157,9.471989
1760635057316,0.2853441,5.0805607,9.439087
1760635057318,0.26141587,5.081159,9.452846
1760635057320,0.27038896,5.0709896,9.439087
1760635057322,0.27996024,5.061418,9.42473
1760635057325,0.27996024,5.047061,9.415159
1760635057327,0.2943172,5.051847,9.405587
1760635057329,0.293719,5.022535,9.410374
1760635057332,0.30329028,5.022535,9.396016
1760635057334,0.30269206,5.0177493,9.396016
1760635057336,0.30329028,5.022535,9.400802
1760635057338,0.31226337,5.0081778,9.382257
1760635057340,0.30269206,5.0129633,9.377472
1760635057343,0.30269206,4.9842496,9.387043
1760635057346,0.32123643,4.9692945,9.377472
1760635057348,0.32123643,4.964509,9.372686
1760635057349,0.3164508,4.9603214,9.387043
1760635057352,0.29671,4.9459643,9.367901
1760635057354,0.30149564,4.9363933,9.348758
1760635057356,0.27756742,4.92742,9.35833
1760635057358,0.27756742,4.92742,9.339785
1760635057360,0.28713873,4.922036,9.325428
1760635057363,0.27756742,4.9082775,9.306286
1760635057365,0.27756742,4.9082775,9.287143
1760635057368,0.2727818,4.913063,9.282357
1760635057370,0.27218357,4.8843493,9.273384
1760635057372,0.24825534,4.889733,9.263813
1760635057374,0.25782663,4.8843493,9.254242
1760635057376,0.27696922,4.874778,9.268599
1760635057379,0.30029923,4.8646083,9.2590275
1760635057381,0.30029923,4.8598228,9.254242
1760635057384,0.3188436,4.854439,9.282955
1760635057385,0.32841492,4.8448677,9.287741
1760635057388,0.32362926,4.8448677,9.301499
1760635057390,0.3469593,4.8155556,9.306286
1760635057392,0.3469593,4.8059845,9.320642
1760635057394,0.360718,4.7916274,9.306884
1760635057397,0.3702893,4.7862434,9.330214
1760635057399,0.37567315,4.814957,9.34457
1760635057401,0.4127619,4.776074,9.320642
1760635057403,0.39840496,4.7808595,9.34457
1760635057406,0.4031906,4.7856455,9.330214
1760635057408,0.39840496,4.766503,9.349357
1760635057410,0.4121637,4.7569313,9.363713
1760635057413,0.40259242,4.7425747,9.37807
1760635057415,0.40737805,4.752146,9.363713
1760635057417,0.43130627,4.7515473,9.358928
1760635057419,0.43130627,4.7515473,9.349357
1760635057421,0.4552345,4.755735,9.339785
1760635057424,0.4408776,4.746762,9.354142
1760635057426,0.44985065,4.7365923,9.334999
1760635057428,0.4552345,4.7509494,9.325428
1760635057431,0.4881358,4.7455654,9.311669
1760635057433,0.4881358,4.731209,9.32124
1760635057436,0.5072784,4.731209,9.32124
1760635057437,0.5072784,4.731209,9.32124
1760635057440,0.526421,4.7401814,9.311669
1760635057442,0.5449654,4.7401814,9.306884
1760635057444,0.5401797,4.7306104,9.330214
1760635057446,0.5491528,4.71087,9.334999
1760635057449,0.549751,4.720441,9.358928
1760635057451,0.549751,4.730012,9.349357
1760635057453,0.549751,4.730012,9.354142
1760635057455,0.5587241,4.691727,9.358928
1760635057457,0.5395815,4.706682,9.368499
1760635057460,0.55393845,4.6965127,9.373284
1760635057462,0.5491528,4.701298,9.358928
1760635057465,0.573081,4.71087,9.34457
1760635057467,0.58265233,4.705486,9.335598
1760635057470,0.5688936,4.7252264,9.34457
1760635057471,0.5736792,4.744369,9.334999
1760635057473,0.5593223,4.744369,9.34457
1760635057476,0.53599226,4.749753,9.334999
1760635057478,0.526421,4.7449675,9.330214
1760635057480,0.52223355,4.7742796,9.339785
1760635057482,0.503091,4.7742796,9.315857
1760635057485,0.48873404,4.7605205,9.325428
1760635057487,0.4648058,4.779663,9.330214
1760635057489,0.465404,4.7892346,9.339785
1760635057491,0.4319045,4.7898326,9.330214
1760635057494,0.44147578,4.7898326,9.349357
1760635057496,0.43669012,4.799404,9.325428
1760635057498,0.41814575,4.814359,9.354142
1760635057500,0.39481574,4.8341,9.339785
1760635057503,0.38524446,4.838886,9.325428
1760635057505,0.3906283,4.8771706,9.306286
1760635057507,0.37686956,4.88734,9.306286
1760635057509,0.3481557,4.8975096,9.282357
1760635057512,0.36311084,4.9256253,9.273384
1760635057514,0.35832518,4.9310093,9.225528
1760635057516,0.3164508,4.965107,9.225528
1760635057518,0.3068795,4.9657054,9.201599
1760635057521,0.28773692,4.9752765,9.206385
1760635057523,0.26859435,4.971089,9.196814
1760635057525,0.2548356,4.971089,9.211171
1760635057528,0.2638087,4.971089,9.201599
1760635057530,0.2213361,4.976473,9.215957
1760635057532,0.21655045,4.95733,9.239884
1760635057534,0.20638095,4.9429736,9.272786
1760635057536,0.18305093,4.9435716,9.272786
1760635057539,0.19202402,4.9286165,9.287143
1760635057542,0.18245272,4.9196434,9.301499
1760635057543,0.17766708,4.914858,9.343972
1760635057546,0.2015953,4.909474,9.363115
1760635057548,0.2105684,4.9088755,9.372686
1760635057550,0.22073789,4.932804,9.387043
1760635057552,0.25842485,4.92742,9.382257
1760635057555,0.26799613,4.9322057,9.406186
1760635057557,0.27816564,4.9513483,9.410374
1760635057559,0.3068795,4.9603214,9.429516
1760635057562,0.33499518,4.9549375,9.42473
1760635057564,0.33499518,4.9453664,9.4534445
1760635057566,0.3397808,4.9549375,9.463016
1760635057568,0.35353956,4.930411,9.467801
1760635057570,0.36311084,4.9256253,9.472587
1760635057572,0.36311084,4.9160542,9.477372
1760635057575,0.36311084,4.9160542,9.477372
1760635057578,0.37686956,4.886742,9.477372
1760635057579,0.36191443,4.8675995,9.472587
1760635057582,0.38165522,4.8819566,9.482158
1760635057584,0.37627137,4.872385,9.472587
1760635057586,0.37208393,4.8819566,9.472587
1760635057588,0.37208393,4.8771706,9.448658
1760635057591,0.381057,4.872385,9.415757
1760635057593,0.38165522,4.8819566,9.396614
1760635057595,0.36729828,4.877769,9.391829
1760635057597,0.37627137,4.872385,9.372686
1760635057600,0.3714857,4.8532424,9.34457
1760635057602,0.357727,4.88734,9.320642
1760635057604,0.35234314,4.863412,9.296714
1760635057606,0.33379877,4.8640103,9.27817
1760635057609,0.33379877,4.8735814,9.249456
1760635057612,0.3385844,4.878367,9.202198
1760635057613,0.33320054,4.8640103,9.202198
1760635057615,0.3481557,4.8735814,9.202198
1760635057618,0.34337005,4.868796,9.1974125
1760635057621,0.3481557,4.892724,9.18784
1760635057622,0.35712877,4.863412,9.202198
1760635057625,0.35234314,4.8640103,9.192626
1760635057626,0.3475575,4.8640103,9.225528
1760635057629,0.34337005,4.868796,9.239884
1760635057632,0.3385844,4.883153,9.2590275
1760635057633,0.357727,4.8729835,9.273384
1760635057636,0.36729828,4.877769,9.311071
1760635057638,0.37686956,4.88734,9.325428
1760635057641,0.37627137,4.877769,9.311071
1760635057643,0.381057,4.8771706,9.354142
1760635057645,0.40977088,4.8622155,9.387043
1760635057647,0.40977088,4.871787,9.391829
1760635057649,0.4139583,4.847859,9.401401
1760635057652,0.4426722,4.8568316,9.406186
1760635057654,0.45224348,4.8616176,9.430114
1760635057656,0.47138608,4.851448,9.425328
1760635057658,0.4761717,4.8562336,9.45823
1760635057661,0.46181476,4.8705907,9.4534445
1760635057663,0.485743,4.8562336,9.448658
1760635057665,0.47078785,4.8418765,9.448658
1760635057668,0.4755735,4.846662,9.425328
1760635057670,0.46121657,4.82752,9.430114
1760635057672,0.4325027,4.828118,9.420543
1760635057674,0.42771706,4.818547,9.410972
1760635057676,0.42771706,4.828118,9.410972
1760635057679,0.40438703,4.8239303,9.406186
1760635057681,0.39421752,4.8095737,9.420543
1760635057683,0.3894319,4.814359,9.410972
1760635057685,0.37986058,4.8101716,9.406186
1760635057687,0.3278167,4.8059845,9.449257
1760635057690,0.35114673,4.791029,9.444471
1760635057692,0.3702893,4.781458,9.434899
1760635057694,0.3894319,4.7856455,9.430114
1760635057697,0.4229314,4.7946186,9.467801
1760635057699,0.43669012,4.785047,9.467801
1760635057701,0.46061835,4.779663,9.510872
1760635057703,0.47018966,4.779065,9.548559
1760635057705,0.503091,4.76411,9.567701
1760635057708,0.5509474,4.7778687,9.601201
1760635057710,0.57846487,4.753342,9.624531
1760635057712,0.60717875,4.7575297,9.653245
1760635057715,0.63529444,4.7425747,9.686146
1760635057717,0.65922266,4.727619,9.734002
1760635057719,0.66341007,4.7174497,9.757931
1760635057721,0.6873383,4.712664,9.757931
1760635057724,0.69212395,4.697709,9.7812605
1760635057726,0.69212395,4.7024946,9.771689
1760635057728,0.68195444,4.6695933,9.757931
1760635057730,0.66759753,4.6552362,9.786046
1760635057733,0.6334998,4.636692,9.7908325
1760635057735,0.6149554,4.651049,9.772287
1760635057737,0.6149554,4.6462636,9.74836
1760635057739,0.59581286,4.6372905,9.762716
1760635057742,0.57188463,4.633103,9.705887
1760635057744,0.57188463,4.6378884,9.686745
1760635057746,0.5389833,4.638487,9.648459
1760635057748,0.5198407,4.653442,9.625129
1760635057751,0.48215377,4.65404,9.601201
1760635057753,0.43968117,4.6642094,9.59163
1760635057755,0.401396,4.645665,9.572487
1760635057758,0.40677986,4.6845484,9.553943
1760635057760,0.39720857,4.6845484,9.544372
1760635057762,0.39720857,4.6989055,9.544372
1760635057765,0.40259242,4.718048,9.491729
1760635057767,0.43130627,4.741378,9.496515
1760635057769,0.45044887,4.741378,9.472587
1760635057771,0.46002015,4.741378,9.472587
1760635057774,0.45044887,4.7509494,9.491729
1760635057775,0.49292147,4.7359943,9.506086
1760635057778,0.5024927,4.749753,9.5348
1760635057782,0.52163535,4.7449675,9.562916
1760635057782,0.5168497,4.7449675,9.5964155
1760635057784,0.51266223,4.76411,9.610174
1760635057787,0.49830532,4.773681,9.643674
1760635057789,0.48394838,4.7742796,9.629316
1760635057791,0.45104706,4.7892346,9.6580305
1760635057793,0.4229314,4.7892346,9.676575
1760635057795,0.43669012,4.779663,9.7196455
1760635057798,0.38464624,4.799404,9.742975
1760635057800,0.33738798,4.795815,9.752547
1760635057804,0.3278167,4.805386,9.776475
1760635057805,0.3044867,4.834698,9.804591
1760635057807,0.28115666,4.8442693,9.823733
1760635057809,0.20518455,4.831109,9.833304
1760635057811,0.19980069,4.816752,9.847662
1760635057814,0.16689938,4.8364925,9.857233
1760635057815,0.16211374,4.831707,9.862019
1760635057818,0.15314065,4.846662,9.8428755
1760635057821,0.18125631,4.846064,9.823733
1760635057822,0.22372891,4.8263235,9.818948
1760635057824,0.2620141,4.8305106,9.795618
1760635057827,0.26679972,4.825725,9.771689
1760635057829,0.30927232,4.8299127,9.73819
1760635057831,0.32362926,4.8436713,9.747761
1760635057834,0.3379862,4.8341,9.728619
1760635057836,0.34277186,4.8341,9.73819
1760635057838,0.35234314,4.8382874,9.728619
1760635057841,0.36610186,4.8287163,9.710074
1760635057843,0.36610186,4.8191447,9.73819
1760635057846,0.36610186,4.8047876,9.705289
1760635057848,0.3804588,4.833502,9.690931
1760635057850,0.37567315,4.8287163,9.667004
1760635057852,0.36610186,4.8191447,9.634102
1760635057854,0.3900301,4.833502,9.624531
1760635057857,0.39900318,4.8137608,9.600603
1760635057860,0.41874397,4.828118,9.605389
1760635057861,0.40917268,4.828118,9.567701
1760635057863,0.4139583,4.8329034,9.600603
1760635057865,0.3900301,4.8287163,9.600603
1760635057868,0.37567315,4.833502,9.586246
1760635057870,0.34217364,4.8101716,9.59163
1760635057872,0.32841492,4.8299127,9.605389
1760635057875,0.3044867,4.820341,9.5868435
1760635057876,0.27098715,4.825725,9.591031
1760635057879,0.26620153,4.816154,9.600603
1760635057881,0.26620153,4.816154,9.595817
1760635057883,0.24705894,4.816752,9.572487
1760635057885,0.23808585,4.8215375,9.572487
1760635057888,0.2428715,4.8215375,9.582058
1760635057890,0.25244278,4.8358946,9.548559
1760635057892,0.2428715,4.8263235,9.572487
1760635057895,0.21894327,4.8364925,9.567701
1760635057897,0.22851457,4.831707,9.572487
1760635057899,0.232702,4.802395,9.600603
1760635057901,0.2428715,4.8263235,9.605389
1760635057904,0.26141587,4.8263235,9.577272
1760635057906,0.25663024,4.8215375,9.59163
1760635057908,0.26620153,4.8209395,9.582058
1760635057911,0.26141587,4.8263235,9.55813
1760635057913,0.25663024,4.7976093,9.562916
1760635057915,0.28055847,4.816154,9.567701
1760635057917,0.2757728,4.811368,9.572487
1760635057920,0.29491538,4.8059845,9.582058
1760635057921,0.2757728,4.801797,9.572487
1760635057924,0.29910284,4.796413,9.59163
1760635057927,0.28953153,4.7916274,9.619745
1760635057929,0.3080759,4.772485,9.619745
1760635057931,0.30329028,4.7676992,9.643674
1760635057933,0.30388847,4.7772703,9.667602
1760635057935,0.32303107,4.781458,9.700503
1760635057937,0.34636107,4.766503,9.710074
1760635057940,0.360718,4.776074,9.690931
1760635057942,0.360718,4.7712884,9.729217
1760635057944,0.35593235,4.766503,9.734002
1760635057947,0.38404804,4.77069,9.743574
1760635057949,0.3792624,4.7659044,9.71486
1760635057951,0.38464624,4.7898326,9.738789
1760635057953,0.39361933,4.761119,9.71486
1760635057955,0.38883367,4.77069,9.7196455
1760635057958,0.4031906,4.7509494,9.71486
1760635057960,0.41754755,4.7653065,9.68136
1760635057963,0.41754755,4.7605205,9.695718
1760635057965,0.41754755,4.7748775,9.648459
1760635057967,0.43130627,4.746164,9.643674
1760635057969,0.41754755,4.7653065,9.648459
1760635057971,0.421735,4.7365923,9.629316
1760635057974,0.42652065,4.741378,9.601201
1760635057976,0.43130627,4.741378,9.582058
1760635057978,0.39780676,4.732405,9.59163
1760635057980,0.4121637,4.727619,9.572487
1760635057983,0.41694933,4.7419763,9.572487
1760635057985,0.43609193,4.7605205,9.55813
1760635057987,0.44027936,4.727021,9.553345
1760635057989,0.45044887,4.746164,9.5252285
1760635057991,0.4552345,4.7509494,9.5252285
1760635057994,0.46959144,4.750351,9.496515
1760635057996,0.48394838,4.755137,9.468399
1760635057998,0.49292147,4.7455654,9.439685
1760635058001,0.52582276,4.735396,9.444471
1760635058003,0.526421,4.759324,9.454042
1760635058005,0.51266223,4.773681,9.449257
1760635058007,0.51206404,4.7449675,9.425328
1760635058009,0.52163535,4.7545385,9.410972
1760635058012,0.5168497,4.7545385,9.420543
1760635058014,0.4833502,4.74078,9.406186
1760635058016,0.47377887,4.7359943,9.410972
1760635058019,0.44506502,4.727021,9.397213
1760635058021,0.44506502,4.7174497,9.37807
1760635058023,0.4354937,4.732405,9.392427
1760635058025,0.42592242,4.7084765,9.397213
1760635058028,0.40618163,4.679763,9.420543
1760635058030,0.41575295,4.6893344,9.430114
1760635058033,0.42592242,4.69412,9.420543
1760635058035,0.41156548,4.703691,9.420543
1760635058037,0.40677986,4.6989055,9.425328
1760635058039,0.43130627,4.746762,9.434899
1760635058041,0.44506502,4.727021,9.430114
1760635058044,0.43609193,4.7419763,9.430114
1760635058046,0.421735,4.7371907,9.4636135
1760635058048,0.421735,4.732405,9.477372
1760635058050,0.41694933,4.732405,9.449257
1760635058052,0.39780676,4.7377887,9.458828
1760635058055,0.38883367,4.752146,9.482158
1760635058057,0.4031906,4.7515473,9.482158
1760635058059,0.39840496,4.752146,9.472587
1760635058061,0.39840496,4.761717,9.477372
1760635058063,0.4031906,4.761119,9.482158
1760635058066,0.42711884,4.775476,9.491729
1760635058068,0.42771706,4.8137608,9.4534445
1760635058070,0.4235296,4.8329034,9.448658
1760635058073,0.44685963,4.8329034,9.425328
1760635058075,0.46121657,4.813163,9.439685
1760635058077,0.47018966,4.813163,9.434899
1760635058079,0.4755735,4.8323054,9.420543
1760635058082,0.47018966,4.8083773,9.425328
1760635058084,0.47976094,4.8179483,9.415757
1760635058086,0.46061835,4.7988057,9.420543
1760635058088,0.43669012,4.77069,9.415757
1760635058091,0.4319045,4.775476,9.458828
1760635058093,0.4319045,4.7802615,9.472587
1760635058095,0.4031906,4.7563334,9.472587
1760635058097,0.41694933,4.746762,9.496515
1760635058100,0.40737805,4.732405,9.530014
1760635058102,0.41635114,4.703093,9.539586
1760635058104,0.4211368,4.703093,9.59163
1760635058106,0.44027936,4.698307,9.5964155
1760635058109,0.47318068,4.7018967,9.648459
1760635058111,0.4779663,4.682754,9.667602
1760635058114,0.49232325,4.692325,9.705289
1760635058116,0.5204389,4.6821556,9.724431
1760635058118,0.5347959,4.671986,9.762716
1760635058120,0.5389833,4.662415,9.781859
1760635058123,0.5629115,4.657031,9.819546
1760635058125,0.5820541,4.6707897,9.843474
1760635058127,0.60059845,4.6414776,9.866804
1760635058129,0.6334998,4.636094,9.857831
1760635058131,0.634098,4.6504507,9.857233
1760635058133,0.657428,4.6408796,9.853045
1760635058135,0.6861419,4.640281,9.838689
1760635058138,0.68075806,4.6211386,9.824331
1760635058140,0.6765706,4.6259246,9.819546
1760635058142,0.68075806,4.6211386,9.795618
1760635058145,0.6903293,4.6259246,9.762716
1760635058148,0.6759724,4.621737,9.738789
1760635058149,0.657428,4.6265225,9.705887
1760635058151,0.63828546,4.627121,9.662816
1760635058153,0.63828546,4.6175494,9.625129
1760635058156,0.6095716,4.6085763,9.601201
1760635058158,0.6053841,4.6372905,9.582058
1760635058160,0.5814559,4.6378884,9.553943
1760635058162,0.57188463,4.6432724,9.530014
1760635058165,0.5772685,4.6576295,9.497113
1760635058167,0.5629115,4.6576295,9.468399
1760635058169,0.5300102,4.686941,9.444471
1760635058172,0.52522457,4.7018967,9.430114
1760635058174,0.5066802,4.7018967,9.387642
1760635058177,0.4971089,4.6929235,9.363713
1760635058179,0.49232325,4.7216372,9.339785
1760635058181,0.4636094,4.703093,9.3308115
1760635058183,0.43070808,4.6989055,9.32124
1760635058186,0.42053857,4.6893344,9.292527
1760635058188,0.42592242,4.703691,9.306884
1760635058190,0.4354937,4.7132626,9.311669
1760635058193,0.43489552,4.6845484,9.287741
1760635058194,0.42532423,4.6845484,9.302098
1760635058197,0.43489552,4.6893344,9.32124
1760635058199,0.43489552,4.6845484,9.335598
1760635058201,0.43010986,4.69412,9.326026
1760635058204,0.43070808,4.703691,9.326026
1760635058206,0.44506502,4.7132626,9.3308115
1760635058208,0.42053857,4.6893344,9.340384
1760635058211,0.40677986,4.709075,9.349357
1760635058212,0.4019942,4.7042894,9.354142
1760635058215,0.38763726,4.694718,9.354142
1760635058217,0.3786642,4.7138605,9.387642
1760635058219,0.36370903,4.685745,9.387642
1760635058221,0.34396824,4.657031,9.387642
1760635058223,0.3397808,4.671388,9.373284
1760635058226,0.3260221,4.686343,9.397213
1760635058228,0.32542387,4.666602,9.397213
1760635058230,0.3164508,4.6815577,9.397213
1760635058233,0.29252258,4.671986,9.406784
1760635058235,0.2973082,4.6815577,9.387642
1760635058237,0.29192436,4.6672006,9.397213
1760635058240,0.2739782,4.701298,9.382855
1760635058243,0.24526432,4.6875396,9.41157
1760635058244,0.2638087,4.6725845,9.392427
1760635058246,0.2536392,4.65404,9.368499
1760635058248,0.27337998,4.6725845,9.37807
1760635058251,0.27756742,4.663013,9.382855
1760635058253,0.29192436,4.648058,9.368499
1760635058256,0.31585258,4.6528435,9.37807
1760635058257,0.31585258,4.6528435,9.345169
1760635058260,0.32961133,4.64746,9.358928
1760635058262,0.3487539,4.642674,9.349955
1760635058265,0.3822534,4.6468616,9.35474
1760635058267,0.39601216,4.636692,9.345169
1760635058269,0.42951167,4.6558347,9.349955
1760635058271,0.44865423,4.6408796,9.335598
1760635058273,0.45762733,4.636094,9.335598
1760635058275,0.49112684,4.6259246,9.3308115
1760635058278,0.50129634,4.659424,9.3308115
1760635058282,0.49112684,4.6546383,9.32124
1760635058282,0.5102694,4.6492543,9.306884
1760635058286,0.51505506,4.634897,9.32124
1760635058287,0.4959125,4.6354957,9.292527
1760635058289,0.50488555,4.625326,9.302098
1760635058291,0.4959125,4.63071,9.264411
1760635058293,0.4953143,4.616353,9.273982
1760635058296,0.50488555,4.6061835,9.273982
1760635058298,0.50428736,4.5918264,9.259625
1760635058300,0.5096712,4.6061835,9.212367
1760635058302,0.50009996,4.616353,9.217153
1760635058305,0.49052864,4.601996,9.188439
1760635058307,0.485743,4.606782,9.188439
1760635058309,0.48095736,4.5876393,9.178867
1760635058311,0.49052864,4.601996,9.164511
1760635058313,0.45224348,4.5882373,9.145967
1760635058316,0.45224348,4.5738807,9.141181
1760635058318,0.46121657,4.564309,9.09811
1760635058321,0.45224348,4.598407,9.093325
1760635058322,0.47078785,4.578666,9.117252
1760635058325,0.4660022,4.5595236,9.093923
1760635058327,0.4660022,4.578666,9.09811
1760635058329,0.4755735,4.564309,9.065208
1760635058332,0.4755735,4.5595236,9.0747795
1760635058334,0.4851448,4.5684967,9.065208
1760635058336,0.48993045,4.558925,9.069994
1760635058338,0.48035914,4.5738807,9.079565
1760635058340,0.47078785,4.564309,9.065208
1760635058343,0.4941179,4.558925,9.036494
1760635058345,0.509073,4.5684967,9.046066
1760635058347,0.48454657,4.5445685,9.046066
1760635058349,0.50368917,4.5541396,9.022736
1760635058352,0.4749753,4.540381,9.0131645
1760635058354,0.48933223,4.549354,9.01795
1760635058356,0.47976094,4.5355954,8.998808
1760635058358,0.48454657,4.5451665,8.994022
1760635058361,0.47018966,4.540381,8.974879
1760635058363,0.48454657,4.554738,8.965308
1760635058365,0.48454657,4.554738,8.970094
1760635058367,0.4660022,4.549952,8.960523
1760635058370,0.4755735,4.5595236,8.965308
1760635058372,0.4660022,4.564309,8.946764
1760635058374,0.46121657,4.549952,8.960523
1760635058377,0.465404,4.540381,8.979665
1760635058379,0.48035914,4.564309,8.998808
1760635058381,0.4564309,4.5595236,9.0131645
1760635058383,0.47018966,4.549952,8.984451
1760635058385,0.47078785,4.554738,9.003593
1760635058388,0.48035914,4.5690947,9.01795
1760635058390,0.4660022,4.5595236,9.031709
1760635058392,0.4564309,4.549952,9.022736
1760635058394,0.4564309,4.5595236,9.036494
1760635058397,0.46121657,4.5595236,9.026923
1760635058399,0.45164528,4.564309,9.060423
1760635058401,0.43788654,4.569693,9.050852
1760635058404,0.43728834,4.5649076,9.046066
1760635058406,0.4235296,4.5744786,9.050852
1760635058408,0.4229314,4.555336,9.050852
1760635058410,0.4331009,4.5744786,9.084352
1760635058413,0.4139583,4.575077,9.046066
1760635058415,0.41814575,4.5505505,9.046066
1760635058417,0.4139583,4.56072,9.027522
1760635058419,0.4229314,4.5505505,9.031709
1760635058422,0.41336012,4.5409794,9.036494
1760635058424,0.4229314,4.5409794,9.027522
1760635058426,0.4325027,4.545765,9.008379
1760635058428,0.44685963,4.569693,8.998808
1760635058431,0.45164528,4.555336,8.998808
1760635058433,0.43728834,4.5409794,8.984451
1760635058435,0.43728834,4.5505505,8.965308
1760635058437,0.42771706,4.56072,8.941978
1760635058440,0.4229314,4.5655055,8.95155
1760635058442,0.4229314,4.5559344,8.941978
1760635058445,0.41814575,4.56072,8.941978
1760635058447,0.40857446,4.5559344,8.937193
1760635058449,0.39421752,4.5469613,8.913264
1760635058451,0.40378883,4.536792,8.922835
1760635058453,0.41814575,4.5415773,8.908479
1760635058455,0.40857446,4.546363,8.889337
1760635058458,0.41814575,4.5415773,8.885149
1760635058460,0.42771706,4.546363,8.875577
1760635058462,0.4223332,4.5320063,8.898908
1760635058464,0.43728834,4.569693,8.908479
1760635058467,0.45583272,4.5361934,8.91805
1760635058469,0.44685963,4.5505505,8.908479
1760635058471,0.44626144,4.5409794,8.908479
1760635058473,0.45104706,4.5409794,8.932407
1760635058476,0.44626144,4.5361934,8.932407
1760635058478,0.44147578,4.531408,8.932407
1760635058480,0.45104706,4.512265,8.95155
1760635058482,0.4319045,4.5074797,8.970692
1760635058485,0.41754755,4.5224347,8.970094
1760635058488,0.4223332,4.5218368,8.994022
1760635058489,0.4223332,4.5074797,8.994022
1760635058491,0.41754755,4.5266223,9.027522
1760635058494,0.42711884,4.502694,9.022736
1760635058496,0.4552345,4.5020957,9.046066
1760635058498,0.45044887,4.482953,9.084352
1760635058500,0.45044887,4.49731,9.069994
1760635058503,0.4648058,4.49731,9.079565
1760635058505,0.46959144,4.491926,9.089137
1760635058507,0.46959144,4.4871407,9.108279
1760635058509,0.48394838,4.4871407,9.108279
1760635058512,0.49292147,4.4674,9.098708
1760635058514,0.46899325,4.4632125,9.098708
1760635058516,0.4833502,4.458427,9.098708
1760635058519,0.47856453,4.453641,9.108279
1760635058521,0.47377887,4.4632125,9.069994
1760635058523,0.4977071,4.462614,9.060423
1760635058526,0.4833502,4.467998,9.055637
1760635058528,0.4971089,4.453043,9.041879
1760635058530,0.49232325,4.44407,9.056235
1760635058532,0.51146585,4.4434714,9.022736
1760635058534,0.48275197,4.4488554,9.01795
1760635058537,0.50189453,4.453043,9.003593
1760635058539,0.49292147,4.458427,8.989237
1760635058542,0.4881358,4.458427,8.989237
1760635058543,0.4971089,4.44407,8.937193
1760635058546,0.50189453,4.453641,8.956335
1760635058548,0.48753762,4.4392843,8.927621
1760635058551,0.48275197,4.453641,8.91805
1760635058553,0.46839502,4.4446683,8.922835
1760635058555,0.4779663,4.424927,8.918648
1760635058557,0.48275197,4.424927,8.922835
1760635058559,0.47318068,4.4207397,8.909077
1760635058561,0.4779663,4.4392843,8.913862
1760635058564,0.47318068,4.4398823,8.904291
1760635058566,0.4971089,4.434499,8.89472
1760635058568,0.47318068,4.4398823,8.909077
1760635058571,0.4971089,4.4392843,8.89472
1760635058573,0.5066802,4.458427,8.875577
1760635058575,0.47856453,4.4781675,8.880363
1760635058577,0.4881358,4.4638104,8.856435
1760635058580,0.46959144,4.4925246,8.856435
1760635058582,0.4648058,4.502694,8.832506
1760635058584,0.4648058,4.4835515,8.790034
1760635058587,0.4743771,4.512265,8.780462
1760635058588,0.46959144,4.5074797,8.775677
1760635058591,0.47916272,4.5170507,8.751749
1760635058594,0.47856453,4.4835515,8.681161
1760635058595,0.45942193,4.47398,8.662018
1760635058597,0.4636094,4.4452662,8.647661
1760635058600,0.43489552,4.436293,8.63809
1760635058602,0.4444668,4.4315076,8.629117
1760635058605,0.4444668,4.421936,8.619545
1760635058607,0.44925246,4.4165525,8.609974
1760635058609,0.43489552,4.426722,8.629117
1760635058611,0.45403808,4.4261236,8.629117
1760635058614,0.4779663,4.430909,8.624331
1760635058615,0.49232325,4.430311,8.609974
1760635058618,0.51146585,4.4398823,8.595617
1760635058620,0.54436713,4.434499,8.605188
1760635058623,0.5491528,4.4488554,8.63809
1760635058625,0.56410795,4.4674,8.614759
1760635058627,0.56410795,4.462614,8.628518
1760635058629,0.57846487,4.4674,8.633304
1760635058632,0.5778667,4.4434714,8.652447
1760635058634,0.58265233,4.438088,8.662018
1760635058636,0.60059845,4.3992043,8.695518
1760635058638,0.59581286,4.3998027,8.685946
1760635058641,0.5724828,4.3998027,8.695518
1760635058643,0.5766702,4.390231,8.705089
1760635058645,0.5772685,4.404588,8.714062
1760635058648,0.5724828,4.3998027,8.723633
1760635058649,0.58683974,4.4285164,8.718847
1760635058652,0.58265233,4.433302,8.700303
1760635058654,0.5772685,4.4285164,8.695518
1760635058656,0.59641105,4.433302,8.695518
1760635058659,0.59700924,4.4428735,8.681161
1760635058661,0.5916254,4.433302,8.642876
1760635058663,0.58683974,4.433302,8.624331
1760635058665,0.5587241,4.429115,8.624331
1760635058667,0.55334026,4.4195433,8.614759
1760635058670,0.5623133,4.386044,8.600403
1760635058672,0.54317075,4.3669014,8.605188
1760635058674,0.5192425,4.3531427,8.614759
1760635058676,0.5192425,4.3483567,8.638688
1760635058679,0.53359944,4.347759,8.648259
1760635058681,0.5138587,4.3244286,8.662616
1760635058683,0.52342993,4.314259,8.671589
1760635058686,0.5282156,4.319045,8.685946
1760635058688,0.54735816,4.3238306,8.700303
1760635058690,0.5276174,4.304688,8.705089
1760635058692,0.5282156,4.3094735,8.752347
1760635058695,0.5712864,4.328018,8.771489
1760635058697,0.57547385,4.298706,8.785847
1760635058699,0.58504516,4.3034916,8.790632
1760635058701,0.5988039,4.2837505,8.852247
1760635058703,0.60358953,4.2837505,8.861818
1760635058706,0.60837513,4.293322,8.89472
1760635058708,0.62751776,4.287938,8.918648
1760635058710,0.63230336,4.278367,8.9521475
1760635058712,0.6466603,4.28734,8.970692
1760635058724,0.6652047,4.282554,8.99462
1760635058725,0.6843473,4.281956,9.018549
1760635058725,0.6801598,4.2963133,9.046664
1760635058725,0.6939186,4.2915273,9.061021
1760635058725,0.66041905,4.2771707,9.080164
1760635058732,0.67477596,4.2771707,9.075378
1760635058732,0.6658029,4.2915273,9.094521
1760635058732,0.63230336,4.3064823,9.103494
1760635058732,0.613759,4.316652,9.094521
1760635058739,0.58983076,4.3124647,9.098708
1760635058739,0.55692947,4.3322053,9.0849495
1760635058739,0.5377869,4.308277,9.065806
1760635058742,0.50009996,4.328616,9.046664
1760635058743,0.48095736,4.3334017,9.022736
1760635058746,0.46241298,4.3483567,8.999406
1760635058748,0.4432704,4.358526,8.975478
1760635058750,0.43908295,4.382455,8.941978
1760635058753,0.40618163,4.3878384,8.913862
1760635058755,0.40618163,4.4171505,8.880363
1760635058757,0.3924229,4.436293,8.856435
1760635058760,0.37387854,4.456034,8.846864
1760635058762,0.36909288,4.4464626,8.8187475
1760635058764,0.3595216,4.470989,8.799605
1760635058766,0.3499503,4.456632,8.799605
1760635058768,0.33559337,4.456632,8.799605
1760635058771,0.34097722,4.4805603,8.804391
1760635058773,0.35473597,4.4662037,8.804391
1760635058775,0.35533416,4.475775,8.813962
1760635058777,0.3505485,4.475775,8.8187475
1760635058780,0.3505485,4.5044885,8.813962
1760635058782,0.3696911,4.494319,8.8187475
1760635058784,0.360718,4.51406,8.82832
1760635058787,0.3696911,4.5134616,8.851649
1760635058789,0.360718,4.523631,8.846864
1760635058791,0.3792624,4.508676,8.851649
1760635058793,0.36550367,4.518247,8.856435
1760635058795,0.3696911,4.5134616,8.851649
1760635058798,0.3702893,4.532604,8.846864
1760635058800,0.360718,4.5188456,8.846864
1760635058802,0.34636107,4.5188456,8.82832
1760635058805,0.34157544,4.5284166,8.842078
1760635058807,0.3367898,4.5284166,8.833105
1760635058809,0.34157544,4.5044885,8.8187475
1760635058811,0.32243285,4.519444,8.8187475
1760635058813,0.29910284,4.519444,8.823533
1760635058816,0.29850462,4.5152564,8.790034
1760635058818,0.2847459,4.5248275,8.790034
1760635058820,0.293719,4.505685,8.752347
1760635058823,0.27517462,4.510471,8.742776
1760635058825,0.27936205,4.505685,8.747561
1760635058827,0.2650051,4.4967117,8.733205
1760635058829,0.2650051,4.5014977,8.681161
1760635058832,0.27936205,4.4913282,8.685946
1760635058834,0.2883351,4.4817567,8.681161
1760635058836,0.25962126,4.467998,8.685946
1760635058838,0.317049,4.4668016,8.662018
1760635058840,0.32662028,4.4668016,8.628518
1760635058843,0.32662028,4.471587,8.633304
1760635058845,0.36909288,4.456632,8.595617
1760635058847,0.37387854,4.4518466,8.586046
1760635058850,0.3924229,4.451248,8.581261
1760635058852,0.39720857,4.42732,8.576474
1760635058854,0.41575295,4.412365,8.571689
1760635058856,0.42053857,4.421936,8.55793
1760635058858,0.42532423,4.412365,8.55793
1760635058861,0.43908295,4.4075794,8.538788
1760635058863,0.4534399,4.3926244,8.52443
1760635058865,0.43429732,4.3788652,8.52443
1760635058868,0.47676992,4.3686957,8.534002
1760635058870,0.4863412,4.377669,8.52443
1760635058873,0.47676992,4.36391,8.52443
1760635058875,0.48095736,4.358526,8.514859
1760635058877,0.485743,4.3537407,8.505886
1760635058879,0.48035914,4.325027,8.496315
1760635058881,0.4660022,4.316054,8.491529
1760635058883,0.46121657,4.3112683,8.462815
1760635058886,0.48035914,4.2915273,8.486744
1760635058888,0.4755735,4.2915273,8.481958
1760635058890,0.47018966,4.2771707,8.486744
1760635058893,0.4648058,4.2484565,8.472985
1760635058895,0.49830532,4.2628136,8.477173
1760635058897,0.49351966,4.238287,8.486744
1760635058899,0.51266223,4.238287,8.486744
1760635058901,0.52223355,4.243073,8.486744
1760635058904,0.526421,4.2281175,8.529815
1760635058907,0.5455636,4.2424746,8.520244
1760635058908,0.5455636,4.237689,8.505886
1760635058911,0.55513483,4.24726,8.525029
1760635058913,0.55034924,4.237689,8.539386
1760635058915,0.57846487,4.217948,8.553144
1760635058917,0.5694918,4.246662,8.567501
1760635058920,0.56470615,4.2275195,8.577073
1760635058922,0.56470615,4.2370906,8.572288
1760635058924,0.56410795,4.217948,8.581859
1760635058926,0.549751,4.2131624,8.55793
1760635058929,0.5599205,4.222734,8.539386
1760635058931,0.55034924,4.237689,8.553144
1760635058933,0.5312066,4.2329035,8.553144
1760635058935,0.526421,4.2185464,8.562716
1760635058938,0.5168497,4.2185464,8.548957
1760635058940,0.5312066,4.2185464,8.505886
1760635058943,0.526421,4.237689,8.515457
1760635058944,0.51206404,4.228716,8.505886
1760635058947,0.503091,4.243073,8.481958
1760635058949,0.48873404,4.253242,8.472386
1760635058951,0.48394838,4.2484565,8.472386
1760635058953,0.4743771,4.253242,8.463413
1760635058956,0.47976094,4.2628136,8.453842
1760635058958,0.46061835,4.2634115,8.429914
1760635058960,0.46061835,4.282554,8.449057
1760635058963,0.465404,4.2681975,8.420342
1760635058965,0.46061835,4.272983,8.387442
1760635058967,0.4749753,4.272983,8.392227
1760635058969,0.47976094,4.282554,8.377871
1760635058971,0.47018966,4.272983,8.377871
1760635058974,0.4749753,4.2777686,8.339585
1760635058976,0.4755735,4.2921257,8.353942
1760635058978,0.48933223,4.281956,8.325228
1760635058980,0.48933223,4.2921257,8.316256
1760635058983,0.47976094,4.282554,8.292327
1760635058985,0.4755735,4.301697,8.301898
1760635058987,0.48993045,4.301697,8.258827
1760635058989,0.4851448,4.301697,8.263613
1760635058992,0.47018966,4.282554,8.263613
1760635058994,0.48454657,4.2921257,8.230712
1760635058996,0.47078785,4.3118663,8.249256
1760635058998,0.47976094,4.28734,8.225926
1760635059000,0.47078785,4.2921257,8.244471
1760635059003,0.49471608,4.3064823,8.235497
1760635059005,0.49950173,4.3208394,8.230712
1760635059007,0.5138587,4.3202415,8.258827
1760635059010,0.52342993,4.325027,8.263613
1760635059012,0.509073,4.3202415,8.254042
1760635059014,0.509073,4.3202415,8.244471
1760635059017,0.509073,4.3351965,8.249256
1760635059019,0.509073,4.3154554,8.254042
1760635059021,0.48035914,4.3064823,8.249256
1760635059023,0.47078785,4.321438,8.263613
1760635059025,0.45224348,4.321438,8.239685
1760635059028,0.4426722,4.316652,8.244471
1760635059030,0.42831525,4.322036,8.244471
1760635059032,0.4331009,4.3316073,8.249256
1760635059034,0.41934216,4.3411784,8.230113
1760635059037,0.41934216,4.35075,8.254042
1760635059039,0.3906283,4.3561335,8.216354
1760635059041,0.38584265,4.341777,8.221141
1760635059044,0.38584265,4.3465624,8.211569
1760635059046,0.36729828,4.356732,8.2253275
1760635059048,0.37627137,4.3519464,8.230113
1760635059051,0.36251262,4.3519464,8.221141
1760635059053,0.36251262,4.3615174,8.216354
1760635059055,0.36251262,4.356732,8.206783
1760635059057,0.34337005,4.342973,8.192427
1760635059059,0.35294133,4.3519464,8.211569
1760635059062,0.3481557,4.362116,8.173284
1760635059064,0.36251262,4.3519464,8.149954
1760635059066,0.37627137,4.3328037,8.135597
1760635059068,0.37627137,4.3375893,8.126026
1760635059071,0.38584265,4.3471603,8.088339
1760635059073,0.38584265,4.3375893,8.073982
1760635059076,0.381057,4.328018,8.050054
1760635059078,0.39481574,4.313661,8.045268
1760635059079,0.39481574,4.313661,8.026724
1760635059082,0.39960137,4.308277,8.017152
1760635059084,0.39960137,4.313661,8.012366
1760635059086,0.39481574,4.3184466,8.007581
1760635059089,0.39481574,4.313661,8.007581
1760635059091,0.3900301,4.3088756,8.012366
1760635059093,0.41814575,4.3034916,8.021938
1760635059095,0.40857446,4.3034916,8.012366
1760635059098,0.40438703,4.3130627,8.030911
1760635059100,0.40917268,4.3130627,8.0404825
1760635059102,0.4235296,4.3130627,8.035697
1760635059105,0.42831525,4.3178487,8.054839
1760635059107,0.4325027,4.2981076,8.031509
1760635059109,0.45104706,4.278965,8.054839
1760635059111,0.43669012,4.278965,8.031509
1760635059114,0.44147578,4.2837505,8.054839
1760635059115,0.43728834,4.2885365,8.035697
1760635059118,0.44685963,4.293322,8.054839
1760635059120,0.4325027,4.2837505,8.050054
1760635059122,0.44147578,4.2837505,8.021938
1760635059125,0.4229314,4.2891345,8.050054
1760635059127,0.41754755,4.269992,8.036295
1760635059129,0.4223332,4.269394,8.036295
1760635059132,0.41814575,4.274778,8.036295
1760635059134,0.4229314,4.284349,8.026724
1760635059137,0.4223332,4.2652063,8.007581
1760635059138,0.41814575,4.274778,8.031509
1760635059140,0.4223332,4.2454658,8.054839
1760635059143,0.42711884,4.269394,8.036295
1760635059145,0.40857446,4.269992,8.0404825
1760635059147,0.4319045,4.2741795,8.069196
1760635059150,0.41814575,4.274778,8.069196
1760635059152,0.39840496,4.260421,8.093124
1760635059154,0.41754755,4.2646084,8.078768
1760635059156,0.4031906,4.260421,8.083553
1760635059158,0.41754755,4.269394,8.102695
1760635059160,0.4229314,4.2741795,8.111669
1760635059163,0.40797627,4.2652063,8.107481
1760635059165,0.42711884,4.2741795,8.126026
1760635059168,0.43669012,4.255037,8.126026
1760635059170,0.4319045,4.269394,8.149954
1760635059172,0.45104706,4.2687955,8.154739
1760635059174,0.45583272,4.273581,8.154739
1760635059177,0.4564309,4.302295,8.173284
1760635059179,0.45164528,4.302295,8.173284
1760635059181,0.46121657,4.302295,8.16431
1760635059183,0.47078785,4.321438,8.206783
1760635059186,0.4660022,4.3070807,8.187641
1760635059188,0.4660022,4.302295,8.173284
1760635059190,0.44685963,4.3124647,8.169097
1760635059192,0.44685963,4.3070807,8.201998
1760635059194,0.44207397,4.2981076,8.182856
1760635059197,0.44685963,4.287938,8.159525
1760635059199,0.4235296,4.322036,8.154739
1760635059201,0.44745782,4.345964,8.140383
1760635059203,0.44745782,4.35075,8.111669
1760635059206,0.44805604,4.3794637,8.082955
1760635059209,0.48155555,4.3836513,8.059625
1760635059210,0.47198427,4.393821,8.026125
1760635059212,0.47736812,4.403392,8.006983
1760635059215,0.49172506,4.4225345,7.978867
1760635059217,0.45822555,4.4279184,7.978867
1760635059219,0.46301118,4.4081774,7.940582
1760635059221,0.4438686,4.3944187,7.9357963
1760635059224,0.44865423,4.4039903,7.9220376
1760635059226,0.4336991,4.3800616,7.893324
1760635059228,0.4336991,4.3800616,7.8741813
1760635059231,0.4432704,4.375276,7.8556366
1760635059233,0.40977088,4.356732,7.8604226
1760635059235,0.41455653,4.356732,7.8556366
1760635059237,0.41874397,4.342375,7.8460655
1760635059239,0.44745782,4.341777,7.8556366
1760635059242,0.43788654,4.341777,7.84128
1760635059244,0.45224348,4.3322053,7.8699937
1760635059246,0.48993045,4.3411784,7.8604226
1760635059249,0.47138608,4.3411784,7.8604226
1760635059251,0.50009996,4.354937,7.850851
1760635059253,0.509073,4.3501515,7.8556366
1760635059256,0.5288138,4.3645086,7.8741813
1760635059257,0.5192425,4.3836513,7.8646097
1760635059260,0.5102694,4.3932223,7.8604226
1760635059263,0.5096712,4.354937,7.8604226
1760635059265,0.50009996,4.3645086,7.8693953
1760635059267,0.49052864,4.360321,7.8699937
1760635059269,0.4953143,4.360321,7.8741813
1760635059271,0.48095736,4.345964,7.8460655
1760635059273,0.4755735,4.336393,7.850851
1760635059276,0.4851448,4.3268213,7.8317084
1760635059278,0.4755735,4.3316073,7.8035927
1760635059280,0.46121657,4.3178487,7.7940216
1760635059282,0.43728834,4.3034916,7.8083787
1760635059285,0.4325027,4.308277,7.789236
1760635059287,0.4325027,4.3034916,7.7796645
1760635059289,0.42771706,4.3040895,7.7700934
1760635059291,0.4229314,4.2945185,7.774879
1760635059294,0.41814575,4.299304,7.78445
1760635059296,0.41336012,4.289733,7.7940216
1760635059298,0.3894319,4.290331,7.798807
1760635059301,0.39421752,4.284947,7.8221374
1760635059302,0.39900318,4.2945185,7.826923
1760635059305,0.38464624,4.265805,7.836494
1760635059308,0.36610186,4.2951164,7.84128
1760635059309,0.3469593,4.2909293,7.8460655
1760635059312,0.34217364,4.305286,7.850851
1760635059313,0.33260235,4.281358,7.8604226
1760635059316,0.3182454,4.2909293,7.893324
1760635059318,0.3182454,4.295715,7.8981094
1760635059320,0.32303107,4.2909293,7.9076805
1760635059322,0.3188436,4.310072,7.912466
1760635059325,0.31405798,4.3148575,7.902895
1760635059327,0.33260235,4.305286,7.912466
1760635059329,0.33738798,4.305286,7.9220376
1760635059332,0.3278167,4.305286,7.94118
1760635059334,0.3469593,4.2999024,7.926823
1760635059336,0.36610186,4.2999024,7.945966
1760635059339,0.3804588,4.3040895,7.96451
1760635059341,0.40378883,4.29392,7.96451
1760635059343,0.40917268,4.3130627,7.96451
1760635059345,0.41336012,4.284349,7.9836526
1760635059348,0.40857446,4.2891345,7.9884386
1760635059350,0.4319045,4.278965,7.978867
1760635059352,0.44147578,4.278965,8.017152
1760635059354,0.46061835,4.273581,8.021938
1760635059356,0.46959144,4.2592244,8.036295
1760635059359,0.465404,4.2831526,8.050054
1760635059361,0.45104706,4.2646084,8.06441
1760635059363,0.46061835,4.2687955,8.073982
1760635059365,0.465404,4.2687955,8.078768
1760635059368,0.45583272,4.273581,8.09791
1760635059370,0.45104706,4.2831526,8.09791
1760635059372,0.44626144,4.278965,8.088339
1760635059374,0.44626144,4.2741795,8.078768
1760635059377,0.44685963,4.293322,8.093124
1760635059379,0.44626144,4.2837505,8.078768
1760635059382,0.42831525,4.3130627,8.045268
1760635059383,0.4229314,4.29392,8.054839
1760635059386,0.43669012,4.2646084,8.021938
1760635059389,0.4319045,4.2741795,8.007581
1760635059390,0.4223332,4.274778,7.9884386
1760635059393,0.4223332,4.260421,7.960323
1760635059395,0.4223332,4.260421,7.9651084
1760635059397,0.4223332,4.2556353,7.9363947
1760635059399,0.44147578,4.2837505,7.9220376
1760635059402,0.4749753,4.278965,7.902895
1760635059404,0.47018966,4.278965,7.8604226
1760635059406,0.47976094,4.2885365,7.850851
1760635059408,0.4989035,4.287938,7.8317084
1760635059411,0.50368917,4.2927237,7.81795
1760635059413,0.5084748,4.3118663,7.7940216
1760635059415,0.5084748,4.316652,7.7700934
1760635059418,0.5138587,4.331009,7.789236
1760635059420,0.48993045,4.3172503,7.7700934
1760635059423,0.4755735,4.336393,7.7461653
1760635059424,0.47138608,4.3465624,7.731808
1760635059427,0.46660042,4.341777,7.7180495
1760635059428,0.45702913,4.3465624,7.7180495
1760635059431,0.4426722,4.3519464,7.6941214
1760635059433,0.4426722,4.328018,7.698907
1760635059435,0.4139583,4.342375,7.7180495
1760635059438,0.39541394,4.347759,7.722835
1760635059440,0.35294133,4.3579283,7.731808
1760635059443,0.3290131,4.3537407,7.722835
1760635059445,0.32422748,4.358526,7.731808
1760635059447,0.3290131,4.3537407,7.7180495
1760635059449,0.31944183,4.368098,7.7270226
1760635059451,0.3290131,4.377669,7.7180495
1760635059453,0.31465617,4.3633122,7.7180495
1760635059456,0.32004002,4.382455,7.750951
1760635059458,0.32004002,4.392026,7.750951
1760635059460,0.3056831,4.4021955,7.760522
1760635059463,0.3152544,4.4021955,7.7461653
1760635059465,0.33439696,4.401597,7.774879
1760635059467,0.3487539,4.4057846,7.7796645
1760635059469,0.35832518,4.3962135,7.7886376
1760635059472,0.35353956,4.4057846,7.798209
1760635059474,0.35832518,4.3962135,7.8173513
1760635059476,0.38165522,4.386044,7.8029947
1760635059478,0.381057,4.3525443,7.789236
1760635059480,0.38584265,4.3525443,7.7940216
1760635059483,0.3906283,4.3525443,7.8029947
1760635059485,0.3714857,4.347759,7.8221374
1760635059488,0.36191443,4.3387856,7.812566
1760635059489,0.37627137,4.3334017,7.8035927
1760635059492,0.38524446,4.319045,7.7940216
1760635059494,0.3804588,4.3238306,7.798807
1760635059496,0.39960137,4.3334017,7.78445
1760635059499,0.40977088,4.3471603,7.78445
1760635059501,0.39960137,4.3088756,7.7700934
1760635059503,0.4139583,4.328018,7.765308
1760635059506,0.40917268,4.328018,7.760522
1760635059508,0.44207397,4.3178487,7.732406
1760635059510,0.43728834,4.298706,7.7180495
1760635059512,0.45164528,4.3130627,7.732406
1760635059515,0.45164528,4.298706,7.732406
1760635059517,0.4564309,4.298706,7.713264
1760635059519,0.44147578,4.2891345,7.6893353
1760635059521,0.44626144,4.269992,7.6941214
1760635059523,0.44147578,4.274778,7.6803627
1760635059526,0.45104706,4.2795634,7.6797643
1760635059528,0.4648058,4.260421,7.6660056
1760635059530,0.4749753,4.2741795,7.646863
1760635059532,0.48933223,4.278965,7.637292
1760635059535,0.48933223,4.278965,7.622935
1760635059537,0.48394838,4.2646084,7.6133633
1760635059540,0.48454657,4.278965,7.6133633
1760635059542,0.503091,4.2741795,7.5900335
1760635059544,0.52163535,4.254439,7.60439
1760635059546,0.5174479,4.2687955,7.609176
1760635059548,0.526421,4.2592244,7.5900335
1760635059551,0.53180486,4.2687955,7.6133633
1760635059553,0.51266223,4.2687955,7.6420774
1760635059555,0.5072784,4.249653,7.670791
1760635059557,0.526421,4.234698,7.708478
1760635059559,0.5312066,4.2442694,7.737192
1760635059562,0.5455636,4.2442694,7.81795
1760635059564,0.5599205,4.2484565,7.874779
1760635059566,0.5694918,4.238287,7.9363947
1760635059568,0.55513483,4.243671,8.012366
1760635059571,0.5455636,4.2341,8.045866
1760635059573,0.55034924,4.253242,8.059625
1760635059576,0.5407779,4.253242,8.083553
1760635059577,0.53659046,4.258028,8.054839
1760635059580,0.51266223,4.272983,8.031509
1760635059582,0.50787663,4.2681975,7.9980097
1760635059585,0.48873404,4.2687955,7.960323
1760635059587,0.47916272,4.26401,7.912466
1760635059589,0.48933223,4.2831526,7.865208
1760635059592,0.48454657,4.278965,7.826923
1760635059594,0.47976094,4.2885365,7.798807
1760635059596,0.5084748,4.287938,7.7940216
1760635059598,0.47976094,4.293322,7.8035927
1760635059600,0.48933223,4.2981076,7.8035927
1760635059602,0.47078785,4.322036,7.8317084
1760635059604,0.4755735,4.3316073,7.836494
1760635059607,0.50428736,4.331009,7.8460655
1760635059609,0.5138587,4.3357944,7.8556366
1760635059611,0.5282156,4.339982,7.8837523
1760635059613,0.53300124,4.339982,7.912466
1760635059616,0.57547385,4.334598,7.926823
1760635059618,0.5946164,4.3483567,7.9501534
1760635059620,0.65682983,4.366303,8.021339
1760635059623,0.68075806,4.3848476,8.097312
1760635059625,0.69092757,4.3992043,8.149356
1760635059627,0.6765706,4.3848476,8.197212
1760635059629,0.6478567,4.3758745,8.254042
1760635059632,0.6478567,4.3854456,8.268398
1760635059634,0.68075806,4.360321,8.282756
1760635059636,0.6903293,4.3794637,8.306086
1760635059638,0.70947194,4.374678,8.320442
1760635059640,0.69930243,4.35075,8.349156
1760635059643,0.68075806,4.3555355,8.373085
1760635059645,0.6233303,4.3519464,8.368299
1760635059647,0.57547385,4.3238306,8.353942
1760635059650,0.53240305,4.3148575,8.316256
1760635059652,0.4660022,4.316652,8.225926
1760635059654,0.45164528,4.2975097,8.159525
1760635059656,0.42771706,4.2885365,8.078768
1760635059659,0.4426722,4.322036,7.9980097
1760635059661,0.44685963,4.322036,7.9597244
1760635059663,0.44207397,4.3130627,7.9316087
1760635059665,0.46660042,4.336393,7.9220376
1760635059668,0.45224348,4.3555355,7.926823
1760635059670,0.4432704,4.3704906,7.94118
1760635059672,0.4528417,4.3944187,7.9597244
1760635059674,0.4444668,4.4279184,7.9740815
1760635059677,0.45882374,4.447061,7.9974113
1760635059679,0.45882374,4.4614177,7.9740815
1760635059681,0.44506502,4.475775,7.96451
1760635059683,0.4354937,4.49073,7.9357963
1760635059686,0.421735,4.5098724,7.926225
1760635059688,0.40737805,4.5008993,7.878967
1760635059690,0.38404804,4.5206404,7.8406816
1760635059692,0.4127619,4.5296135,7.8221374
1760635059695,0.3792624,4.5158544,7.7886376
1760635059697,0.38883367,4.525426,7.7413793
1760635059699,0.38404804,4.5206404,7.7126656
1760635059701,0.37507495,4.5451665,7.683952
1760635059704,0.37447673,4.5355954,7.6606216
1760635059706,0.37507495,4.554738,7.6462646
1760635059708,0.37567315,4.5834517,7.631908
1760635059710,0.37567315,4.578666,7.6462646
1760635059713,0.36131623,4.5888357,7.669595
1760635059715,0.35234314,4.622335,7.7126656
1760635059717,0.3379862,4.6175494,7.735996
1760635059719,0.34277186,4.6079783,7.769495
1760635059721,0.37627137,4.6169515,7.821539
1760635059724,0.4001996,4.63071,7.859824
1760635059726,0.40917268,4.601398,7.911868
1760635059728,0.40438703,4.5918264,7.9501534
1760635059731,0.39421752,4.5678983,7.973483
1760635059733,0.39421752,4.5487556,7.9926257
1760635059735,0.3702893,4.5397825,7.9501534
1760635059737,0.37447673,4.5158544,7.973483
1760635059740,0.36490545,4.5014977,7.9357963
1760635059742,0.36909288,4.4871407,7.902895
1760635059745,0.38404804,4.5062833,7.888538
1760635059746,0.3696911,4.5158544,7.888538
1760635059749,0.3792624,4.525426,7.8646097
1760635059751,0.38464624,4.558925,7.835896
1760635059753,0.38524446,4.578068,7.850253
1760635059756,0.3900301,4.578068,7.821539
1760635059758,0.3900301,4.592425,7.8071823
1760635059760,0.36191443,4.60738,7.7790666
1760635059762,0.36191443,4.60738,7.731808
1760635059764,0.35294133,4.6319065,7.6887374
1760635059767,0.32841492,4.6085763,7.683952
1760635059769,0.31405798,4.599005,7.669595
1760635059772,0.2847459,4.5613184,7.655836
1760635059774,0.27996024,4.5565324,7.6510506
1760635059776,0.28414768,4.5278187,7.6271224
1760635059779,0.25064817,4.5188456,7.641479
1760635059781,0.24107689,4.499703,7.641479
1760635059782,0.24586253,4.484748,7.6606216
1760635059785,0.25004998,4.4656053,7.6606216
1760635059787,0.24526432,4.456034,7.665407
1760635059789,0.28773692,4.4554358,7.698907
1760635059791,0.28295127,4.4554358,7.722237
1760635059794,0.3164508,4.4691944,7.731808
1760635059796,0.3589234,4.459025,7.750951
1760635059798,0.38285163,4.4392843,7.793423
1760635059801,0.38285163,4.4488554,7.8221374
1760635059804,0.401396,4.438686,7.84128
1760635059805,0.4211368,4.4524446,7.8741813
1760635059807,0.44865423,4.4279184,7.9076805
1760635059810,0.46839502,4.4374895,7.9076805
1760635059811,0.4438686,4.408776,7.9316087
1760635059814,0.48155555,4.3986063,7.9884386
1760635059816,0.47258246,4.403392,8.026125
1760635059818,0.48155555,4.3986063,8.011768
1760635059821,0.47676992,4.384249,8.045268
1760635059823,0.50069815,4.3788652,8.059625
1760635059825,0.49112684,4.402794,8.092526
1760635059827,0.47258246,4.4081774,8.087741
1760635059829,0.46779683,4.4081774,8.116454
1760635059832,0.47736812,4.412365,8.12124
1760635059834,0.4869394,4.426722,8.1020975
1760635059836,0.4671986,4.3932223,8.135597
1760635059839,0.45822555,4.4081774,8.126026
1760635059841,0.46779683,4.4081774,8.116454
1760635059843,0.46779683,4.4081774,8.126026
1760635059845,0.47198427,4.3932223,8.126026
1760635059848,0.4444668,4.4225345,8.111669
1760635059850,0.42951167,4.4039903,8.12124
1760635059852,0.43908295,4.408776,8.1020975
1760635059854,0.46301118,4.403392,8.092526
1760635059857,0.4534399,4.393821,8.106883
1760635059859,0.4959125,4.3932223,8.073982
1760635059861,0.4959125,4.388437,8.078169
1760635059863,0.5102694,4.383053,8.078169
1760635059865,0.53359944,4.3782673,8.092526
1760635059868,0.5341976,4.3926244,8.054839
1760635059870,0.552742,4.382455,8.054839
1760635059872,0.5766702,4.3968115,8.050054
1760635059875,0.5724828,4.4207397,8.026125
1760635059877,0.60059845,4.4057846,8.0404825
1760635059879,0.60059845,4.4057846,8.016554
1760635059882,0.59581286,4.386642,8.021339
1760635059883,0.567099,4.392026,8.006983
1760635059886,0.5479564,4.39741,8.016554
1760635059888,0.51445687,4.3836513,8.006983
1760635059890,0.51505506,4.388437,8.016554
1760635059893,0.5054838,4.3836513,8.026125
1760635059895,0.51445687,4.3495536,8.026125
1760635059897,0.5282156,4.3495536,8.050054
1760635059900,0.5282156,4.339982,8.054839
1760635059902,0.5192425,4.354339,8.083553
1760635059904,0.4851448,4.331009,8.083553
1760635059906,0.49052864,4.3501515,8.083553
1760635059909,0.49950173,4.339982,8.078768
1760635059911,0.50428736,4.3351965,8.054839
1760635059913,0.5138587,4.3208394,8.050054
1760635059916,0.50428736,4.325625,8.06441
1760635059917,0.51864433,4.325625,8.035697
1760635059920,0.5180461,4.3064823,8.054839
1760635059922,0.509073,4.3208394,8.083553
1760635059925,0.5138587,4.316054,8.06441
1760635059927,0.5180461,4.3112683,8.088339
1760635059930,0.47976094,4.2975097,8.073982
1760635059932,0.4989035,4.2969112,8.059625
1760635059933,0.50368917,4.282554,8.059625
1760635059936,0.5180461,4.2969112,8.088339
1760635059938,0.53659046,4.267599,8.102695
1760635059940,0.5461618,4.2723846,8.112267
1760635059942,0.5455636,4.2478585,8.130812
1760635059945,0.55513483,4.252644,8.140383
1760635059947,0.56530434,4.276572,8.145168
1760635059949,0.55513483,4.252644,8.140383
1760635059951,0.5557331,4.2717867,8.116454
1760635059954,0.56530434,4.286144,8.09791
1760635059956,0.57009,4.2909293,8.088339
1760635059958,0.57427746,4.267001,8.069196
1760635059961,0.57487565,4.281358,8.045268
1760635059963,0.5886344,4.276572,8.036295
1760635059965,0.6125626,4.2855453,8.012366
1760635059967,0.6131608,4.2951164,8.017152
1760635059969,0.6221339,4.2711883,7.978867
1760635059971,0.6269195,4.2759743,7.993224
1760635059974,0.6125626,4.261617,7.9980097
1760635059976,0.6125626,4.2855453,8.007581
1760635059979,0.6221339,4.2759743,7.9980097
1760635059981,0.6269195,4.2711883,7.978867
1760635059983,0.6263213,4.261617,7.978867
1760635059985,0.65024954,4.2610188,7.969894
1760635059988,0.6646065,4.269992,7.993224
1760635059990,0.64606214,4.2705903,7.969894
1760635059993,0.6269195,4.2711883,7.978867
1760635059994,0.6263213,4.246662,7.9836526
1760635059997,0.5886344,4.267001,8.012366
1760635059999,0.5838487,4.2574296,8.021938
1760635060001,0.57009,4.281358,8.002795
1760635060003,0.5796613,4.276572,8.04108
1760635060005,0.57487565,4.295715,8.0404825
1760635060008,0.5844469,4.310072,8.059625
1760635060010,0.5563313,4.3202415,8.054839
1760635060012,0.56111693,4.3202415,8.06441
1760635060015,0.5617151,4.348955,8.059625
1760635060017,0.55692947,4.348955,8.069196
1760635060019,0.5521438,4.358526,8.092526
1760635060022,0.55692947,4.3633122,8.073982
1760635060023,0.5712864,4.3674994,8.078768
1760635060026,0.57607204,4.3674994,8.078768
1760635060028,0.60000026,4.3818564,8.083553
1760635060030,0.58624154,4.391428,8.106883
1760635060032,0.6053841,4.3908296,8.130812
1760635060035,0.5766702,4.3962135,8.145168
1760635060037,0.5814559,4.3962135,8.12124
1760635060039,0.58624154,4.3962135,8.097312
1760635060042,0.5814559,4.4057846,8.073982
1760635060044,0.567099,4.406383,8.06441
1760635060046,0.5766702,4.382455,8.035697
1760635060048,0.5910272,4.3962135,8.021339
1760635060050,0.57188463,4.3872404,8.016554
1760635060053,0.567099,4.3872404,8.007581
1760635060055,0.5485546,4.4117665,7.9836526
1760635060057,0.5341976,4.421338,7.969296
1760635060060,0.5246264,4.412365,7.9597244
1760635060061,0.506082,4.426722,7.940582
1760635060065,0.52941203,4.4171505,7.917252
1760635060067,0.55334026,4.435695,7.902895
1760635060069,0.5395815,4.4458647,7.9076805
1760635060071,0.5353941,4.469793,7.921439
1760635060073,0.51086766,4.4458647,7.921439
1760635060075,0.5210371,4.4602213,7.9597244
1760635060077,0.52582276,4.479364,7.96451
1760635060080,0.48275197,4.470391,7.978867
1760635060082,0.49232325,4.470391,7.98784
1760635060085,0.5066802,4.479364,7.9740815
1760635060087,0.49232325,4.470391,7.9836526
1760635060089,0.4971089,4.4751763,8.006983
1760635060091,0.47856453,4.4751763,8.026125
1760635060093,0.45882374,4.456034,8.045268
1760635060095,0.44925246,4.4518466,8.050054
1760635060098,0.45882374,4.4464626,8.06441
1760635060100,0.45403808,4.4368916,8.06441
1760635060102,0.47318068,4.4368916,8.06441
1760635060104,0.48215377,4.4315076,8.082955
1760635060106,0.47318068,4.441677,8.06441
1760635060109,0.45882374,4.4464626,8.054839
1760635060111,0.46839502,4.4368916,8.059625
1760635060113,0.44925246,4.4374895,8.050054
1760635060116,0.4444668,4.447061,8.026125
1760635060118,0.4444668,4.4279184,8.002197
1760635060120,0.44925246,4.442275,8.011768
1760635060122,0.46301118,4.4321055,7.9836526
1760635060124,0.46839502,4.4368916,7.9836526
1760635060127,0.46779683,4.42732,7.969296
1760635060129,0.47258246,4.403392,7.9836526
1760635060132,0.47676992,4.393821,7.969296
1760635060134,0.46301118,4.4129634,7.969296
1760635060136,0.4869394,4.417749,7.9597244
1760635060138,0.48155555,4.403392,7.96451
1760635060140,0.485743,4.3645086,7.945966
1760635060143,0.5192425,4.3788652,7.9316087
1760635060145,0.53359944,4.3686957,7.917252
1760635060147,0.5377869,4.3447676,7.912466
1760635060149,0.5521438,4.3591247,7.893324
1760635060152,0.5617151,4.358526,7.9076805
1760635060154,0.5706882,4.3441696,7.9076805
1760635060156,0.58504516,4.334,7.912466
1760635060158,0.58983076,4.3483567,7.94118
1760635060161,0.60837513,4.3244286,7.94118
1760635060163,0.6089734,4.3387856,7.945966
1760635060165,0.6233303,4.3334017,7.9555373
1760635060167,0.637089,4.3238306,7.945966
1760635060170,0.61734825,4.290331,7.9555373
1760635060172,0.6125626,4.2855453,7.9507513
1760635060175,0.6125626,4.28076,7.978867
1760635060177,0.60777694,4.290331,7.9884386
1760635060179,0.60777694,4.2711883,7.993224
1760635060182,0.63170516,4.289733,8.026724
1760635060184,0.6269195,4.2855453,8.021938
1760635060186,0.63170516,4.2945185,8.031509
1760635060188,0.61734825,4.2855453,8.036295
1760635060191,0.5988039,4.2999024,8.021938
1760635060192,0.60358953,4.2951164,8.021938
1760635060195,0.5988039,4.290331,8.031509
1760635060197,0.5940182,4.290331,8.031509
1760635060199,0.58923256,4.295715,7.9980097
1760635060201,0.5796613,4.295715,7.993224
1760635060203,0.56530434,4.2963133,7.969894
1760635060206,0.5605187,4.2915273,7.9363947
1760635060208,0.54675996,4.301099,7.926823
1760635060210,0.5419743,4.3064823,7.9076805
1760635060212,0.53240305,4.3064823,7.884351
1760635060214,0.54675996,4.31067,7.912466
1760635060217,0.50428736,4.3262234,7.917252
1760635060219,0.5084748,4.316652,7.9220376
1760635060222,0.5180461,4.3112683,7.902895
1760635060224,0.5138587,4.321438,7.912466
1760635060226,0.5276174,4.3208394,7.917252
1760635060228,0.53240305,4.3208394,7.9220376
1760635060230,0.52283174,4.301697,7.912466
1760635060233,0.53659046,4.28734,7.9363947
1760635060235,0.5419743,4.301697,7.926823
1760635060237,0.5515456,4.31067,7.926823
1760635060240,0.54675996,4.31067,7.945966
1760635060242,0.5557331,4.301099,7.9363947
1760635060244,0.54675996,4.31067,7.9316087
1760635060246,0.56111693,4.31067,7.960323
1760635060249,0.5706882,4.3154554,7.9316087
1760635060251,0.5802595,4.3148575,7.9316087
1760635060253,0.5563313,4.31067,7.926823
1760635060255,0.56111693,4.3202415,7.926823
1760635060258,0.56590253,4.3202415,7.9220376
1760635060260,0.5706882,4.339384,7.912466
1760635060262,0.55692947,4.3441696,7.9316087
1760635060264,0.5706882,4.325027,7.9076805
1760635060267,0.5946164,4.3244286,7.8981094
1760635060269,0.5706882,4.325027,7.902895
1760635060271,0.56590253,4.325027,7.902895
1760635060274,0.57547385,4.325027,7.893324
1760635060276,0.57547385,4.334598,7.884351
1760635060278,0.5802595,4.3441696,7.902895
1760635060281,0.58504516,4.343571,7.9220376
1760635060282,0.5946164,4.3387856,7.9220376
1760635060285,0.59940207,4.343571,7.9076805
1760635060287,0.5802595,4.3441696,7.94118
1760635060289,0.5808577,4.358526,7.9363947
1760635060291,0.58564335,4.3633122,7.945966
1760635060294,0.5808577,4.3537407,7.9507513
1760635060296,0.5706882,4.3441696,7.9597244
1760635060298,0.56590253,4.325027,7.9507513
1760635060301,0.54735816,4.3447676,7.9316087
1760635060303,0.552742,4.3782673,7.912466
1760635060305,0.5288138,4.3782673,7.9076805
1760635060307,0.5383851,4.3686957,7.9076805
1760635060311,0.51505506,4.398008,7.8981094
1760635060312,0.49112684,4.403392,7.8741813
1760635060314,0.49172506,4.4321055,7.8693953
1760635060316,0.49172506,4.4464626,7.8646097
1760635060319,0.51565325,4.45065,7.859824
1760635060320,0.5066802,4.4656053,7.8460655
1760635060323,0.49232325,4.4608197,7.8317084
1760635060325,0.45882374,4.4518466,7.826923
1760635060327,0.44925246,4.447061,7.8221374
1760635060329,0.42532423,4.438088,7.812566
1760635060332,0.40618163,4.4243293,7.812566
1760635060334,0.424726,4.41416,7.84128
1760635060336,0.4103691,4.404588,7.8029947
1760635060338,0.39601216,4.4051867,7.7940216
1760635060341,0.40977088,4.366303,7.7796645
1760635060343,0.4001996,4.362116,7.798807
1760635060345,0.41874397,4.3328037,7.789236
1760635060348,0.43788654,4.336991,7.774879
1760635060350,0.44745782,4.3322053,7.81795
1760635060352,0.48095736,4.3555355,7.812566
1760635060354,0.47138608,4.3411784,7.836494
1760635060357,0.48095736,4.3555355,7.826923
1760635060359,0.50488555,4.3740797,7.836494
1760635060362,0.50488555,4.369294,7.850851
1760635060363,0.49052864,4.369892,7.878967
1760635060366,0.5192425,4.388437,7.8837523
1760635060368,0.5102694,4.388437,7.893324
1760635060370,0.51445687,4.388437,7.8741813
1760635060372,0.4863412,4.393821,7.865208
1760635060375,0.4959125,4.3986063,7.8646097
1760635060377,0.5054838,4.398008,7.8693953
1760635060379,0.4863412,4.4081774,7.893324
1760635060381,0.5102694,4.412365,7.878967
1760635060384,0.5246264,4.4171505,7.878967
1760635060386,0.51505506,4.421936,7.878967
1760635060388,0.50129634,4.42732,7.888538
1760635060390,0.48215377,4.4225345,7.8981094
1760635060393,0.47198427,4.403392,7.8741813
1760635060395,0.48215377,4.4129634,7.893324
1760635060397,0.4534399,4.3992043,7.902895
1760635060399,0.4534399,4.3992043,7.893324
1760635060402,0.46241298,4.3848476,7.878967
1760635060404,0.4528417,4.389633,7.865208
1760635060406,0.4438686,4.3944187,7.8556366
1760635060409,0.45822555,4.3992043,7.8646097
1760635060411,0.46301118,4.408776,7.836494
1760635060413,0.48215377,4.4225345,7.84128
1760635060415,0.47736812,4.432704,7.8173513
1760635060418,0.46779683,4.4374895,7.812566
1760635060420,0.49172506,4.417749,7.8029947
1760635060423,0.46779683,4.4374895,7.798209
1760635060425,0.47258246,4.4231324,7.8029947
1760635060427,0.48215377,4.4374895,7.7886376
1760635060429,0.49172506,4.4225345,7.793423
1760635060431,0.4863412,4.4129634,7.7796645
1760635060434,0.48215377,4.417749,7.793423
1760635060436,0.46779683,4.4279184,7.8173513
1760635060438,0.50069815,4.417749,7.798209
1760635060440,0.49172506,4.4464626,7.826923
1760635060443,0.48215377,4.42732,7.836494
1760635060445,0.5054838,4.4129634,7.84128
1760635060447,0.50129634,4.4225345,7.8556366
1760635060449,0.4959125,4.3890347,7.878967
1760635060451,0.5198407,4.402794,7.8693953
1760635060454,0.4959125,4.3986063,7.8837523
1760635060456,0.51505506,4.398008,7.8741813
1760635060458,0.5102694,4.398008,7.9076805
1760635060460,0.4959125,4.3836513,7.9220376
1760635060464,0.5096712,4.3788652,7.9363947
1760635060465,0.5240282,4.36391,7.9597244
1760635060467,0.5096712,4.3645086,7.9740815
1760635060469,0.50488555,4.369294,8.002795
1760635060471,0.49052864,4.3740797,8.030911
1760635060474,0.49052864,4.3740797,8.069196
1760635060476,0.49052864,4.354937,8.073982
1760635060478,0.5096712,4.354339,8.093124
1760635060481,0.4761717,4.354937,8.126026
1760635060483,0.4671986,4.3788652,8.130812
1760635060485,0.4761717,4.359723,8.12124
1760635060488,0.4671986,4.3740797,8.116454
1760635060489,0.45762733,4.384249,8.111669
1760635060492,0.45702913,4.360321,8.097312
1760635060494,0.46181476,4.345366,8.111669
1760635060497,0.45762733,4.3651066,8.088339
1760635060498,0.46660042,4.3555355,8.054839
1760635060501,0.49471608,4.3405805,8.059625
1760635060503,0.49950173,4.3208394,8.069196
1760635060505,0.48035914,4.3262234,8.045268
1760635060508,0.50368917,4.3112683,8.0404825
1760635060510,0.509073,4.330411,8.045268
1760635060513,0.52283174,4.3208394,8.0404825
1760635060514,0.5371887,4.3058844,8.0404825
1760635060517,0.56111693,4.31067,8.031509
1760635060519,0.56111693,4.3298125,8.017152
1760635060522,0.58504516,4.3387856,8.012366
1760635060524,0.60837513,4.3238306,7.9980097
1760635060525,0.6089734,4.3387856,7.993224
1760635060528,0.60837513,4.3238306,7.9884386
1760635060530,0.6233303,4.3525443,7.954939
1760635060532,0.6376872,4.3525443,7.96451
1760635060535,0.6376872,4.371687,7.9501534
1760635060537,0.6478567,4.3764725,7.96451
1760635060539,0.62811595,4.342973,7.969296
1760635060542,0.613759,4.3531427,7.96451
1760635060544,0.60000026,4.3579283,7.9740815
1760635060546,0.6041877,4.3292146,7.96451
1760635060548,0.5802595,4.3148575,7.9507513
1760635060550,0.56111693,4.3298125,7.9507513
1760635060553,0.54675996,4.3154554,7.9555373
1760635060555,0.5515456,4.31067,7.945966
1760635060557,0.5371887,4.3208394,7.9363947
1760635060560,0.5282156,4.3351965,7.9363947
1760635060562,0.509073,4.345366,7.9507513
1760635060564,0.5282156,4.3495536,7.926823
1760635060566,0.50488555,4.3645086,7.917252
1760635060569,0.5096712,4.3645086,7.912466
1760635060571,0.49112684,4.403392,7.902895
1760635060573,0.5246264,4.4075794,7.912466
1760635060575,0.5246264,4.412365,7.888538
1760635060578,0.50069815,4.402794,7.893324
1760635060580,0.5198407,4.421936,7.8741813
1760635060582,0.5246264,4.4171505,7.8460655
1760635060584,0.5198407,4.426722,7.8556366
1760635060587,0.5054838,4.4081774,7.84128
1760635060589,0.4869394,4.441677,7.8221374
1760635060591,0.48155555,4.4081774,7.812566
1760635060593,0.47198427,4.393821,7.8317084
1760635060595,0.46779683,4.408776,7.826923
1760635060598,0.4528417,4.3944187,7.8029947
1760635060600,0.44805604,4.3944187,7.826923
1760635060602,0.43848476,4.3800616,7.8221374
1760635060605,0.4336991,4.390231,7.8317084
1760635060607,0.44805604,4.389633,7.8460655
1760635060609,0.46241298,4.3944187,7.8460655
1760635060611,0.46779683,4.4081774,7.888538
1760635060613,0.47736812,4.4081774,7.8837523
1760635060616,0.50069815,4.3932223,7.8981094
1760635060618,0.50069815,4.4171505,7.917252
1760635060620,0.49172506,4.4225345,7.912466
1760635060623,0.4869394,4.417749,7.9076805
1760635060625,0.50129634,4.4368916,7.9076805
1760635060627,0.49651068,4.441677,7.9076805
1760635060629,0.49172506,4.4464626,7.917252
1760635060632,0.4971089,4.451248,7.917252
1760635060634,0.4869394,4.4321055,7.926823
1760635060637,0.47736812,4.42732,7.9501534
1760635060639,0.46301118,4.4279184,7.9316087
1760635060641,0.46301118,4.403392,7.9220376
1760635060643,0.4444668,4.4279184,7.940582
1760635060645,0.4109673,4.423731,7.926823
1760635060647,0.424726,4.4189453,7.9316087
1760635060650,0.401396,4.4189453,7.9316087
1760635060652,0.37746778,4.429115,7.917252
1760635060654,0.3822534,4.4195433,7.926823
1760635060656,0.35353956,4.4201417,7.926823
1760635060659,0.37268212,4.4195433,7.9316087
1760635060661,0.36311084,4.4243293,7.926823
1760635060663,0.37746778,4.4195433,7.9220376
1760635060665,0.37268212,4.4195433,7.912466
1760635060668,0.3822534,4.4243293,7.9220376
1760635060670,0.39182472,4.4093738,7.96451
1760635060672,0.40558344,4.3998027,7.9363947
1760635060675,0.43429732,4.389633,7.945368
1760635060677,0.43429732,4.389633,7.9597244
1760635060679,0.45822555,4.4081774,8.002795
1760635060681,0.485743,4.3645086,8.012366
1760635060683,0.51445687,4.3591247,8.0404825
1760635060686,0.5288138,4.3686957,8.0404825
1760635060688,0.5240282,4.3734818,8.059625
1760635060690,0.5377869,4.358526,8.083553
1760635060692,0.53300124,4.3537407,8.1020975
1760635060695,0.5377869,4.358526,8.12124
1760635060697,0.54735816,4.3537407,8.145168
1760635060699,0.5515456,4.3298125,8.135597
1760635060702,0.57547385,4.3148575,8.145168
1760635060704,0.57607204,4.3531427,8.149954
1760635060706,0.5706882,4.334,8.145168
1760635060709,0.54257256,4.339384,8.149954
1760635060711,0.55692947,4.3387856,8.154739
1760635060713,0.57607204,4.3579283,8.159525
1760635060715,0.57607204,4.343571,8.130812
1760635060728,0.5808577,4.362714,8.159525
1760635060728,0.5665008,4.3579283,8.145168
1760635060728,0.5665008,4.362714,8.135597
1760635060728,0.55692947,4.3537407,8.126026
1760635060728,0.54257256,4.3537407,8.1020975
1760635060728,0.54735816,4.3441696,8.106883
1760635060736,0.5282156,4.3495536,8.106883
1760635060737,0.509073,4.330411,8.073982
1760635060737,0.509073,4.330411,8.088339
1760635060737,0.5096712,4.3495536,8.069196
1760635060746,0.50428736,4.3351965,8.054839
1760635060746,0.49471608,4.331009,8.073982
1760635060746,0.49950173,4.3351965,8.050054
1760635060746,0.5138587,4.339982,8.030911
1760635060749,0.52342993,4.339982,8.026125
1760635060751,0.5138587,4.339982,8.021938
1760635060753,0.50428736,4.3351965,8.021938
1760635060755,0.53300124,4.3447676,8.002795
1760635060757,0.5288138,4.3591247,7.969296
1760635060760,0.54257256,4.354339,7.9740815
1760635060762,0.55692947,4.3537407,7.9597244
1760635060764,0.5521438,4.339384,7.9597244
1760635060767,0.5665008,4.3441696,7.9363947
1760635060769,0.5712864,4.3537407,7.917252
1760635060771,0.590429,4.3531427,7.917252
1760635060773,0.58564335,4.3537407,7.912466
1760635060776,0.5946164,4.3483567,7.9076805
1760635060778,0.590429,4.3537407,7.902895
1760635060780,0.6233303,4.362714,7.8981094
1760635060782,0.6047859,4.3722854,7.888538
1760635060785,0.59940207,4.3531427,7.878967
1760635060787,0.60000026,4.3579283,7.9076805
1760635060789,0.61435723,4.391428,7.893324
1760635060791,0.59581286,4.392026,7.8981094
1760635060793,0.58624154,4.3968115,7.902895
1760635060796,0.567099,4.406981,7.8981094
1760635060799,0.5623133,4.377669,7.8981094
1760635060800,0.55752766,4.4021955,7.893324
1760635060803,0.5479564,4.3926244,7.926823
1760635060805,0.54317075,4.383053,7.917252
1760635060807,0.5479564,4.3782673,7.888538
1760635060809,0.5383851,4.3926244,7.926823
1760635060811,0.55752766,4.3878384,7.926823
1760635060814,0.5383851,4.3878384,7.9076805
1760635060816,0.5192425,4.369294,7.902895
1760635060818,0.51445687,4.3788652,7.902895
1760635060820,0.5192425,4.3788652,7.9220376
1760635060823,0.5192425,4.3788652,7.926823
1760635060825,0.5198407,4.3932223,7.9597244
1760635060827,0.5198407,4.3932223,7.9597244
1760635060830,0.5198407,4.402794,7.954939
1760635060832,0.5192425,4.388437,7.9597244
1760635060834,0.50009996,4.3740797,7.9740815
1760635060836,0.5054838,4.3836513,7.9836526
1760635060838,0.4959125,4.3932223,7.9980097
1760635060841,0.5102694,4.3932223,7.9980097
1760635060843,0.5192425,4.3782673,7.9836526
1760635060845,0.50069815,4.3932223,7.9884386
1760635060848,0.52941203,4.39741,7.9884386
1760635060850,0.5288138,4.3782673,7.978867
1760635060852,0.5240282,4.3734818,7.9740815
1760635060854,0.5479564,4.3782673,7.9740815
1760635060857,0.55692947,4.358526,7.993224
1760635060859,0.5712864,4.3633122,7.969296
1760635060861,0.5808577,4.3633122,7.978867
1760635060863,0.58564335,4.3531427,7.969296
1760635060866,0.5946164,4.3531427,7.96451
1760635060868,0.6233303,4.3525443,7.9597244
1760635060870,0.6334998,4.371687,7.954939
1760635060872,0.6095716,4.3674994,7.969296
1760635060875,0.61435723,4.3674994,7.9507513
1760635060877,0.6095716,4.3818564,7.9363947
1760635060879,0.61435723,4.377071,7.9501534
1760635060882,0.5910272,4.3968115,7.9363947
1760635060884,0.61016977,4.400999,7.9363947
1760635060886,0.5772685,4.4207397,7.9316087
1760635060888,0.5910272,4.415954,7.9220376
1760635060890,0.59581286,4.4207397,7.912466
1760635060893,0.5814559,4.406383,7.9363947
1760635060895,0.56769717,4.415954,7.9501534
1760635060897,0.5623133,4.3968115,7.94118
1760635060899,0.5479564,4.3782673,7.945966
1760635060902,0.5288138,4.383053,7.9597244
1760635060904,0.5192425,4.3686957,7.993224
1760635060906,0.5192425,4.36391,7.9980097
1760635060908,0.48993045,4.3405805,8.017152
1760635060911,0.4953143,4.3501515,8.007581
1760635060913,0.48993045,4.331009,8.021938
1760635060916,0.50488555,4.3495536,8.035697
1760635060919,0.48993045,4.3357944,8.050054
1760635060921,0.49950173,4.3351965,8.045268
1760635060922,0.52342993,4.330411,8.069196
1760635060924,0.52342993,4.330411,8.06441
1760635060927,0.5138587,4.330411,8.083553
1760635060929,0.54257256,4.3298125,8.078768
1760635060931,0.55692947,4.348955,8.088339
1760635060934,0.5808577,4.3579283,8.093124
1760635060936,0.5712864,4.362714,8.078768
1760635060938,0.5766702,4.382455,8.030911
1760635060940,0.5766702,4.406383,8.016554
1760635060943,0.57188463,4.3968115,7.9884386
1760635060945,0.5766702,4.3872404,7.9740815
1760635060947,0.567099,4.3968115,7.94118
1760635060949,0.55752766,4.39741,7.9316087
1760635060952,0.55752766,4.3878384,7.926823
1760635060954,0.5623133,4.401597,7.945368
1760635060956,0.5485546,4.421338,7.940582
1760635060958,0.5246264,4.4075794,7.9316087
1760635060960,0.5102694,4.402794,7.926823
1760635060962,0.4869394,4.4129634,7.917252
1760635060965,0.47676992,4.403392,7.926823
1760635060967,0.46301118,4.4135613,7.8981094
1760635060970,0.46241298,4.3890347,7.902895
1760635060972,0.46301118,4.4135613,7.8837523
1760635060974,0.44865423,4.4039903,7.8460655
1760635060976,0.45822555,4.408776,7.850851
1760635060978,0.46301118,4.408776,7.8604226
1760635060981,0.46301118,4.4231324,7.8460655
1760635060983,0.47258246,4.432704,7.8693953
1760635060985,0.46779683,4.418347,7.850851
1760635060987,0.45822555,4.418347,7.8646097
1760635060990,0.46301118,4.4231324,7.8693953
1760635060992,0.46301118,4.418347,7.8981094
1760635060994,0.46301118,4.4135613,7.893324
1760635060996,0.4671986,4.3890347,7.893324
1760635060999,0.5054838,4.398008,7.888538
1760635061001,0.5102694,4.398008,7.893324
1760635061003,0.50009996,4.3740797,7.9220376
1760635061006,0.5383851,4.3926244,7.912466
1760635061008,0.552742,4.383053,7.940582
1760635061010,0.5766702,4.3872404,7.945368
1760635061012,0.58564335,4.3728833,7.9501534
1760635061014,0.61435723,4.391428,7.9363947
1760635061018,0.61435723,4.391428,7.969296
1760635061019,0.60000026,4.377071,7.978867
1760635061022,0.62871414,4.3764725,7.9597244
1760635061024,0.6430711,4.3812585,7.969296
1760635061026,0.6239285,4.395615,7.9740815
1760635061028,0.62871414,4.386044,7.9597244
1760635061030,0.6149554,4.3962135,7.96451
1760635061033,0.60059845,4.41057,7.9740815
1760635061035,0.5820541,4.415954,7.969296
1760635061037,0.56769717,4.4255257,7.954939
1760635061039,0.5485546,4.4261236,7.9740815
1760635061041,0.5347959,4.430909,7.969296
1760635061044,0.5246264,4.421936,7.969296
1760635061046,0.506082,4.426722,7.954939
1760635061048,0.49172506,4.4225345,7.978867
1760635061050,0.46301118,4.4129634,7.969296
1760635061053,0.4534399,4.418347,7.9884386
1760635061055,0.45822555,4.4081774,7.9884386
1760635061057,0.45822555,4.4081774,8.006983
1760635061060,0.47198427,4.3890347,8.011768
1760635061062,0.47258246,4.403392,8.021339
1760635061064,0.48155555,4.403392,8.021339
1760635061066,0.5102694,4.398008,8.021339
1760635061068,0.52941203,4.406981,8.054839
1760635061071,0.53359944,4.3734818,8.059625
1760635061073,0.54317075,4.382455,8.069196
1760635061075,0.55334026,4.406383,8.097312
1760635061077,0.58624154,4.391428,8.1020975
1760635061080,0.5916254,4.4201417,8.106883
1760635061082,0.60059845,4.41057,8.126026
1760635061085,0.60059845,4.4057846,8.140383
1760635061087,0.6149554,4.4195433,8.154141
1760635061089,0.62452674,4.4195433,8.149356
1760635061091,0.64905316,4.4428735,8.135597
1760635061094,0.6346962,4.453043,8.135597
1760635061096,0.6346962,4.4482574,8.149356
1760635061098,0.6257231,4.4721856,8.130812
1760635061100,0.6346962,4.4482574,8.140383
1760635061103,0.6203393,4.453043,8.135597
1760635061105,0.6161518,4.4727836,8.116454
1760635061107,0.62093747,4.476971,8.130812
1760635061109,0.63529444,4.4721856,8.139785
1760635061111,0.6161518,4.4727836,8.12124
1760635061114,0.6017949,4.4727836,8.111669
1760635061116,0.6113662,4.4727836,8.14457
1760635061118,0.6017949,4.4727836,8.126026
1760635061120,0.5922236,4.458427,8.12124
1760635061123,0.60598236,4.4488554,8.106883
1760635061125,0.587438,4.4632125,8.149356
1760635061127,0.587438,4.453641,8.139785
1760635061129,0.56350976,4.4685965,8.139785
1760635061132,0.5587241,4.459025,8.158927
1760635061134,0.56350976,4.459025,8.158927
1760635061137,0.55393845,4.4542394,8.1637125
1760635061139,0.5491528,4.4638104,8.1637125
1760635061141,0.58265233,4.4775696,8.154141
1760635061143,0.55453664,4.482953,8.149356
1760635061145,0.549751,4.473382,8.149356
1760635061148,0.56829536,4.473382,8.149356
1760635061150,0.55453664,4.482953,8.158927
1760635061152,0.5688936,4.49731,8.130213
1760635061154,0.5401797,4.478766,8.134998
1760635061156,0.5306084,4.4931226,8.134998
1760635061159,0.5312066,4.502694,8.134998
1760635061161,0.5306084,4.478766,8.106883
1760635061163,0.5312066,4.4979086,8.125427
1760635061165,0.5210371,4.4835515,8.116454
1760635061168,0.5168497,4.4889355,8.106883
1760635061170,0.526421,4.5128636,8.106883
1760635061172,0.5270192,4.5320063,8.097312
1760635061175,0.52223355,4.5272202,8.078169
1760635061177,0.50787663,4.5415773,8.082955
1760635061179,0.51266223,4.551149,8.059027
1760635061181,0.50368917,4.5565324,8.039884
1760635061184,0.4749753,4.5714874,8.030911
1760635061186,0.4941179,4.5613184,8.039884
1760635061188,0.47078785,4.5762734,8.026125
1760635061191,0.48933223,4.5804605,8.006983
1760635061192,0.48993045,4.5948176,8.011768
1760635061195,0.465404,4.566702,8.030911
1760635061197,0.4660022,4.5762734,8.021339
1760635061199,0.46121657,4.59063,8.026125
1760635061201,0.43728834,4.5912285,8.011768
1760635061204,0.43669012,4.552943,8.059027
1760635061206,0.4319045,4.5481577,8.039884
1760635061209,0.45583272,4.5475593,8.035697
1760635061210,0.45104706,4.5619164,8.04467
1760635061213,0.43669012,4.538586,8.059027
1760635061215,0.44626144,4.5332026,8.054241
1760635061217,0.46959144,4.5284166,8.054241
1760635061220,0.46899325,4.494319,8.054241
1760635061222,0.4977071,4.5038905,8.050054
1760635061224,0.5162515,4.4889355,8.059027
1760635061226,0.53599226,4.5074797,8.082955
1760635061229,0.549751,4.4835515,8.082955
1760635061231,0.5593223,4.473382,8.092526
1760635061233,0.59700924,4.467998,8.092526
1760635061235,0.6017949,4.4632125,8.097312
1760635061237,0.6017949,4.467998,8.097312
1760635061240,0.587438,4.458427,8.087741
1760635061242,0.6011967,4.4488554,8.116454
1760635061244,0.59641105,4.4392843,8.092526
1760635061247,0.5916254,4.44407,8.092526
1760635061249,0.587438,4.4632125,8.1020975
1760635061251,0.587438,4.4727836,8.111669
1760635061253,0.6011967,4.4488554,8.092526
1760635061255,0.59641105,4.4488554,8.12124
1760635061258,0.61076796,4.438686,8.139785
1760635061260,0.59641105,4.4488554,8.130812
1760635061262,0.58265233,4.458427,8.149356
1760635061265,0.61016977,4.4243293,8.135597
1760635061267,0.58683974,4.434499,8.126026
1760635061269,0.5820541,4.44407,8.126026
1760635061272,0.5916254,4.4488554,8.116454
1760635061273,0.56350976,4.449454,8.092526
1760635061276,0.58683974,4.434499,8.1020975
1760635061278,0.56350976,4.4542394,8.082955
1760635061281,0.56829536,4.4542394,8.06441
1760635061283,0.5491528,4.450052,8.059625
1760635061285,0.573081,4.4685965,8.0404825
1760635061287,0.5353941,4.4691944,8.016554
1760635061289,0.5306084,4.4889355,8.016554
1760635061291,0.52163535,4.4985065,8.011768
1760635061294,0.5168497,4.5224347,8.002197
1760635061296,0.53180486,4.5415773,8.021339
1760635061299,0.5174479,4.56072,8.030911
1760635061300,0.5180461,4.570291,8.049456
1760635061303,0.5132605,4.5852466,8.049456
1760635061306,0.5282156,4.6037908,8.04467
1760635061308,0.51864433,4.6085763,8.059027
1760635061310,0.4851448,4.6145587,8.04467
1760635061312,0.4953143,4.642674,8.068598
1760635061314,0.47198427,4.6528435,8.068598
1760635061316,0.45762733,4.638487,8.073383
1760635061319,0.4331009,4.619942,8.059027
1760635061321,0.44745782,4.6055856,8.068598
1760635061323,0.45224348,4.604987,8.039884
1760635061325,0.47018966,4.566702,8.039884
1760635061328,0.4749753,4.566702,8.030911
1760635061330,0.47916272,4.5373898,8.016554
1760635061332,0.50787663,4.536792,8.026125
1760635061334,0.5407779,4.5074797,8.035697
1760635061336,0.57906306,4.5355954,8.0404825
1760635061339,0.5838487,4.5355954,8.059027
1760635061341,0.6119644,4.5206404,8.087741
1760635061343,0.6221339,4.5397825,8.106883
1760635061345,0.6263213,4.520042,8.130213
1760635061348,0.6269195,4.5445685,8.149356
1760635061350,0.6263213,4.5248275,8.192427
1760635061352,0.6358926,4.520042,8.206185
1760635061355,0.6119644,4.510471,8.230113
1760635061357,0.61675006,4.520042,8.2348995
1760635061359,0.62153566,4.5152564,8.249256
1760635061361,0.59282184,4.511069,8.258827
1760635061363,0.57427746,4.53081,8.282157
1760635061366,0.57427746,4.53081,8.282157
1760635061368,0.5557331,4.5355954,8.272586
1760635061370,0.53659046,4.531408,8.2678
1760635061372,0.52223355,4.5505505,8.282157
1760635061375,0.50368917,4.5559344,8.2965145
1760635061377,0.48454657,4.570291,8.291729
1760635061380,0.47078785,4.5804605,8.310871
1760635061382,0.46121657,4.5804605,8.319844
1760635061384,0.42831525,4.6002016,8.305488
1760635061386,0.42831525,4.59063,8.329415
1760635061388,0.40438703,4.6055856,8.348558
1760635061391,0.3900301,4.5912285,8.343773
1760635061393,0.3906283,4.6055856,8.348558
1760635061395,0.3906283,4.610371,8.353344
1760635061397,0.4001996,4.610371,8.372486
1760635061400,0.42891344,4.6289153,8.381459
1760635061402,0.41455653,4.639085,8.391031
1760635061404,0.41934216,4.6432724,8.4197445
1760635061407,0.4432704,4.6289153,8.414959
1760635061409,0.45702913,4.6235313,8.434102
1760635061411,0.4863412,4.6468616,8.438289
1760635061413,0.4953143,4.6229334,8.452646
1760635061416,0.5198407,4.6558347,8.471788
1760635061418,0.52941203,4.66062,8.462217
1760635061420,0.53359944,4.651049,8.486146
1760635061422,0.5479564,4.6504507,8.471788
1760635061425,0.57188463,4.664808,8.4813595
1760635061430,0.567099,4.664808,8.509476
1760635061430,0.567099,4.6408796,8.509476
1760635061431,0.567099,4.645665,8.519047
1760635061434,0.5521438,4.631308,8.523832
1760635061436,0.54735816,4.6121655,8.519047
1760635061438,0.5377869,4.6169515,8.519047
1760635061441,0.55692947,4.6025944,8.510074
1760635061442,0.5419743,4.5834517,8.495717
1760635061445,0.56111693,4.5882373,8.457432
1760635061447,0.5802595,4.5972104,8.429316
1760635061449,0.5946164,4.601996,8.391031
1760635061451,0.6089734,4.606782,8.395817
1760635061454,0.6089734,4.616353,8.381459
1760635061456,0.6041877,4.592425,8.372486
1760635061459,0.5946164,4.606782,8.381459
1760635061461,0.57547385,4.60738,8.395817
1760635061463,0.5706882,4.6025944,8.381459
1760635061465,0.5706882,4.6025944,8.367701
1760635061467,0.5712864,4.621737,8.371888
1760635061469,0.55692947,4.6025944,8.362915
1760635061472,0.5617151,4.6265225,8.371888
1760635061474,0.55752766,4.6504507,8.367103
1760635061476,0.55752766,4.6504507,8.371888
1760635061479,0.55752766,4.6600223,8.386245
1760635061481,0.56769717,4.6935215,8.381459
1760635061483,0.5395815,4.703691,8.391031
1760635061485,0.5300102,4.7084765,8.395817
1760635061488,0.51565325,4.7138605,8.386245
1760635061490,0.51565325,4.718646,8.395817
1760635061492,0.4869394,4.6953163,8.381459
1760635061495,0.48215377,4.680959,8.357532
1760635061496,0.43429732,4.6576295,8.367103
1760635061499,0.41515473,4.663013,8.386245
1760635061501,0.39601216,4.6438704,8.438289
1760635061503,0.37686956,4.6342993,8.457432
1760635061505,0.3906283,4.619942,8.467003
1760635061508,0.40498522,4.619344,8.500503
1760635061510,0.41934216,4.62413,8.495717
1760635061512,0.42891344,4.618746,8.528618
1760635061515,0.45224348,4.6235313,8.542975
1760635061517,0.47138608,4.6325045,8.557332
1760635061519,0.50488555,4.622335,8.547761
1760635061521,0.53359944,4.645665,8.5525465
1760635061523,0.567099,4.6498528,8.542975
1760635061526,0.567099,4.6642094,8.5525465
1760635061528,0.567099,4.6689954,8.562118
1760635061530,0.5814559,4.6642094,8.571689
1760635061533,0.5814559,4.659424,8.571689
1760635061535,0.5479564,4.6552362,8.566903
1760635061537,0.5479564,4.6552362,8.595019
1760635061540,0.53359944,4.6552362,8.6141615
1760635061542,0.5383851,4.645665,8.633304
1760635061544,0.5246264,4.6600223,8.647661
1760635061546,0.51505506,4.6654058,8.666205
1760635061549,0.4959125,4.66062,8.657232
1760635061551,0.46779683,4.666004,8.6757765
1760635061553,0.46301118,4.6755753,8.685348
1760635061555,0.47676992,4.6612186,8.680562
1760635061557,0.44865423,4.690531,8.69492
1760635061560,0.4534399,4.6707897,8.670991
1760635061562,0.45822555,4.685147,8.651849
1760635061564,0.45822555,4.6803613,8.628518
1760635061567,0.42532423,4.705486,8.599805
1760635061569,0.43489552,4.715057,8.571091
1760635061571,0.43489552,4.7198424,8.566903
1760635061573,0.43968117,4.7048874,8.542975
1760635061575,0.44027936,4.729414,8.495118
1760635061578,0.43968117,4.7102714,8.486146
1760635061580,0.44027936,4.738985,8.462217
1760635061582,0.43130627,4.768297,8.443074
1760635061585,0.44027936,4.7581277,8.419147
1760635061587,0.4408776,4.7676992,8.395817
1760635061589,0.4456632,4.786842,8.381459
1760635061591,0.4319045,4.801797,8.391031
1760635061594,0.4223332,4.811368,8.391031
1760635061596,0.41754755,4.8065825,8.381459
1760635061598,0.40797627,4.807181,8.376674
1760635061601,0.38883367,4.7976093,8.376674
1760635061603,0.3792624,4.7976093,8.40479
1760635061605,0.3702893,4.807779,8.414361
1760635061607,0.37447673,4.7688956,8.423932
1760635061609,0.3696911,4.7838507,8.419147
1760635061611,0.3930211,4.759324,8.443074
1760635061614,0.3930211,4.7395835,8.447861
1760635061616,0.41694933,4.7539406,8.4813595
1760635061618,0.4354937,4.743771,8.467003
1760635061620,0.4354937,4.738985,8.499905
1760635061623,0.46839502,4.7096734,8.523832
1760635061625,0.4779663,4.718646,8.542975
1760635061627,0.4779663,4.7377887,8.56152
1760635061629,0.49232325,4.7138605,8.580662
1760635061632,0.4869394,4.685147,8.585447
1760635061634,0.5054838,4.679763,8.60459
1760635061636,0.5054838,4.679763,8.60459
1760635061639,0.51505506,4.670192,8.609376
1760635061641,0.5240282,4.6504507,8.60459
1760635061643,0.51505506,4.6558347,8.599805
1760635061645,0.5096712,4.6462636,8.60459
1760635061648,0.5240282,4.6265225,8.599805
1760635061650,0.52342993,4.6025944,8.586046
1760635061652,0.53300124,4.6121655,8.562118
1760635061654,0.5377869,4.60738,8.5525465
1760635061657,0.5371887,4.5930233,8.519645
1760635061659,0.5419743,4.5930233,8.514859
1760635061661,0.5419743,4.5882373,8.510074
1760635061664,0.5371887,4.578666,8.505288
1760635061666,0.5419743,4.5930233,8.4909315
1760635061668,0.5563313,4.5738807,8.476574
1760635061670,0.5515456,4.5930233,8.471788
1760635061672,0.56590253,4.5876393,8.467003
1760635061674,0.5706882,4.5972104,8.486146
1760635061677,0.54675996,4.5834517,8.4813595
1760635061679,0.5563313,4.5834517,8.495717
1760635061681,0.56111693,4.582854,8.519645
1760635061684,0.5605187,4.558925,8.510074
1760635061686,0.56111693,4.5732822,8.505288
1760635061688,0.56111693,4.578068,8.52443
1760635061690,0.5802595,4.582854,8.495717
1760635061693,0.58983076,4.592425,8.4909315
1760635061695,0.6089734,4.5918264,8.476574
1760635061697,0.6131608,4.5918264,8.467003
1760635061699,0.62811595,4.6061835,8.448459
1760635061702,0.637089,4.581657,8.4197445
1760635061704,0.6466603,4.581657,8.391629
1760635061706,0.62751776,4.587041,8.343773
1760635061708,0.6418747,4.5918264,8.334201
1760635061711,0.62751776,4.5918264,8.329415
1760635061713,0.6364908,4.5631127,8.310871
1760635061715,0.637089,4.5726843,8.2965145
1760635061717,0.6269195,4.5487556,8.272586
1760635061720,0.60777694,4.5391846,8.3013
1760635061722,0.60777694,4.5296135,8.2965145
1760635061724,0.5844469,4.558925,8.286943
1760635061726,0.57906306,4.5206404,8.286943
1760635061729,0.5838487,4.5302114,8.310871
1760635061731,0.5886344,4.5397825,8.310871
1760635061733,0.5844469,4.5541396,8.325228
1760635061735,0.5940182,4.558925,8.338987
1760635061738,0.57487565,4.563711,8.348558
1760635061740,0.57009,4.5732822,8.382058
1760635061742,0.5563313,4.5882373,8.391629
1760635061745,0.54675996,4.5834517,8.410173
1760635061747,0.5276174,4.5888357,8.429316
1760635061749,0.509073,4.598407,8.4197445
1760635061751,0.5084748,4.58405,8.414959
1760635061753,0.50428736,4.5936213,8.429316
1760635061756,0.4989035,4.579264,8.448459
1760635061758,0.48035914,4.5894337,8.429316
1760635061760,0.47078785,4.584648,8.42453
1760635061763,0.47078785,4.5798626,8.400602
1760635061764,0.4851448,4.5894337,8.391629
1760635061767,0.5132605,4.58405,8.391629
1760635061769,0.5084748,4.58405,8.391629
1760635061771,0.52342993,4.612764,8.343773
1760635061774,0.5096712,4.627719,8.343773
1760635061776,0.4953143,4.627719,8.338987
1760635061778,0.4953143,4.6325045,8.319844
1760635061781,0.5096712,4.6372905,8.282157
1760635061782,0.4953143,4.62413,7.978269
1760635061786,0.50488555,4.638487,7.7270226
1760635061787,0.4953143,4.6486564,7.7030945
1760635061789,0.5138587,4.633701,7.7647095
1760635061792,0.57547385,4.613362,7.845467
1760635061794,0.62751776,4.5834517,7.911868
1760635061796,0.64606214,4.5684967,7.9926257
1760635061799,0.63230336,4.5876393,8.087741
1760635061801,0.61734825,4.563711,8.134998
1760635061803,0.58923256,4.5738807,8.139785
1760635061805,0.57547385,4.597809,8.158927
1760635061808,0.5515456,4.5936213,8.2253275
1760635061810,0.53240305,4.5936213,8.310871
1760635061813,0.50428736,4.6037908,8.386245
1760635061814,0.49471608,4.5942197,8.453244
1760635061817,0.48035914,4.584648,8.4813595
1760635061819,0.4564309,4.5798626,8.495717
1760635061821,0.44685963,4.575675,8.505288
1760635061823,0.43788654,4.604389,8.4909315
1760635061825,0.42831525,4.5948176,8.500503
1760635061827,0.4235296,4.604987,8.4909315
1760635061829,0.4426722,4.604389,8.462217
1760635061832,0.4331009,4.6091747,8.462217
1760635061834,0.4331009,4.6139603,8.462217
1760635061836,0.4235296,4.595416,8.448459
1760635061839,0.39481574,4.581657,8.438888
1760635061841,0.4001996,4.6055856,8.414959
1760635061843,0.37627137,4.610371,8.4197445
1760635061845,0.3475575,4.610969,8.42453
1760635061848,0.35234314,4.615755,8.42453
1760635061850,0.36670008,4.6151567,8.457432
1760635061852,0.37208393,4.6342993,8.462217
1760635061854,0.357727,4.634897,8.495717
1760635061857,0.34337005,4.634897,8.510074
1760635061859,0.36729828,4.624728,8.514859
1760635061861,0.36191443,4.6151567,8.586046
1760635061864,0.35234314,4.610371,8.6757765
1760635061866,0.35712877,4.6002016,8.756535
1760635061868,0.3379862,4.6007996,8.846864
1760635061870,0.34337005,4.619344,8.894122
1760635061872,0.3385844,4.6145587,8.970094
1760635061875,0.33379877,4.62413,9.0131645
1760635061877,0.33379877,4.6289153,9.0747795
1760635061880,0.32004002,4.6342993,9.031709
1760635061882,0.32482567,4.653442,9.01795
1760635061884,0.32961133,4.653442,8.937193
1760635061886,0.33439696,4.6486564,8.832506
1760635061889,0.36729828,4.639085,8.642876
1760635061891,0.43788654,4.618746,8.434102
1760635061893,0.4851448,4.5948176,8.272586
1760635061895,0.5377869,4.6079783,8.187042
1760635061898,0.5844469,4.5834517,8.087741
1760635061900,0.6125626,4.554738,8.006983
1760635061902,0.6454639,4.534997,7.969296
