1760636047985,1001.1442
1760636048005,1001.1752
1760636048025,1001.32983
1760636048045,1001.433
1760636048065,1001.46564
1760636048085,1001.51984
1760636048105,1001.6747
1760636048126,1001.7372
1760636048146,1001.6963
1760636048166,1001.7066
1760636048185,1001.96765
1760636048205,1002.283
1760636048225,1002.1894
1760636048245,1002.0152
1760636048265,1001.78375
1760636048285,1002.0611
1760636048306,1002.5061
1760636048326,1002.5169
1760636048345,1002.137
1760636048365,1002.0742
1760636048385,1002.31177
1760636048405,1002.65424
1760636048425,1002.8711
1760636048445,1002.91907
1760636048465,1002.883
1760636048486,1002.52094
1760636048505,1002.2383
1760636048525,1002.655
1760636048545,1003.04596
1760636048565,1002.8328
1760636048585,1002.66254
1760636048606,1002.59283
1760636048625,1002.5178
1760636048646,1002.511
1760636048665,1002.4467
1760636048685,1002.4378
1760636048705,1002.3128
1760636048725,1002.3244
1760636048745,1002.2688
1760636048766,1001.96375
1760636048786,1001.79346
1760636048806,1002.16156
1760636048825,1001.9866
1760636048845,1000.97406
1760636048865,1000.2411
1760636048885,1000.1633
1760636048905,1000.21454
1760636048926,1000.21814
1760636048945,1000.1722
1760636048966,1000.1597
1760636048985,1000.1431
1760636049006,1000.1572
1760636049025,1000.18427
1760636049045,1000.21204
1760636049065,1000.2072
1760636049085,1000.2222
1760636049105,1000.2258
1760636049126,1000.2547
1760636049146,1000.2708
1760636049166,1000.27734
1760636049186,1000.28754
1760636049206,1000.3122
1760636049225,1000.33844
1760636049245,1000.35767
1760636049265,1000.4577
1760636049285,1000.5714
1760636049306,1000.60767
1760636049325,1000.5491
1760636049345,1000.593
1760636049365,1000.4869
1760636049385,1000.41876
1760636049405,1000.42456
1760636049425,1000.4463
1760636049446,1000.47375
1760636049466,1000.53253
1760636049485,1000.5619
1760636049505,1000.48236
1760636049525,1000.54816
1760636049545,1000.5763
1760636049565,1000.54266
1760636049586,1000.54877
1760636049606,1000.578
1760636049626,1000.54065
1760636049645,1000.5739
1760636049665,1000.5255
1760636049685,1000.4577
1760636049705,1000.60516
1760636049725,1000.5666
1760636049746,1000.60535
1760636049766,1000.59503
1760636049786,1000.59204
1760636049805,1000.6194
1760636049826,1000.65015
1760636049845,1000.6456
1760636049865,1000.6775
1760636049887,1000.6925
1760636049905,1000.66205
1760636049925,1000.67346
1760636049945,1000.66986
1760636049966,1000.7183
1760636049985,1000.72015
1760636050005,1000.71124
1760636050025,1000.7361
1760636050045,1000.73456
1760636050065,1000.77734
1760636050085,1000.77484
1760636050105,1000.7572
1760636050126,1000.78204
1760636050145,1000.77924
1760636050165,1000.80066
1760636050185,1000.823
1760636050205,1000.8305
1760636050225,1000.8244
1760636050246,1000.8206
1760636050265,1000.8322
1760636050286,1000.8274
1760636050305,1000.8305
1760636050325,1000.84644
1760636050345,1000.8308
1760636050365,1000.8083
1760636050385,1000.8333
1760636050405,1000.84143
1760636050425,1000.84937
1760636050446,1000.8533
1760636050465,1000.84283
1760636050485,1000.8627
1760636050505,1000.8955
1760636050525,1000.8736
1760636050545,1000.8886
1760636050565,1000.8931
1760636050586,1000.8842
1760636050606,1000.8977
1760636050626,1000.9336
1760636050645,1000.90564
1760636050665,1000.9083
1760636050685,1000.90173
1760636050706,1000.9503
1760636050726,1000.9417
1760636050745,1000.9394
1760636050766,1000.90796
1760636050786,1000.6544
1760636050806,1000.97406
1760636050825,1000.9489
1760636050846,1000.97656
1760636050865,1000.98737
1760636050885,1001.0911
1760636050906,1001.15894
1760636050925,1001.2361
1760636050946,1001.22156
1760636050965,1001.1536
1760636050985,1001.1213
1760636051006,1001.0979
1760636051025,1001.1444
1760636051045,1001.1985
1760636051066,1001.1458
1760636051086,1001.10675
1760636051106,1001.0685
1760636051125,1001.0522
1760636051145,1000.9435
1760636051165,1000.9044
1760636051185,1000.8883
1760636051206,1000.8942
1760636051226,1000.89813
1760636051246,1000.92816
1760636051266,1000.9711
1760636051285,1001.0095
1760636051305,1000.95593
1760636051325,1001.03345
1760636051345,1001.03973
1760636051365,1001.03894
1760636051385,1001.0705
1760636051405,1001.08923
1760636051426,1001.10236
1760636051445,1001.1228
1760636051465,1001.1155
1760636051485,1001.15985
1760636051505,1001.2122
1760636051525,1001.2619
1760636051545,1001.36005
1760636051566,1001.47284
1760636051586,1001.59924
1760636051605,1001.6455
1760636051625,1001.6719
1760636051645,1001.6794
1760636051665,1001.7692
1760636051685,1001.72363
1760636051705,1001.5144
1760636051726,1001.6163
1760636051747,1001.433
1760636051767,1001.3255
1760636051795,1001.21295
1760636051806,1001.04144
1760636051826,1000.9922
1760636051845,1001.0072
1760636051865,1001.0538
1760636051885,1001.16907
1760636051905,1001.251
1760636051926,1001.1914
1760636051945,1001.0047
1760636051965,1000.90875
1760636051986,1000.8794
1760636052005,1000.85767
1760636052025,1000.8133
1760636052045,1000.8269
1760636052066,1000.8835
1760636052086,1000.9927
1760636052105,1001.14703
1760636052125,1001.15643
1760636052145,1001.16986
1760636052165,1001.17206
1760636052185,1001.22687
1760636052205,1001.2656
1760636052225,1001.24097
1760636052246,1001.2566
1760636052265,1001.2656
1760636052286,1001.34015
1760636052305,1001.41406
1760636052325,1001.2716
1760636052345,1001.02094
1760636052365,1000.84125
1760636052385,1000.78516
1760636052406,1000.7585
1760636052425,1000.7525
1760636052446,1000.73926
1760636052465,1000.8247
1760636052485,1000.89453
1760636052505,1000.8674
1760636052525,1000.8306
1760636052545,1000.8905
1760636052566,1000.97546
1760636052586,1000.9577
1760636052605,1001.0008
1760636052625,1001.011
1760636052645,1001.0236
1760636052665,1001.11145
1760636052686,1001.17206
1760636052706,1001.22614
1760636052726,1001.33813
1760636052747,1001.51843
1760636052765,1001.72424
1760636052785,1001.881
1760636052805,1001.9336
1760636052826,1001.90375
1760636052845,1001.8569
1760636052865,1001.9963
1760636052885,1002.12103
1760636052906,1002.0419
1760636052925,1001.8728
1760636052945,1001.8752
1760636052965,1001.635
1760636052986,1001.4583
1760636053005,1001.2714
1760636053025,1001.10126
1760636053045,1001.1319
1760636053067,1001.11786
1760636053086,1001.078
1760636053105,1001.0783
1760636053125,1001.1288
1760636053146,1001.121
1760636053165,1000.9933
1760636053185,1000.863
1760636053206,1000.79266
1760636053227,1000.79425
1760636053245,1000.87177
1760636053265,1000.9461
1760636053285,1000.941
1760636053305,1000.8788
1760636053328,1000.90265
1760636053345,1000.97485
1760636053365,1000.97064
1760636053386,1000.988
1760636053407,1000.97815
1760636053425,1000.98505
1760636053446,1000.9596
1760636053466,1000.97064
1760636053485,1000.99036
1760636053506,1000.99927
1760636053526,1001.0214
1760636053546,1001.03033
1760636053566,1001.0069
1760636053585,1000.865
1760636053605,1000.77924
1760636053625,1000.72424
1760636053645,1000.68066
1760636053665,1000.66956
1760636053686,1000.71094
1760636053706,1000.78015
1760636053727,1000.80994
1760636053746,1000.73315
1760636053765,1000.7072
1760636053786,1000.72876
1760636053805,1000.85175
1760636053826,1000.9989
1760636053845,1000.9947
1760636053866,1000.9411
1760636053893,1000.9603
1760636053905,1001.1296
1760636053925,1001.2078
1760636053945,1001.20734
1760636053965,1001.29254
1760636053985,1001.3736
1760636054005,1001.5108
1760636054026,1001.6305
1760636054046,1001.7086
1760636054065,1001.83704
1760636054085,1001.905
1760636054105,1001.95703
1760636054125,1002.0983
1760636054145,1002.2041
1760636054165,1001.9419
1760636054185,1001.66473
1760636054206,1001.55426
1760636054225,1001.3235
1760636054245,1001.11816
1760636054265,1000.83984
1760636054285,1000.8277
1760636054305,1001.0019
1760636054325,1001.1314
1760636054345,1001.13
1760636054366,1001.0203
1760636054386,1000.9602
1760636054405,1000.8261
1760636054425,1000.66455
1760636054445,1000.5735
1760636054465,1000.5305
1760636054485,1000.64954
1760636054505,1000.78613
1760636054526,1000.91064
1760636054546,1000.99347
1760636054565,1001.018
1760636054585,1000.97845
1760636054605,1000.9661
1760636054625,1000.9686
1760636054645,1000.98126
1760636054666,1001.0072
1760636054686,1001.01984
1760636054706,1001.05707
1760636054726,1001.11176
1760636054745,1001.133
1760636054765,1001.1269
1760636054786,1001.16125
1760636054805,1001.1786
1760636054826,1001.1341
1760636054846,1001.02374
1760636054866,1000.9572
1760636054885,1000.91644
1760636054905,1000.78815
1760636054925,1000.6525
1760636054945,1000.5744
1760636054965,1000.4858
1760636054985,1000.4619
1760636055006,1000.4883
1760636055025,1000.4894
1760636055045,1000.5497
1760636055065,1000.618
1760636055085,1000.6364
1760636055105,1000.67505
1760636055125,1000.7081
1760636055145,1000.7175
1760636055166,1000.78125
1760636055186,1000.8799
1760636055207,1000.9202
1760636055226,1000.9375
1760636055245,1001.03625
1760636055265,1001.16656
1760636055285,1001.2605
1760636055306,1001.33093
1760636055326,1001.3961
1760636055347,1001.43427
1760636055366,1001.48267
1760636055385,1001.52985
1760636055406,1001.6939
1760636055425,1001.99316
1760636055445,1002.02844
1760636055465,1002.03687
1760636055485,1001.8591
1760636055506,1001.4977
1760636055526,1001.1464
1760636055545,1001.0561
1760636055566,1000.9453
1760636055585,1000.8978
1760636055605,1000.8877
1760636055625,1000.85016
1760636055645,1000.8763
1760636055666,1000.91174
1760636055687,1000.8472
1760636055706,1000.758
1760636055725,1000.6938
1760636055745,1000.6219
1760636055765,1000.61346
1760636055785,1000.65796
1760636055806,1000.6522
1760636055826,1000.6902
1760636055846,1000.8005
1760636055865,1000.9019
1760636055885,1000.9519
1760636055905,1000.9455
1760636055925,1000.96704
1760636055945,1001.0202
1760636055965,1001.03406
1760636055985,1001.04016
1760636056006,1001.02704
1760636056026,1001.0669
1760636056045,1001.1331
1760636056065,1001.1931
1760636056085,1001.1794
1760636056105,1001.04395
1760636056125,1000.97876
1760636056145,1000.92566
1760636056166,1000.7663
1760636056186,1000.6136
1760636056205,1000.54486
1760636056225,1000.4658
1760636056245,1000.43567
1760636056265,1000.4461
1760636056285,1000.4577
1760636056305,1000.48676
1760636056328,1000.5236
1760636056346,1000.5624
1760636056365,1000.5933
1760636056385,1000.60706
1760636056405,1000.6333
1760636056425,1000.65656
1760636056445,1000.6927
1760636056465,1000.74744
1760636056485,1000.8308
1760636056506,1000.8422
1760636056525,1000.9377
1760636056545,1001.08673
1760636056565,1001.1835
1760636056585,1001.2627
1760636056605,1001.27985
1760636056625,1001.33813
1760636056645,1001.41406
1760636056666,1001.5577
1760636056685,1001.5816
1760636056706,1001.5756
1760636056725,1001.5519
1760636056745,1001.3636
1760636056765,1001.1769
1760636056785,1000.9158
1760636056805,1000.8166
1760636056826,1000.80316
1760636056845,1000.8394
1760636056865,1000.8958
1760636056885,1000.9625
1760636056905,1000.9902
1760636056925,1000.9352
1760636056945,1000.81
1760636056966,1000.6552
1760636056986,1000.5255
1760636057006,1000.52
1760636057025,1000.5685
1760636057045,1000.65125
1760636057065,1000.6858
1760636057085,1000.7488
1760636057105,1000.8884
1760636057126,1000.9374
1760636057146,1000.8916
1760636057166,1000.8977
1760636057185,1000.8958
1760636057205,1000.9338
1760636057225,1000.96265
1760636057245,1000.9424
1760636057266,1001.0013
1760636057286,1001.03394
1760636057306,1000.9844
1760636057327,1000.8961
1760636057345,1000.85126
1760636057365,1000.73126
1760636057385,1000.60065
1760636057405,1000.5236
1760636057425,1000.4996
1760636057446,1000.49146
1760636057466,1000.46735
1760636057486,1000.5208
1760636057505,1000.5802
1760636057525,1000.59955
1760636057545,1000.5811
1760636057565,1000.5944
1760636057585,1000.6355
1760636057606,1000.6949
1760636057625,1000.67316
1760636057646,1000.7319
1760636057666,1000.8686
1760636057685,1000.97797
1760636057705,1001.09406
1760636057726,1001.22723
1760636057745,1001.35144
1760636057765,1001.46875
1760636057786,1001.5691
1760636057806,1001.6966
1760636057826,1001.811
1760636057845,1001.995
1760636057865,1002.0944
1760636057885,1001.7581
1760636057905,1001.48206
1760636057925,1001.2464
1760636057945,1001.0333
1760636057965,1000.9333
1760636057986,1000.86035
1760636058005,1000.838
1760636058025,1000.9233
1760636058045,1000.9552
1760636058065,1000.8864
1760636058085,1000.83923
1760636058105,1000.7697
1760636058125,1000.6741
1760636058146,1000.5714
1760636058165,1000.5589
1760636058185,1000.55426
1760636058205,1000.6813
1760636058225,1000.72284
1760636058245,1000.77924
1760636058265,1000.8002
1760636058286,1000.8835
1760636058306,1000.8339
1760636058325,1000.8909
1760636058345,1000.96735
1760636058365,1000.9966
1760636058385,1001.0336
1760636058405,1001.0344
1760636058426,1001.0106
1760636058445,1001.0575
1760636058466,1001.04596
1760636058485,1001.0558
1760636058505,1000.9697
1760636058525,1000.83563
1760636058545,1000.7524
1760636058565,1000.6913
1760636058586,1000.59125
1760636058606,1000.4897
1760636058625,1000.40985
1760636058647,1000.3971
1760636058665,1000.4044
1760636058685,1000.4453
1760636058705,1000.48016
1760636058726,1000.517
1760636058745,1000.54706
1760636058765,1000.6364
1760636058787,1000.68317
1760636058806,1000.6319
1760636058826,1000.6314
1760636058845,1000.67096
1760636058865,1000.7688
1760636058885,1000.86456
1760636058905,1000.9719
1760636058926,1001.1494
1760636058946,1001.3127
1760636058966,1001.54626
1760636058985,1001.6813
1760636059005,1001.7141
1760636059026,1001.7463
1760636059045,1001.7633
1760636059065,1001.77814
1760636059085,1001.9938
1760636059106,1002.2603
1760636059126,1001.98755
1760636059146,1001.68066
1760636059165,1001.5683
1760636059185,1001.58594
1760636059207,1001.29816
1760636059225,1001.3097
1760636059246,1000.98785
1760636059266,1000.7644
1760636059286,1000.702
1760636059305,1000.72784
1760636059325,1000.78613
1760636059345,1000.84485
1760636059365,1000.8608
1760636059385,1000.8675
1760636059405,1000.71124
1760636059425,1000.5358
1760636059446,1000.44
1760636059467,1000.386
1760636059486,1000.4386
1760636059505,1000.5747
1760636059525,1000.61847
1760636059545,1000.59454
1760636059565,1000.60315
1760636059585,1000.59796
1760636059605,1000.6345
1760636059626,1000.65955
1760636059645,1000.6547
1760636059665,1000.6166
1760636059685,1000.63
1760636059706,1000.66187
1760636059725,1000.6903
1760636059746,1000.7425
1760636059766,1000.7608
1760636059786,1000.8181
1760636059805,1000.85376
1760636059825,1000.80286
1760636059848,1000.71234
1760636059865,1000.60016
1760636059885,1000.5056
1760636059906,1000.46954
1760636059926,1000.41907
1760636059946,1000.40515
1760636059965,1000.3853
1760636059985,1000.3838
1760636060005,1000.40314
1760636060025,1000.4555
1760636060045,1000.4808
1760636060065,1000.47284
1760636060085,1000.5083
1760636060106,1000.5261
1760636060125,1000.5586
1760636060145,1000.5642
1760636060165,1000.5819
1760636060185,1000.6486
1760636060205,1000.6439
1760636060225,1000.6999
1760636060245,1000.6786
1760636060266,1000.66724
1760636060285,1000.7308
1760636060305,1000.8177
1760636060325,1000.91144
1760636060345,1001.0803
1760636060365,1001.1839
1760636060385,1001.3264
1760636060405,1001.3867
1760636060425,1001.3114
1760636060445,1001.0936
1760636060465,1000.9886
1760636060485,1001.0091
1760636060505,1000.91125
1760636060525,1000.7066
1760636060545,1000.59
1760636060565,1000.5283
1760636060586,1000.5786
1760636060607,1000.59894
1760636060625,1000.7525
1760636060645,1000.8256
1760636060665,1000.8872
1760636060685,1000.8249
1760636060705,1000.77783
1760636060726,1000.7733
1760636060746,1000.83734
1760636060766,1000.8794
1760636060785,1000.8847
1760636060805,1000.8861
1760636060825,1000.8892
1760636060845,1000.91266
1760636060865,1000.9608
1760636060885,1001.03125
1760636060905,1001.1275
1760636060926,1001.0646
1760636060945,1001.03406
1760636060965,1001.0019
1760636060985,1000.91016
1760636061005,1000.78064
1760636061025,1000.66144
1760636061045,1000.6138
1760636061066,1000.53705
1760636061086,1000.47955
1760636061105,1000.48285
1760636061125,1000.4628
1760636061145,1000.4299
1760636061166,1000.4431
1760636061185,1000.4544
1760636061206,1000.5071
1760636061226,1000.59265
1760636061246,1000.78937
1760636061266,1000.8044
1760636061285,1000.73157
1760636061305,1000.65784
1760636061325,1000.67926
1760636061345,1000.8245
1760636061365,1001.0011
1760636061385,1001.1186
1760636061406,1001.16266
1760636061426,1001.34216
1760636061445,1001.43097
1760636061465,1001.5064
1760636061485,1001.54297
1760636061506,1001.5627
1760636061526,1001.5069
1760636061545,1001.53937
1760636061566,1001.66376
1760636061586,1001.66016
1760636061605,1001.59924
1760636061625,1001.53253
1760636061646,1001.5803
1760636061666,1001.3883
1760636061685,1001.1938
1760636061705,1000.91266
1760636061726,1000.85297
1760636061747,1000.77484
1760636061766,1000.8641
1760636061785,1000.85516
1760636061805,1000.8372
1760636061838,1000.7976
1760636061854,1000.7216
1760636061866,1000.59766
1760636061885,1000.4927
1760636061906,1000.4513
1760636061925,1000.43207
1760636061945,1000.48346
1760636061965,1000.572
1760636061985,1000.66205
1760636062005,1000.74036
1760636062025,1000.78345
1760636062045,1000.77985
1760636062066,1000.80066
1760636062085,1000.8627
1760636062105,1000.91425
1760636062125,1000.9489
1760636062145,1000.9447
1760636062165,1000.98267
1760636062185,1001.017
1760636062206,1001.05286
1760636062226,1001.0585
1760636062246,1001.0552
1760636062265,1000.9514
1760636062285,1000.85846
1760636062305,1000.7524
1760636062325,1000.6464
1760636062345,1000.48737
1760636062365,1000.40265
1760636062385,1000.3594
1760636062406,1000.3808
1760636062425,1000.3735
1760636062445,1000.3919
1760636062465,1000.4383
1760636062485,1000.4407
1760636062505,1000.452
1760636062525,1000.47656
1760636062545,1000.5344
1760636062566,1000.5972
1760636062585,1000.59424
1760636062605,1000.61487
1760636062625,1000.66064
1760636062645,1000.77704
1760636062665,1000.8227
1760636062685,1000.9313
1760636062706,1001.0102
1760636062726,1001.0791
1760636062745,1001.16956
1760636062765,1001.22906
1760636062785,1001.3063
1760636062805,1001.3274
1760636062825,1001.3361
1760636062845,1001.43097
1760636062865,1001.6352
1760636062886,1001.6191
1760636062905,1001.5469
1760636062925,1001.6219
1760636062945,1001.2006
1760636062965,1001.0147
1760636062985,1000.8058
1760636063005,1000.70984
1760636063026,1000.626
1760636063046,1000.6908
1760636063066,1000.808
1760636063085,1000.8105
1760636063105,1000.8217
1760636063125,1000.7486
1760636063145,1000.6224
1760636063165,1000.4897
1760636063185,1000.3919
1760636063206,1000.37714
1760636063227,1000.43207
1760636063245,1000.54224
1760636063266,1000.61707
1760636063285,1000.65875
1760636063305,1000.66614
1760636063325,1000.7283
1760636063346,1000.77484
1760636063365,1000.7633
1760636063385,1000.77454
1760636063405,1000.78375
1760636063425,1000.798
1760636063445,1000.8225
1760636063465,1000.8558
1760636063485,1000.8814
1760636063505,1000.91315
1760636063526,1000.9338
1760636063546,1000.8842
1760636063565,1000.8316
1760636063585,1000.763
1760636063606,1000.6606
1760636063625,1000.53674
1760636063645,1000.4219
1760636063666,1000.3722
1760636063686,1000.33954
1760636063706,1000.33484
1760636063725,1000.358
1760636063745,1000.3785
1760636063765,1000.3914
1760636063785,1000.41766
1760636063806,1000.4335
1760636063825,1000.48254
1760636063846,1000.568
1760636063866,1000.5897
1760636063886,1000.60767
1760636063905,1000.66516
1760636063925,1000.7519
1760636063945,1000.85895
1760636063965,1000.9999
1760636063985,1000.9994
1760636064005,1001.0639
1760636064026,1001.1239
1760636064046,1001.16614
1760636064065,1001.2391
1760636064085,1001.31177
1760636064105,1001.3788
1760636064125,1001.5153
1760636064145,1001.6377
1760636064165,1001.7454
1760636064185,1001.7656
1760636064206,1001.7458
1760636064225,1001.6369
1760636064245,1001.1586
1760636064266,1000.9283
1760636064285,1000.6733
1760636064305,1000.5817
1760636064327,1000.51807
1760636064346,1000.5831
1760636064366,1000.6841
1760636064385,1000.745
1760636064405,1000.7441
1760636064425,1000.72174
1760636064445,1000.633
1760636064465,1000.4566
1760636064485,1000.36816
1760636064506,1000.35144
1760636064526,1000.41034
1760636064545,1000.6033
1760636064565,1000.65125
1760636064585,1000.6122
1760636064605,1000.6138
1760636064626,1000.65735
1760636064646,1000.72034
1760636064666,1000.7538
1760636064685,1000.7705
1760636064706,1000.78906
1760636064725,1000.79504
1760636064745,1000.8091
1760636064765,1000.833
1760636064785,1000.85925
1760636064805,1000.84424
1760636064825,1000.7972
1760636064846,1000.73676
1760636064867,1000.7103
1760636064885,1000.6911
1760636064905,1000.65875
1760636064925,1000.6033
1760636064945,1000.5163
1760636064965,1000.40234
1760636064985,1000.3158
1760636065006,1000.3533
1760636065026,1000.34204
1760636065045,1000.3803
1760636065065,1000.3663
1760636065085,1000.40985
1760636065105,1000.35535
1760636065125,1000.3991
1760636065145,1000.511
1760636065165,1000.5572
1760636065186,1000.5586
1760636065205,1000.5795
1760636065225,1000.678
1760636065245,1000.78656
1760636065265,1000.8191
1760636065285,1000.91296
1760636065305,1001.0094
1760636065326,1001.13
1760636065346,1001.2466
1760636065366,1001.3217
1760636065385,1001.40485
1760636065405,1001.5233
1760636065425,1001.61456
1760636065445,1001.7507
1760636065466,1001.72156
1760636065485,1001.733
1760636065506,1001.29315
1760636065525,1001.0294
1760636065545,1000.77765
1760636065565,1000.6805
1760636065585,1000.6306
1760636065605,1000.64703
1760636065626,1000.72455
1760636065646,1000.7577
1760636065666,1000.7034
1760636065686,1000.60767
1760636065705,1000.5216
1760636065725,1000.41144
1760636065745,1000.34235
1760636065765,1000.308
1760636065785,1000.328
1760636065806,1000.42505
1760636065826,1000.4407
1760636065846,1000.4497
1760636065865,1000.5058
1760636065885,1000.52625
1760636065905,1000.54425
1760636065925,1000.5778
1760636065945,1000.5658
1760636065965,1000.5872
1760636065986,1000.58093
1760636066006,1000.60614
1760636066025,1000.6108
1760636066045,1000.61395
1760636066065,1000.6428
1760636066085,1000.6758
1760636066105,1000.6433
1760636066126,1000.5572
1760636066146,1000.4936
1760636066166,1000.3719
1760636066185,1000.34924
1760636066206,1000.3102
1760636066226,1000.3169
1760636066246,1000.34656
1760636066265,1000.3294
1760636066286,1000.34125
1760636066306,1000.35864
1760636066326,1000.36285
1760636066345,1000.4058
1760636066365,1000.4495
1760636066385,1000.47345
1760636066405,1000.5077
1760636066425,1000.54895
1760636066445,1000.6942
1760636066465,1000.7427
1760636066486,1000.761
1760636066506,1000.8764
1760636066525,1001.03656
1760636066545,1001.1342
1760636066565,1001.2175
1760636066585,1001.2595
1760636066605,1001.3138
1760636066626,1001.4514
1760636066646,1001.5519
1760636066666,1001.6716
1760636066685,1001.67505
1760636066705,1001.6978
1760636066726,1001.60034
1760636066746,1001.23706
1760636066765,1000.86127
1760636066786,1000.6406
1760636066806,1000.5763
1760636066826,1000.613
1760636066845,1000.6697
1760636066866,1000.7002
1760636066885,1000.7564
1760636066905,1000.72644
1760636066925,1000.66394
1760636066945,1000.5792
1760636066965,1000.4441
1760636066986,1000.3161
1760636067005,1000.29144
1760636067025,1000.4258
1760636067045,1000.5744
1760636067065,1000.57983
1760636067085,1000.53925
1760636067105,1000.53625
1760636067126,1000.53613
1760636067146,1000.5647
1760636067165,1000.5502
1760636067185,1000.53204
1760636067205,1000.52704
1760636067225,1000.5522
1760636067245,1000.53845
1760636067265,1000.5044
1760636067286,1000.4891
1760636067306,1000.54236
1760636067326,1000.5494
1760636067345,1000.48047
1760636067365,1000.41235
1760636067385,1000.33624
1760636067405,1000.3175
1760636067425,1000.2783
1760636067446,1000.2716
1760636067466,1000.27594
1760636067485,1000.2691
1760636067505,1000.3172
1760636067525,1000.3755
1760636067545,1000.35815
1760636067565,1000.3939
1760636067585,1000.4886
1760636067605,1000.52374
1760636067626,1000.5746
1760636067646,1000.62427
1760636067665,1000.6866
1760636067685,1000.77594
1760636067705,1000.8644
1760636067725,1000.9422
1760636067745,1001.0036
1760636067765,1001.16315
1760636067786,1001.3231
1760636067806,1001.4375
1760636067826,1001.5611
1760636067846,1001.58594
1760636067865,1001.66864
1760636067886,1001.81415
1760636067905,1002.0038
1760636067925,1002.3025
1760636067946,1002.42035
1760636067966,1002.0836
1760636067985,1001.4891
1760636068005,1001.2141
1760636068025,1000.9419
1760636068045,1000.6841
1760636068065,1000.6188
1760636068085,1000.608
1760636068105,1000.63
1760636068126,1000.65564
1760636068146,1000.7041
1760636068165,1000.67236
1760636068185,1000.5825
1760636068205,1000.40424
1760636068225,1000.2369
1760636068245,1000.21674
1760636068266,1000.2986
1760636068286,1000.3663
1760636068306,1000.3689
1760636068325,1000.33594
1760636068345,1000.3166
1760636068365,1000.40533
1760636068385,1000.4578
1760636068405,1000.4563
1760636068425,1000.42096
1760636068446,1000.4383
1760636068466,1000.436
1760636068485,1000.4236
1760636068505,1000.41705
1760636068525,1000.42206
1760636068545,1000.41254
1760636068565,1000.4495
1760636068585,1000.4275
1760636068606,1000.35785
1760636068626,1000.27234
1760636068645,1000.22394
1760636068665,1000.1878
1760636068685,1000.22003
1760636068705,1000.24036
1760636068725,1000.23236
1760636068746,1000.2678
1760636068766,1000.28174
1760636068786,1000.28876
1760636068805,1000.28687
1760636068825,1000.41614
1760636068845,1000.46484
1760636068867,1000.4883
1760636068886,1000.53754
1760636068906,1000.6936
1760636068925,1000.85645
1760636068946,1000.958
1760636068965,1001.0163
1760636068985,1001.17505
1760636069005,1001.28253
1760636069025,1001.42285
1760636069045,1001.5305
1760636069066,1001.60626
1760636069085,1001.6977
1760636069106,1001.91614
1760636069126,1002.22034
1760636069145,1002.5125
1760636069165,1002.7114
1760636069185,1002.28485
1760636069205,1001.72064
1760636069226,1001.34314
1760636069245,1001.02454
1760636069267,1000.7819
1760636069286,1000.66455
1760636069305,1000.60114
1760636069325,1000.6367
1760636069345,1000.66626
1760636069365,1000.65515
1760636069385,1000.58453
1760636069405,1000.4335
1760636069425,1000.3572
1760636069446,1000.29346
1760636069465,1000.27
1760636069485,1000.35266
1760636069505,1000.4338
1760636069525,1000.35504
1760636069545,1000.3378
1760636069565,1000.40515
1760636069586,1000.49457
1760636069606,1000.5095
1760636069625,1000.5113
1760636069645,1000.45844
1760636069665,1000.4369
1760636069686,1000.42426
1760636069705,1000.4417
1760636069725,1000.4577
1760636069746,1000.47363
1760636069766,1000.5033
1760636069785,1000.5158
1760636069805,1000.47253
1760636069825,1000.3155
1760636069845,1000.1994
1760636069865,1000.148
1760636069887,1000.12177
1760636069905,1000.08844
1760636069925,1000.0706
1760636069947,1000.12
1760636069965,1000.10345
1760636069985,1000.10156
1760636070005,1000.1111
1760636070025,1000.1353
1760636070045,1000.16034
1760636070066,1000.14453
1760636070086,1000.1736
1760636070106,1000.197
1760636070125,1000.1964
1760636070145,1000.202
1760636070165,1000.2444
1760636070185,1000.2649
1760636070205,1000.33563
1760636070226,1000.3844
1760636070245,1000.42596
1760636070266,1000.5211
1760636070285,1000.6097
1760636070305,1000.6658
1760636070325,1000.71844
1760636070345,1000.7355
1760636070365,1000.7705
1760636070385,1000.8181
1760636070406,1000.85394
1760636070426,1000.91425
1760636070445,1001.0047
1760636070465,1001.1302
1760636070485,1001.29706
1760636070505,1001.35156
1760636070525,1001.3822
1760636070545,1001.4336
1760636070565,1001.46204
1760636070586,1001.2588
1760636070605,1001.04144
1760636070625,1000.7499
1760636070645,1000.60254
1760636070665,1000.3839
1760636070685,1000.16296
1760636070706,1000.1257
1760636070727,1000.1545
1760636070746,1000.3378
1760636070766,1000.4419
1760636070785,1000.3933
1760636070805,1000.2645
1760636070826,1000.23645
1760636070845,1000.2044
1760636070866,1000.2036
1760636070886,1000.2097
1760636070906,1000.23627
1760636070926,1000.28796
1760636070945,1000.2736
1760636070965,1000.2658
1760636070985,1000.27484
1760636071005,1000.28235
1760636071025,1000.2783
1760636071046,1000.273
1760636071066,1000.3025
1760636071086,1000.3163
1760636071105,1000.36536
1760636071125,1000.40985
1760636071146,1000.41534
1760636071165,1000.3863
1760636071185,1000.34344
1760636071205,1000.33453
1760636071226,1000.29456
1760636071246,1000.2416
1760636071265,1000.22546
1760636071285,1000.2111
1760636071305,1000.197
1760636071326,1000.2078
1760636071345,1000.2694
1760636071366,1000.2528
1760636071386,1000.273
1760636071405,1000.28937
1760636071425,1000.3239
1760636071445,1000.4033
1760636071465,1000.53375
1760636071485,1000.6133
1760636071505,1000.66754
1760636071525,1000.7433
1760636071545,1000.828
1760636071566,1000.8806
1760636071586,1000.93677
1760636071605,1001.0666
1760636071625,1001.2489
1760636071645,1001.3906
1760636071665,1001.4949
1760636071685,1001.73535
1760636071705,1001.9372
1760636071725,1001.95593
1760636071746,1001.9352
1760636071775,1001.8437
1760636071789,1001.59595
1760636071809,1001.9206
1760636071825,1001.9963
1760636071846,1001.6299
1760636071865,1001.1395
1760636071886,1000.6944
1760636071906,1000.47003
1760636071925,1000.4536
1760636071945,1000.3905
1760636071965,1000.3425
1760636071985,1000.3286
1760636072005,1000.3353
1760636072026,1000.3861
1760636072046,1000.28973
1760636072066,1000.2458
1760636072085,1000.2644
1760636072105,1000.2764
1760636072125,1000.28284
1760636072145,1000.343
1760636072165,1000.35657
1760636072185,1000.39734
1760636072206,1000.4413
1760636072227,1000.4407
1760636072245,1000.4625
1760636072265,1000.4505
1760636072285,1000.4505
1760636072305,1000.4556
1760636072325,1000.4614
1760636072346,1000.49036
1760636072366,1000.4469
1760636072386,1000.47095
1760636072405,1000.46954
1760636072425,1000.53204
1760636072445,1000.52094
1760636072465,1000.4522
1760636072485,1000.3269
1760636072505,1000.2697
1760636072525,1000.233
1760636072546,1000.14453
1760636072566,1000.10095
1760636072585,1000.09515
1760636072606,1000.11127
1760636072625,1000.1475
1760636072645,1000.1364
1760636072665,1000.17346
1760636072685,1000.1966
1760636072706,1000.21515
1760636072726,1000.21674
1760636072745,1000.26953
1760636072765,1000.3102
1760636072785,1000.3716
1760636072805,1000.4466
1760636072825,1000.5038
1760636072846,1000.6363
1760636072867,1000.72375
1760636072886,1000.8166
1760636072906,1000.8261
1760636072925,1000.8275
1760636072945,1000.923
1760636072965,1001.03644
1760636072985,1001.1174
1760636073006,1001.1683
1760636073026,1001.28534
1760636073046,1001.27814
1760636073065,1001.3721
1760636073085,1001.5003
1760636073107,1001.59784
1760636073125,1001.3283
1760636073145,1001.21765
1760636073165,1001.1222
1760636073186,1001.0555
1760636073206,1000.7211
1760636073225,1000.5236
1760636073245,1000.403
1760636073265,1000.31177
1760636073285,1000.39594
1760636073306,1000.3989
1760636073325,1000.4375
1760636073346,1000.48254
1760636073366,1000.41754
1760636073386,1000.3572
1760636073406,1000.2556
1760636073425,1000.18567
1760636073445,1000.1397
1760636073465,1000.16907
1760636073485,1000.2061
1760636073506,1000.2045
1760636073526,1000.2222
1760636073546,1000.2422
1760636073565,1000.28424
1760636073585,1000.28986
1760636073605,1000.3405
1760636073625,1000.3317
1760636073646,1000.3124
1760636073665,1000.29956
1760636073686,1000.3163
1760636073706,1000.3214
1760636073725,1000.3005
1760636073745,1000.29895
1760636073765,1000.2822
1760636073785,1000.3208
1760636073806,1000.3408
1760636073826,1000.2631
1760636073847,1000.2006
1760636073866,1000.1788
1760636073885,1000.15234
1760636073906,1000.15533
1760636073925,1000.1475
1760636073945,1000.1456
1760636073965,1000.1561
1760636073985,1000.15125
1760636074006,1000.17566
1760636074026,1000.20953
1760636074045,1000.2089
1760636074065,1000.255
1760636074085,1000.23047
1760636074105,1000.29315
1760636074125,1000.36176
1760636074145,1000.3922
1760636074166,1000.4794
1760636074186,1000.57904
1760636074207,1000.7116
1760636074225,1000.8255
1760636074246,1000.8652
1760636074265,1000.9407
1760636074285,1001.0052
1760636074305,1001.0972
1760636074326,1001.14484
1760636074346,1001.21423
1760636074367,1001.3177
1760636074386,1001.3283
1760636074406,1001.4316
1760636074425,1001.61816
1760636074445,1001.8185
1760636074465,1001.84424
1760636074485,1001.5574
1760636074506,1001.3942
1760636074526,1001.1933
1760636074545,1001.0072
1760636074565,1000.91345
1760636074585,1000.578
1760636074605,1000.40125
1760636074625,1000.3849
1760636074646,1000.4541
1760636074666,1000.4511
1760636074687,1000.4347
1760636074705,1000.48285
1760636074725,1000.3661
1760636074745,1000.2666
1760636074765,1000.1399
1760636074785,1000.0781
1760636074805,1000.0775
1760636074826,1000.10516
1760636074847,1000.10754
1760636074865,1000.1213
1760636074885,1000.10516
1760636074906,1000.15125
1760636074925,1000.22266
1760636074945,1000.321
1760636074965,1000.3085
1760636074985,1000.3161
1760636075006,1000.3391
1760636075026,1000.363
1760636075045,1000.3638
1760636075066,1000.36707
1760636075086,1000.3391
1760636075105,1000.365
1760636075125,1000.35394
1760636075146,1000.3761
1760636075166,1000.3297
1760636075186,1000.28033
1760636075205,1000.22784
1760636075225,1000.16064
1760636075245,1000.1447
1760636075265,1000.1238
1760636075285,1000.10657
1760636075306,1000.142
1760636075327,1000.11237
1760636075346,1000.1406
1760636075365,1000.1439
1760636075385,1000.1941
1760636075405,1000.2499
1760636075425,1000.308
1760636075445,1000.36926
1760636075465,1000.3719
1760636075486,1000.47565
1760636075506,1000.58563
1760636075525,1000.6986
1760636075545,1000.79675
1760636075565,1000.8691
1760636075585,1000.93567
1760636075606,1001.02515
1760636075625,1001.0742
1760636075645,1001.1361
1760636075666,1001.17706
1760636075685,1001.2017
1760636075705,1001.2611
1760636075726,1001.4491
1760636075745,1001.65
1760636075765,1001.7358
1760636075785,1001.59924
1760636075806,1001.2005
1760636075826,1000.90063
1760636075846,1000.5745
1760636075865,1000.4655
1760636075885,1000.35004
1760636075905,1000.3303
1760636075925,1000.3302
1760636075945,1000.41785
1760636075965,1000.35205
1760636075986,1000.35876
1760636076006,1000.2983
1760636076025,1000.1519
1760636076045,1000.03625
1760636076065,1000.0197
1760636076085,1000.0775
1760636076105,1000.10864
1760636076125,1000.1255
1760636076146,1000.1091
1760636076166,1000.15485
1760636076185,1000.2055
1760636076205,1000.22546
1760636076225,1000.2606
1760636076245,1000.2571
1760636076265,1000.22736
1760636076286,1000.21344
1760636076306,1000.22156
1760636076327,1000.22534
1760636076345,1000.23676
1760636076365,1000.2527
1760636076385,1000.2514
1760636076405,1000.2719
1760636076425,1000.251
1760636076446,1000.1907
1760636076465,1000.1839
1760636076486,1000.1388
1760636076505,1000.09015
1760636076526,1000.0889
1760636076545,1000.11646
1760636076565,1000.0844
1760636076585,1000.10986
1760636076606,1000.14105
1760636076626,1000.14813
1760636076646,1000.1822
1760636076665,1000.278
1760636076685,1000.278
1760636076705,1000.29425
1760636076725,1000.3041
1760636076745,1000.3199
1760636076765,1000.4405
1760636076786,1000.59485
1760636076807,1000.7505
1760636076826,1000.86566
1760636076845,1000.9314
1760636076866,1001.028
1760636076885,1001.1344
1760636076905,1001.1869
1760636076925,1001.2344
1760636076945,1001.2766
1760636076965,1001.2622
1760636076986,1001.22766
1760636077005,1001.3258
1760636077025,1001.4958
1760636077045,1001.85846
1760636077065,1001.7986
1760636077085,1001.4583
1760636077106,1001.1815
1760636077125,1000.91254
1760636077146,1000.7424
1760636077165,1000.5227
1760636077185,1000.3175
1760636077205,1000.3258
1760636077225,1000.3761
1760636077245,1000.3931
1760636077266,1000.4208
1760636077286,1000.4268
1760636077306,1000.2958
1760636077325,1000.16425
1760636077345,1000.0714
1760636077365,1000.0758
1760636077385,1000.1335
1760636077405,1000.1544
1760636077425,1000.10864
1760636077445,1000.09985
1760636077466,1000.15125
1760636077485,1000.22455
1760636077505,1000.2488
1760636077525,1000.29456
1760636077546,1000.3217
1760636077566,1000.36346
1760636077585,1000.3594
1760636077606,1000.32605
1760636077626,1000.34595
1760636077646,1000.43646
1760636077666,1000.4819
1760636077685,1000.4469
1760636077705,1000.4466
1760636077726,1000.36816
1760636077745,1000.2594
1760636077767,1000.16724
1760636077786,1000.1303
1760636077806,1000.09125
1760636077825,1000.03424
1760636077845,999.97546
1760636077865,999.9888
1760636077885,1000.0116
1760636077905,1000.03174
1760636077925,1000.0127
1760636077945,1000.0119
1760636077966,1000.0158
1760636077985,1000.0689
1760636078005,1000.08704
1760636078025,1000.11707
1760636078045,1000.1969
1760636078065,1000.2475
1760636078085,1000.29987
1760636078105,1000.4378
1760636078126,1000.5897
1760636078145,1000.7011
1760636078165,1000.7669
1760636078185,1000.91675
1760636078205,1001.03864
1760636078225,1001.22675
1760636078245,1001.4236
1760636078265,1001.5275
1760636078286,1001.5745
1760636078305,1001.76
1760636078325,1001.9969
1760636078345,1001.8655
1760636078365,1001.6316
1760636078385,1001.2755
1760636078406,1001.0222
1760636078425,1000.55286
1760636078445,1000.40753
1760636078466,1000.3203
1760636078485,1000.1985
1760636078505,1000.2283
1760636078526,1000.3103
1760636078545,1000.3288
1760636078565,1000.29047
1760636078586,1000.1988
1760636078606,1000.03546
1760636078626,999.9169
1760636078645,999.89813
1760636078665,999.9347
1760636078686,999.9989
1760636078705,1000.0205
1760636078725,1000.05457
1760636078745,1000.04596
1760636078766,1000.09625
1760636078786,1000.2078
1760636078805,1000.3097
1760636078825,1000.2747
1760636078845,1000.2502
1760636078865,1000.2013
1760636078886,1000.16187
1760636078906,1000.16785
1760636078925,1000.15314
1760636078946,1000.16235
1760636078965,1000.1214
1760636078985,1000.066
1760636079005,1000.0294
1760636079025,1000.0069
1760636079045,999.98236
1760636079065,999.95
1760636079086,999.9431
1760636079107,999.97687
1760636079125,999.97736
1760636079145,1000.0063
1760636079165,1000.0261
1760636079185,1000.04895
1760636079205,1000.0283
1760636079225,1000.0564
1760636079245,1000.10016
1760636079266,1000.1409
1760636079287,1000.1648
1760636079305,1000.1797
1760636079325,1000.28644
1760636079345,1000.41284
1760636079365,1000.5219
1760636079385,1000.613
1760636079406,1000.66815
1760636079426,1000.7585
1760636079446,1000.91986
1760636079465,1001.0228
1760636079485,1001.15094
1760636079505,1001.2691
1760636079525,1001.39703
1760636079545,1001.5758
1760636079566,1001.80597
1760636079586,1002.0694
1760636079607,1002.0486
1760636079625,1001.53674
1760636079645,1001.0905
1760636079665,1000.8619
1760636079685,1000.40234
1760636079706,1000.23895
1760636079726,1000.21313
1760636079745,1000.22644
1760636079766,1000.35486
1760636079785,1000.3711
1760636079805,1000.34174
1760636079825,1000.28516
1760636079845,1000.1272
1760636079865,999.9602
1760636079885,999.8677
1760636079906,999.9314
1760636079926,1000.10175
1760636079945,1000.1935
1760636079965,1000.20734
1760636079985,1000.1964
1760636080005,1000.24457
1760636080025,1000.21674
1760636080045,1000.22906
1760636080066,1000.23425
1760636080086,1000.23926
1760636080107,1000.2427
1760636080125,1000.20483
1760636080145,1000.1978
1760636080165,1000.1872
1760636080185,1000.17316
1760636080205,1000.1952
1760636080225,1000.15814
1760636080246,1000.0813
1760636080266,1000.0128
1760636080285,999.9564
1760636080305,999.8983
1760636080325,999.85315
1760636080345,999.878
1760636080365,999.8969
1760636080386,999.9176
1760636080407,999.955
1760636080427,999.97363
1760636080445,999.96313
1760636080465,999.97864
1760636080485,999.9966
1760636080505,1000.10345
1760636080525,1000.15906
1760636080545,1000.1342
1760636080566,1000.10803
1760636080586,1000.1928
1760636080605,1000.30426
1760636080625,1000.41675
1760636080645,1000.49457
1760636080665,1000.55536
1760636080685,1000.7091
1760636080705,1000.8739
1760636080726,1001.06
1760636080747,1001.2555
1760636080765,1001.5091
1760636080785,1001.7031
1760636080805,1001.90875
1760636080825,1002.2436
1760636080846,1002.7522
1760636080866,1002.71985
1760636080885,1002.5663
1760636080906,1002.2719
1760636080928,1001.7066
1760636080945,1001.5716
1760636080965,1000.85657
1760636080985,1000.4519
1760636081005,1000.41364
1760636081025,1000.23364
1760636081045,1000.1399
1760636081066,1000.17285
1760636081086,1000.21906
1760636081105,1000.17267
1760636081125,1000.04425
1760636081145,999.9308
1760636081166,999.825
1760636081185,999.77924
1760636081206,999.74176
1760636081226,999.7597
1760636081246,999.705
1760636081265,999.6992
1760636081285,999.7486
1760636081305,999.7858
1760636081326,999.8188
1760636081345,999.8281
1760636081365,999.84015
1760636081386,999.8283
1760636081406,999.79376
1760636081425,999.822
1760636081445,999.84766
1760636081465,999.8872
1760636081485,999.90204
1760636081505,999.9452
1760636081525,999.98047
1760636081546,1000.0019
1760636081566,1000.0119
1760636081585,1000.0097
1760636081605,1000.0264
1760636081625,999.97784
1760636081645,999.9547
1760636081665,999.9458
1760636081685,999.9086
1760636081705,999.8785
1760636081741,999.86176
1760636081780,999.84924
1760636081805,999.8722
1760636081845,999.913
1760636081886,999.9681
1760636081926,1000.0092
1760636081965,999.99927
1760636082005,1000.0211
1760636082046,1000.0537
1760636082085,1000.13556
1760636082125,1000.13367
1760636082165,1000.1829
1760636082206,1000.3168
1760636082246,1000.3691
1760636082285,1000.5663
1760636082325,1000.46747
1760636082366,1000.3579
1760636082405,1000.1346
1760636082445,1000.05896
1760636082485,1000.12225
1760636082526,1000.114
1760636082565,1000.0626
1760636082605,1000.0808
1760636082645,1000.18066
1760636082686,1000.2853
1760636082726,1000.2712
1760636082765,1000.3048
1760636082806,1000.324
1760636082846,1000.36176
1760636082886,1000.3032
1760636082925,1000.2132
1760636082965,1000.1419
1760636083005,1000.06604
1760636083046,999.9978
1760636083085,999.9877
1760636083125,1000.0182
1760636083165,1000.037
1760636083206,1000.1008
1760636083245,1000.11426
1760636083285,1000.20483
1760636083326,1000.35144
1760636083366,1000.5632
1760636083405,1000.825
1760636083445,1000.9442
1760636083485,1000.9829
1760636083526,1001.1797
1760636083565,1001.037
1760636083605,1000.72516
1760636083646,1000.3779
1760636083686,1000.29095
1760636083725,1000.2793
1760636083765,1000.194
1760636083806,1000.0912
1760636083846,999.98395
1760636083886,1000.001
1760636083925,1000.0521
1760636083965,1000.07654
1760636084006,1000.1074
1760636084045,1000.11694
1760636084085,1000.1458
1760636084125,1000.1468
1760636084166,1000.1476
1760636084205,1000.1189
1760636084245,1000.1101
1760636084285,1000.06586
1760636084326,1000.0422
1760636084365,1000.02124
1760636084405,1000.0238
1760636084445,1000.0231
1760636084485,1000.01556
1760636084526,1000.0648
1760636084565,1000.11
1760636084606,1000.2229
1760636084646,1000.3982
1760636084686,1000.57086
1760636084725,1000.69666
1760636084765,1000.9371
1760636084806,1001.13776
1760636084846,1001.20483
1760636084885,1001.2667
1760636084925,1001.7085
1760636084965,1001.57935
1760636085006,1001.16724
1760636085045,1000.6961
1760636085085,1000.3883
1760636085125,1000.2197
1760636085165,1000.10614
1760636085205,999.96387
1760636085245,999.9038
1760636085285,999.92004
1760636085326,999.9149
1760636085365,999.93427
1760636085405,999.9857
1760636085448,1000.0116
1760636085485,1000.0188
1760636085525,1000.02563
1760636085565,1000.0121
1760636085605,999.9558
1760636085646,999.9398
1760636085685,999.938
1760636085725,999.896
1760636085766,999.91064
1760636085806,999.9391
1760636085846,999.98425
1760636085885,1000.0692
1760636085926,1000.167
1760636085965,1000.40173
1760636086005,1000.6377
1760636086045,1000.8811
1760636086085,1001.07166
1760636086126,1001.25244
1760636086166,1001.3165
1760636086206,1001.5539
1760636086245,1001.89465
1760636086285,1001.89874
1760636086326,1001.4635
1760636086365,1000.67834
1760636086405,1000.18097
1760636086445,1000.084
1760636086486,1000.0112
1760636086525,999.9346
1760636086565,999.83484
1760636086605,999.82904
1760636086646,999.8152
1760636086685,999.9497
1760636086725,999.9818
1760636086765,999.97986
1760636086806,999.9642
1760636086845,999.94495
1760636086885,999.9203
1760636086925,999.905
1760636086965,999.9055
1760636087011,999.88367
1760636087047,999.8141
1760636087099,999.78485
1760636087129,999.78076
1760636087169,999.8114
1760636087185,999.8353
1760636087200,999.8903
1760636087221,999.92206
1760636087240,999.91724
1760636087260,1000.0005
1760636087280,1000.0792
1760636087300,1000.17126
1760636087320,1000.27985
1760636087340,1000.3824
1760636087360,1000.501
1760636087380,1000.5142
1760636087402,1000.6069
1760636087421,1000.705
1760636087441,1000.7525
1760636087460,1000.808
1760636087480,1000.8872
1760636087500,1000.9592
1760636087520,1001.0646
1760636087540,1001.1894
1760636087561,1001.3594
1760636087580,1001.6736
1760636087601,1001.85364
1760636087620,1001.7333
1760636087640,1001.6958
1760636087660,1001.79565
1760636087680,1001.47723
1760636087700,1001.1311
1760636087720,1000.60547
1760636087740,1000.17285
1760636087761,1000.02563
1760636087780,1000.0172
1760636087800,999.96875
1760636087820,999.9552
1760636087840,999.99
1760636087860,1000.0491
1760636087880,1000.03503
1760636087900,999.90283
1760636087921,999.8176
1760636087940,999.7463
1760636087960,999.73315
1760636087980,999.78
1760636088000,999.8011
1760636088020,999.8472
1760636088040,999.85864
1760636088061,999.898
1760636088081,999.953
1760636088100,999.98145
1760636088120,999.99036
1760636088140,1000.0061
1760636088160,1000.0131
1760636088181,1000.0269
1760636088201,1000.0178
1760636088221,1000.0595
1760636088241,1000.0719
1760636088260,1000.05066
1760636088280,999.9977
1760636088300,999.98395
1760636088320,999.953
1760636088340,999.9492
1760636088360,999.9414
1760636088381,999.9355
1760636088425,999.88257
1760636088425,999.752
1760636088441,999.68097
1760636088462,999.72345
1760636088480,999.72424
1760636088500,999.72864
1760636088520,999.7411
1760636088540,999.7491
1760636088560,999.7517
1760636088581,999.7836
1760636088600,999.8047
1760636088620,999.79956
1760636088640,999.84064
1760636088660,999.8572
1760636088680,999.93097
1760636088700,999.96704
1760636088720,1000.04645
1760636088740,1000.1917
1760636088760,1000.3049
1760636088780,1000.3856
1760636088800,1000.3933
1760636088820,1000.47986
1760636088840,1000.53754
1760636088860,1000.60474
1760636088880,1000.68286
1760636088901,1000.7702
1760636088920,1000.86255
1760636088940,1001.0117
1760636088961,1001.16644
1760636088981,1001.47815
1760636089000,1001.6952
1760636089020,1001.7522
1760636089041,1001.6954
1760636089061,1001.66235
1760636089081,1001.0408
1760636089101,1000.6466
1760636089120,1000.21454
1760636089140,999.9964
1760636089160,999.9969
1760636089181,1000.0113
1760636089201,999.98206
1760636089222,999.97675
1760636089241,1000.0297
1760636089260,999.99036
1760636089280,999.8908
1760636089300,999.79486
1760636089320,999.6975
1760636089340,999.6391
1760636089361,999.6413
1760636089381,999.73846
1760636089402,999.7469
1760636089420,999.7605
1760636089440,999.79114
1760636089460,999.85986
1760636089480,999.8739
1760636089500,999.85547
1760636089521,999.8752
1760636089542,999.8725
1760636089561,999.8942
1760636089582,999.90375
1760636089601,999.92535
1760636089620,999.9325
1760636089640,999.93567
1760636089661,999.9325
1760636089681,999.9169
1760636089701,999.8853
1760636089721,999.873
1760636089741,999.8769
1760636089761,999.8944
1760636089781,999.8852
1760636089801,999.86646
1760636089821,999.7822
1760636089841,999.7588
1760636089861,999.73987
1760636089882,999.76733
1760636089900,999.7519
1760636089921,999.7447
1760636089940,999.7566
1760636089960,999.7541
1760636089980,999.78937
1760636090001,999.803
1760636090022,999.86426
1760636090041,999.8444
1760636090062,999.8853
1760636090080,999.96655
1760636090101,999.9488
1760636090121,1000.0455
1760636090141,1000.1225
1760636090161,1000.2655
1760636090181,1000.3749
1760636090201,1000.4322
1760636090221,1000.46265
1760636090241,1000.523
1760636090260,1000.61145
1760636090280,1000.6786
1760636090300,1000.7966
1760636090321,1000.9282
1760636090341,1000.9605
1760636090362,1000.96735
1760636090382,1001.1072
1760636090401,1001.41626
1760636090421,1001.7542
1760636090441,1001.80005
1760636090461,1001.6395
1760636090481,1001.2524
1760636090501,1000.8361
1760636090521,1000.41614
1760636090541,1000.1391
1760636090561,999.9861
1760636090580,999.93567
1760636090600,999.97565
1760636090620,999.95
1760636090641,1000.0203
1760636090661,1000.03845
1760636090682,999.9718
1760636090701,999.9231
1760636090721,999.8799
1760636090740,999.8333
1760636090760,999.7583
1760636090780,999.72095
1760636090800,999.7636
1760636090821,999.78564
1760636090841,999.80176
1760636090861,999.8234
1760636090881,999.93286
1760636090900,1000.05566
1760636090921,1000.10345
1760636090940,1000.1058
1760636090960,1000.16473
1760636090981,1000.131
1760636091001,1000.1267
1760636091022,1000.14703
1760636091042,1000.1365
1760636091061,1000.10394
1760636091080,1000.0547
1760636091101,999.99066
1760636091120,999.91516
1760636091141,999.85376
1760636091161,999.8264
1760636091181,999.8355
1760636091201,999.86255
1760636091220,999.813
1760636091240,999.6433
1760636091260,999.648
1760636091280,999.66223
1760636091300,999.6882
1760636091320,999.6814
1760636091340,999.6978
1760636091360,999.7394
1760636091380,999.73737
1760636091400,999.8158
1760636091420,999.8175
1760636091440,999.8472
1760636091460,999.8644
1760636091480,999.8791
1760636091501,999.91846
1760636091521,1000.03625
1760636091540,1000.1308
1760636091560,1000.22736
1760636091580,1000.35254
1760636091600,1000.5283
1760636091620,1000.61926
1760636091640,1000.7341
1760636091661,1000.89514
1760636091681,1001.08374
1760636091700,1001.2655
1760636091720,1001.42896
1760636091740,1001.5549
1760636091760,1001.98987
1760636091780,1002.54626
1760636091800,1002.0591
1760636091820,1001.7836
1760636091840,1001.35876
1760636091861,1000.84985
1760636091880,1000.53815
1760636091900,1000.2606
1760636091920,1000.0853
1760636091941,1000.0333
1760636091961,999.91895
1760636091980,999.91595
1760636092001,999.965
1760636092021,1000.048
1760636092041,1000.011
1760636092060,999.8958
1760636092080,999.7081
1760636092100,999.5671
1760636092120,999.5014
1760636092141,999.4802
1760636092161,999.4833
1760636092181,999.5119
1760636092201,999.5092
1760636092220,999.5032
1760636092241,999.53485
1760636092260,999.54706
1760636092280,999.5536
1760636092301,999.5747
1760636092321,999.5784
1760636092342,999.59894
1760636092361,999.6282
1760636092381,999.6597
1760636092400,999.6946
1760636092421,999.71893
1760636092441,999.7464
1760636092461,999.73016
1760636092481,999.7667
1760636092502,999.74097
1760636092520,999.74457
1760636092541,999.7441
1760636092560,999.73065
1760636092580,999.72235
1760636092600,999.78
1760636092620,999.8158
1760636092641,999.8036
1760636092662,999.7947
1760636092682,999.7459
1760636092701,999.73346
1760636092721,999.72095
1760636092740,999.7053
1760636092761,999.6861
1760636092781,999.67706
1760636092800,999.71515
1760636092821,999.73816
1760636092841,999.72516
1760636092861,999.7425
1760636092880,999.738
1760636092900,999.77484
1760636092920,999.8146
1760636092940,999.86395
1760636092961,999.9014
1760636092981,999.8874
1760636093002,999.8306
1760636093021,999.8725
1760636093040,999.84503
1760636093061,999.8647
1760636093081,999.8747
1760636093100,999.9083
1760636093121,999.9261
1760636093141,999.91156
1760636093161,999.9083
1760636093181,999.91656
1760636093200,999.9522
1760636093220,1000.0783
1760636093241,1000.1119
1760636093260,1000.1258
1760636093281,1000.1878
1760636093301,1000.22125
1760636093321,1000.3331
1760636093341,1000.41016
1760636093361,1000.5155
1760636093381,1000.3931
1760636093400,1000.09784
1760636093421,999.9975
1760636093441,999.8336
1760636093461,999.79706
1760636093481,999.8277
1760636093502,999.8527
1760636093520,1000.0011
1760636093540,999.8897
1760636093561,999.8616
1760636093580,999.8674
1760636093601,999.8705
1760636093621,999.84906
1760636093641,999.883
1760636093662,999.91003
1760636093680,999.93286
1760636093701,999.98114
1760636093721,1000.018
1760636093740,1000.01984
1760636093760,1000.0244
1760636093781,1000.02374
1760636093802,1000.0038
1760636093821,1000.0095
1760636093840,1000.0007
1760636093860,999.98315
1760636093880,999.9841
1760636093900,1000.0089
1760636093920,1000.03
1760636093941,1000.0233
1760636093962,999.93665
1760636093982,999.8811
1760636094001,999.8739
1760636094020,999.92395
1760636094040,999.8774
1760636094060,999.8194
1760636094082,999.7997
1760636094101,999.8255
1760636094121,999.8306
1760636094142,999.84717
1760636094161,999.86646
1760636094180,999.91455
1760636094200,999.9339
1760636094220,999.9338
1760636094241,999.9572
1760636094260,999.90875
1760636094281,999.9486
1760636094301,999.96783
1760636094321,999.9913
1760636094340,1000.04645
1760636094360,1000.16504
1760636094380,1000.2702
1760636094400,1000.3944
1760636094421,1000.6361
1760636094441,1000.7703
1760636094461,1000.8819
1760636094481,1000.98267
1760636094501,1001.068
1760636094520,1001.09906
1760636094541,1001.12
1760636094560,1001.2369
1760636094580,1001.4844
1760636094601,1001.41174
1760636094622,1001.3167
1760636094642,1001.09064
1760636094661,1000.72394
1760636094681,1000.46875
1760636094701,1000.21625
1760636094721,1000.0683
1760636094741,1000.0203
1760636094762,1000.0283
1760636094781,1000.1083
1760636094801,1000.1211
1760636094821,1000.10535
1760636094841,1000.0586
1760636094861,999.8966
1760636094881,999.7466
1760636094900,999.6922
1760636094920,999.6902
1760636094941,999.7422
1760636094961,999.77124
1760636094981,999.78864
1760636095001,999.77905
1760636095022,999.7602
1760636095040,999.79645
1760636095061,999.8185
1760636095081,999.80536
1760636095101,999.8133
1760636095121,999.8453
1760636095141,999.85736
1760636095161,999.85004
1760636095180,999.8953
1760636095200,999.888
1760636095220,999.8889
1760636095241,999.8835
1760636095261,999.8364
1760636095281,999.8116
1760636095301,999.7653
1760636095321,999.7585
1760636095340,999.7511
1760636095362,999.77094
1760636095381,999.7617
1760636095400,999.7102
1760636095422,999.70056
1760636095441,999.73517
1760636095461,999.7394
1760636095480,999.74176
1760636095500,999.73346
1760636095520,999.72406
1760636095540,999.7555
1760636095560,999.78394
1760636095581,999.82983
1760636095602,999.81146
1760636095621,999.8774
1760636095641,999.8916
1760636095661,999.8891
1760636095680,999.95844
1760636095701,1000.0163
1760636095720,1000.08624
1760636095741,1000.1586
1760636095761,1000.2508
1760636095782,1000.39624
1760636095801,1000.54266
1760636095821,1000.60675
1760636095840,1000.6852
1760636095860,1000.7258
1760636095880,1000.758
1760636095900,1000.8194
1760636095921,1001.0294
1760636095941,1001.3711
1760636095961,1001.28314
1760636095981,1001.10474
1760636096001,1000.9999
1760636096021,1000.72314
1760636096040,1000.3836
1760636096061,1000.0608
1760636096081,999.9841
1760636096101,1000.0784
1760636096122,1000.0102
1760636096140,999.91785
1760636096162,999.953
1760636096180,999.9286
1760636096200,999.8796
1760636096220,999.7572
1760636096241,999.6947
1760636096261,999.6594
1760636096281,999.6367
1760636096301,999.6719
1760636096320,999.6911
1760636096341,999.7042
1760636096360,999.688
1760636096381,999.72845
1760636096401,999.78156
1760636096421,999.8405
1760636096441,999.8108
1760636096461,999.79254
1760636096480,999.79645
1760636096500,999.85284
1760636096520,999.85016
1760636096541,999.8258
1760636096561,999.8425
1760636096581,999.8164
1760636096601,999.8121
1760636096621,999.7727
1760636096640,999.7361
1760636096660,999.71655
1760636096681,999.6878
1760636096701,999.6508
1760636096723,999.6683
1760636096742,999.6766
1760636096762,999.65814
1760636096781,999.65735
1760636096800,999.6922
1760636096820,999.71344
1760636096840,999.73157
1760636096860,999.74286
1760636096882,999.74097
1760636096902,999.77094
1760636096922,999.8238
1760636096942,999.83844
1760636096961,999.9608
1760636096980,1000.04956
1760636097000,1000.15344
1760636097020,1000.2933
1760636097041,1000.3916
1760636097061,1000.5102
1760636097082,1000.58374
1760636097102,1000.6138
1760636097121,1000.5806
1760636097140,1000.6255
1760636097160,1000.7972
1760636097180,1001.03906
1760636097201,1001.2883
1760636097221,1001.5202
1760636097241,1001.4835
1760636097261,1001.0152
1760636097280,1000.7391
1760636097300,1000.35205
1760636097320,1000.1833
1760636097341,1000.0344
1760636097360,999.98956
1760636097381,999.97974
1760636097401,999.9486
1760636097421,999.93665
1760636097440,999.90515
1760636097461,999.8216
1760636097481,999.697
1760636097501,999.59955
1760636097521,999.5825
1760636097540,999.62317
1760636097562,999.59985
1760636097582,999.623
1760636097601,999.6328
1760636097620,999.6247
1760636097640,999.60144
1760636097661,999.6163
1760636097680,999.6819
1760636097701,999.6889
1760636097721,999.72504
1760636097742,999.7397
1760636097761,999.73004
1760636097780,999.73456
1760636097800,999.7517
1760636097821,999.7024
1760636097841,999.6833
1760636097861,999.67377
1760636097882,999.6461
1760636097901,999.633
1760636097922,999.67175
1760636097941,999.63
1760636097961,999.6225
1760636097981,999.615
1760636098001,999.6331
1760636098020,999.6313
1760636098041,999.60284
1760636098062,999.6316
1760636098081,999.67786
1760636098100,999.6608
1760636098121,999.7064
1760636098141,999.7847
1760636098161,999.8083
1760636098181,999.84595
1760636098203,999.91077
1760636098221,1000.0142
1760636098241,1000.1786
1760636098260,1000.3103
1760636098281,1000.35364
1760636098300,1000.3878
1760636098320,1000.5046
1760636098355,1000.63275
1760636098368,1000.7661
1760636098381,1000.9352
1760636098401,1001.0183
1760636098420,1001.11676
1760636098440,1001.2092
1760636098460,1001.4456
1760636098480,1001.9266
1760636098500,1002.2708
1760636098520,1002.0099
1760636098541,1001.7564
1760636098561,1001.5071
1760636098580,1000.8058
1760636098600,1000.4108
1760636098620,1000.08734
1760636098640,999.8942
1760636098660,999.85394
1760636098681,999.7764
1760636098700,999.71643
1760636098721,999.72516
1760636098741,999.71063
1760636098760,999.60645
1760636098781,999.47205
1760636098802,999.35065
1760636098820,999.3888
1760636098841,999.3936
1760636098861,999.4431
1760636098881,999.5181
1760636098901,999.5569
1760636098921,999.6199
1760636098940,999.67426
1760636098961,999.6858
1760636098981,999.70874
1760636099001,999.7036
1760636099021,999.67145
1760636099042,999.66846
1760636099061,999.67377
1760636099080,999.67114
1760636099101,999.66614
1760636099121,999.66095
1760636099140,999.66125
1760636099161,999.67346
1760636099180,999.6317
1760636099201,999.5811
1760636099221,999.5358
1760636099240,999.47266
1760636099260,999.4435
1760636099280,999.4458
1760636099301,999.47644
1760636099320,999.4528
1760636099341,999.48395
1760636099361,999.4966
1760636099381,999.5266
1760636099400,999.5091
1760636099420,999.5505
1760636099440,999.59564
1760636099460,999.5752
1760636099481,999.5969
1760636099501,999.66504
1760636099521,999.7066
1760636099541,999.7424
1760636099561,999.8288
1760636099580,999.9513
1760636099612,1000.0306
1760636099620,1000.128
1760636099641,1000.2625
1760636099660,1000.403
1760636099681,1000.5145
1760636099701,1000.6122
1760636099721,1000.6864
1760636099740,1000.79144
1760636099760,1000.92426
1760636099780,1001.21893
1760636099800,1001.67706
1760636099820,1001.64984
1760636099840,1001.1097
1760636099860,1000.73425
1760636099881,1000.10626
1760636099901,999.8169
1760636099921,999.6917
1760636099940,999.66956
1760636099960,999.6267
1760636099981,999.6921
1760636100001,999.7058
1760636100021,999.6925
1760636100041,999.61145
1760636100060,999.5089
1760636100081,999.4417
1760636100101,999.4222
1760636100121,999.453
1760636100140,999.4844
1760636100160,999.5024
1760636100181,999.46375
1760636100202,999.48987
1760636100221,999.47235
1760636100240,999.52094
1760636100260,999.5814
1760636100280,999.6236
1760636100300,999.5572
1760636100321,999.5675
1760636100341,999.5775
1760636100361,999.5842
1760636100381,999.59784
1760636100400,999.60284
1760636100420,999.61255
1760636100441,999.5972
1760636100460,999.6425
1760636100480,999.61957
1760636100500,999.55927
1760636100521,999.53534
1760636100542,999.5145
1760636100560,999.48065
1760636100580,999.5038
1760636100600,999.5111
1760636100620,999.4964
1760636100640,999.53455
1760636100661,999.5486
1760636100681,999.5206
1760636100702,999.5714
1760636100720,999.61395
1760636100740,999.60187
1760636100760,999.60986
1760636100780,999.6311
1760636100800,999.6744
1760636100820,999.66437
1760636100841,999.7038
1760636100861,999.77844
1760636100881,999.8842
1760636100901,1000.0046
1760636100920,1000.185
1760636100941,1000.34235
1760636100960,1000.41144
1760636100981,1000.4542
1760636101001,1000.52
1760636101021,1000.5466
1760636101040,1000.625
1760636101060,1000.72375
1760636101080,1000.97296
1760636101100,1001.3033
1760636101121,1001.17676
1760636101141,1001.0544
1760636101161,1000.78687
1760636101181,1000.3913
1760636101200,1000.1277
1760636101220,999.91235
1760636101240,999.7333
1760636101260,999.7158
1760636101280,999.8336
1760636101300,999.8121
1760636101320,999.7683
1760636101341,999.85846
1760636101362,999.8139
1760636101380,999.7308
1760636101400,999.64624
1760636101420,999.54535
1760636101440,999.53125
1760636101461,999.54456
1760636101481,999.5752
1760636101501,999.5775
1760636101522,999.5883
1760636101540,999.6094
1760636101560,999.66986
1760636101580,999.6766
1760636101601,999.6846
1760636101620,999.65564
1760636101641,999.695
1760636101661,999.6991
1760636101681,999.72314
1760636101700,999.72125
1760636101726,999.72754
1760636101740,999.7507
1760636101760,999.79034
1760636101780,999.76843
1760636101801,999.73486
1760636101821,999.7475
1760636101841,999.73096
1760636101860,999.6861
1760636101880,999.61145
1760636101900,999.60565
1760636101921,999.50165
1760636101941,999.45984
1760636101961,999.46906
1760636101981,999.48395
1760636102002,999.4888
1760636102020,999.4891
1760636102041,999.4974
1760636102060,999.5014
1760636102080,999.565
1760636102101,999.5569
1760636102120,999.5858
1760636102141,999.6316
1760636102161,999.6413
1760636102181,999.6952
1760636102200,999.72296
1760636102221,999.8146
1760636102240,999.89
1760636102260,999.92896
1760636102280,1000.0175
1760636102301,1000.21625
1760636102322,1000.41345
1760636102341,1000.57983
1760636102360,1000.71344
1760636102381,1000.8292
1760636102400,1000.91766
1760636102420,1001.02905
1760636102440,1001.3019
1760636102461,1001.73816
1760636102481,1001.6361
1760636102501,1001.35925
1760636102520,1001.11786
1760636102540,1000.84094
1760636102560,1000.613
1760636102581,1000.1519
1760636102600,999.8821
1760636102620,999.79614
1760636102641,999.74
1760636102661,999.65674
1760636102682,999.6252
1760636102701,999.7452
1760636102720,999.70593
1760636102740,999.5817
1760636102761,999.45984
1760636102781,999.3436
1760636102801,999.2875
1760636102822,999.3077
1760636102841,999.3185
1760636102860,999.338
1760636102881,999.3386
1760636102900,999.37317
1760636102920,999.3771
1760636102941,999.3803
1760636102960,999.4183
1760636102981,999.4455
1760636103002,999.4547
1760636103020,999.4433
1760636103040,999.4386
1760636103061,999.4347
1760636103080,999.4525
1760636103100,999.4422
1760636103121,999.47485
1760636103141,999.5033
1760636103162,999.51984
1760636103180,999.5286
1760636103200,999.54895
1760636103221,999.588
1760636103240,999.5683
1760636103261,999.5624
1760636103281,999.55096
1760636103301,999.4994
1760636103321,999.4822
1760636103341,999.48596
1760636103361,999.48627
1760636103380,999.47595
1760636103400,999.4925
1760636103420,999.495
1760636103440,999.4794
1760636103462,999.4944
1760636103481,999.5102
1760636103500,999.5138
1760636103520,999.583
1760636103540,999.6169
1760636103560,999.64874
1760636103581,999.6403
1760636103601,999.6514
1760636103621,999.66364
1760636103641,999.6374
1760636103660,999.6342
1760636103681,999.7091
1760636103701,999.7009
1760636103720,999.8002
1760636103741,999.8263
1760636103761,999.84973
1760636103781,999.90985
1760636103801,999.90765
1760636103821,999.84705
1760636103840,999.80426
1760636103862,999.9308
1760636103880,999.85925
1760636103901,999.7452
1760636103921,999.66766
1760636103940,999.6786
1760636103961,999.6483
1760636103981,999.6058
1760636104000,999.61176
1760636104021,999.6325
1760636104040,999.7043
1760636104060,999.6882
1760636104081,999.6999
1760636104100,999.6761
1760636104121,999.72125
1760636104141,999.748
1760636104160,999.7433
1760636104181,999.7589
1760636104201,999.765
1760636104220,999.78815
1760636104240,999.80005
1760636104261,999.8259
1760636104281,999.80536
1760636104301,999.7552
1760636104321,999.72565
1760636104340,999.6983
1760636104360,999.66516
1760636104380,999.695
1760636104401,999.71814
1760636104421,999.7411
1760636104441,999.7638
1760636104461,999.77374
1760636104480,999.76733
1760636104501,999.7499
1760636104520,999.7747
1760636104540,999.8544
1760636104560,999.8259
1760636104581,999.6885
1760636104601,999.6353
1760636104621,999.6374
1760636104640,999.6417
1760636104660,999.636
1760636104681,999.6399
1760636104701,999.618
1760636104720,999.6313
1760636104740,999.64874
1760636104760,999.6491
1760636104781,999.6908
1760636104801,999.7
1760636104820,999.73926
1760636104840,999.79767
1760636104860,999.8086
1760636104880,999.885
1760636104900,999.9983
1760636104921,1000.08203
1760636104941,1000.16254
1760636104961,1000.2611
1760636104981,1000.32983
1760636105000,1000.40533
1760636105020,1000.5253
1760636105040,1000.64703
1760636105060,1000.79266
1760636105080,1000.8861
1760636105101,1000.9455
1760636105122,1001.0108
1760636105141,1001.1342
1760636105160,1001.2128
1760636105181,1000.9938
1760636105202,1000.97437
1760636105221,1001.21814
1760636105240,1000.7283
1760636105261,1000.59564
1760636105281,1000.09375
1760636105300,999.86285
1760636105321,999.8895
1760636105341,999.85815
1760636105360,999.78455
1760636105381,999.8389
1760636105401,999.8329
1760636105421,999.8325
1760636105441,999.68066
1760636105460,999.47437
1760636105480,999.3853
1760636105500,999.36096
1760636105520,999.36566
1760636105540,999.3991
1760636105561,999.41907
1760636105581,999.41846
1760636105601,999.43207
1760636105622,999.47034
1760636105640,999.5019
1760636105660,999.5722
1760636105680,999.5831
1760636105700,999.6347
1760636105720,999.65753
1760636105741,999.6885
1760636105761,999.7515
1760636105781,999.7733
1760636105800,999.808
1760636105821,999.77625
1760636105840,999.72626
1760636105860,999.67285
1760636105880,999.59393
1760636105901,999.4936
1760636105921,999.4758
1760636105941,999.46423
1760636105960,999.41815
1760636105980,999.41473
1760636106001,999.41064
1760636106020,999.4241
1760636106040,999.4452
1760636106061,999.46094
1760636106082,999.4497
1760636106101,999.4622
1760636106120,999.4577
1760636106141,999.4722
1760636106160,999.52814
1760636106181,999.51843
1760636106200,999.55206
1760636106220,999.60205
1760636106241,999.6944
1760636106262,999.7528
1760636106280,999.90405
1760636106300,1000.04767
1760636106321,1000.1519
1760636106340,1000.267
1760636106361,1000.4435
1760636106381,1000.5272
1760636106401,1000.66705
1760636106421,1000.7969
1760636106442,1000.9072
1760636106460,1000.9861
1760636106481,1001.0383
1760636106500,1001.2478
1760636106520,1001.73236
1760636106540,1001.90344
1760636106561,1002.1974
1760636106581,1001.73987
1760636106601,1001.41766
1760636106621,1000.7619
1760636106641,1000.3281
1760636106661,999.9522
1760636106681,999.77484
1760636106701,999.69714
1760636106721,999.6431
1760636106741,999.60046
1760636106761,999.5774
1760636106780,999.4996
1760636106800,999.41364
1760636106820,999.325
1760636106841,999.2602
1760636106861,999.21594
1760636106881,999.2519
1760636106901,999.2613
1760636106921,999.2678
1760636106940,999.23706
1760636106960,999.2764
1760636106980,999.30536
1760636107000,999.358
1760636107020,999.41437
1760636107041,999.4444
1760636107061,999.4038
1760636107081,999.41614
1760636107100,999.4427
1760636107120,999.4405
1760636107141,999.4633
1760636107160,999.43
1760636107181,999.4392
1760636107201,999.4044
1760636107220,999.34644
1760636107241,999.3297
1760636107261,999.3397
1760636107280,999.3108
1760636107301,999.3097
1760636107321,999.3205
1760636107340,999.3152
1760636107360,999.3274
1760636107381,999.34515
1760636107401,999.3833
1760636107421,999.3591
1760636107441,999.35675
1760636107460,999.4014
1760636107480,999.43567
1760636107500,999.4335
1760636107521,999.48254
1760636107540,999.54346
1760636107561,999.5638
1760636107582,999.6152
1760636107601,999.74066
1760636107620,999.84143
1760636107640,999.8986
1760636107660,999.9897
1760636107680,1000.1194
1760636107701,1000.22974
1760636107721,1000.381
1760636107741,1000.4722
1760636107760,1000.51
1760636107780,1000.6308
1760636107800,1000.72345
1760636107820,1000.85956
1760636107841,1001.17706
1760636107861,1001.60065
1760636107880,1001.5294
1760636107901,1001.2681
1760636107920,1001.0036
1760636107941,1000.6417
1760636107961,1000.30347
1760636107980,999.9313
1760636108000,999.8083
1760636108020,999.72296
1760636108042,999.6457
1760636108062,999.5739
1760636108081,999.5591
1760636108101,999.52875
1760636108121,999.4894
1760636108141,999.3841
1760636108160,999.27094
1760636108180,999.2508
1760636108200,999.2571
1760636108221,999.3181
1760636108241,999.3011
1760636108260,999.35547
1760636108280,999.40674
1760636108300,999.43066
1760636108321,999.4964
1760636108341,999.5147
1760636108360,999.5155
1760636108381,999.5159
1760636108401,999.5085
1760636108420,999.4994
1760636108441,999.483
1760636108461,999.5163
1760636108480,999.518
1760636108501,999.4919
1760636108521,999.46985
1760636108541,999.48065
1760636108561,999.4377
1760636108580,999.3711
1760636108601,999.3135
1760636108621,999.3146
1760636108640,999.3091
1760636108660,999.3066
1760636108681,999.3719
1760636108701,999.35706
1760636108721,999.3211
1760636108740,999.3331
1760636108760,999.35675
1760636108780,999.42505
1760636108800,999.4858
1760636108820,999.5745
1760636108840,999.6766
1760636108861,999.7719
1760636108881,999.97644
1760636108901,1000.16656
1760636108920,1000.2408
1760636108940,1000.2986
1760636108960,1000.40753
1760636108980,1000.53925
1760636109001,1000.6547
1760636109021,1000.8111
1760636109041,1001.0208
1760636109062,1001.17316
1760636109081,1001.328
1760636109100,1001.488
1760636109126,1001.7811
1760636109140,1001.9522
1760636109160,1002.0466
1760636109180,1001.7444
1760636109201,1001.7636
1760636109222,1001.4158
1760636109240,1000.9783
1760636109261,1000.3178
1760636109280,999.78546
1760636109300,999.6988
1760636109320,999.6586
1760636109340,999.5156
1760636109361,999.4955
1760636109381,999.46484
1760636109400,999.4466
1760636109420,999.3096
1760636109440,999.17676
1760636109461,999.09644
1760636109481,999.03064
1760636109501,999.0642
1760636109521,999.1303
1760636109541,999.1972
1760636109560,999.15173
1760636109580,999.138
1760636109601,999.16376
1760636109638,999.1844
1760636109649,999.2712
1760636109664,999.3279
1760636109681,999.305
1760636109701,999.2969
1760636109721,999.3333
1760636109741,999.3236
1760636109760,999.3199
1760636109780,999.2822
1760636109800,999.3186
1760636109821,999.2944
1760636109841,999.2478
1760636109862,999.22723
1760636109881,999.22125
1760636109900,999.16956
1760636109920,999.11847
1760636109940,999.1175
1760636109960,999.1336
1760636109981,999.15063
1760636110001,999.1442
1760636110021,999.1741
1760636110041,999.2639
1760636110060,999.2211
1760636110081,999.22253
1760636110100,999.3166
1760636110120,999.378
1760636110140,999.35376
1760636110161,999.3785
1760636110181,999.4349
1760636110201,999.5491
1760636110221,999.65283
1760636110241,999.7513
1760636110260,999.84015
1760636110281,999.91364
1760636110301,999.9985
1760636110321,1000.0699
1760636110341,1000.16595
1760636110362,1000.2664
1760636110380,1000.28546
1760636110400,1000.34595
1760636110420,1000.3856
1760636110440,1000.4964
1760636110460,1000.78485
1760636110481,1001.1341
1760636110501,1001.2592
1760636110521,1001.27423
1760636110540,1000.91296
1760636110560,1000.2469
1760636110581,999.8174
1760636110601,999.5206
1760636110620,999.42114
1760636110641,999.35297
1760636110661,999.3278
1760636110681,999.4376
1760636110702,999.4991
1760636110721,999.43
1760636110741,999.2708
1760636110761,999.15063
1760636110780,999.071
1760636110801,999.10297
1760636110821,999.1403
1760636110842,999.1395
1760636110862,999.1328
1760636110880,999.1282
1760636110900,999.12317
1760636110921,999.1708
1760636110940,999.2386
1760636110960,999.2728
1760636110981,999.2714
1760636111001,999.2741
1760636111021,999.2553
1760636111040,999.28174
1760636111060,999.31
1760636111081,999.2758
1760636111100,999.23566
1760636111120,999.2064
1760636111141,999.22314
1760636111161,999.24066
1760636111181,999.1841
1760636111200,999.16187
1760636111221,999.15094
1760636111240,999.17004
1760636111260,999.1791
1760636111280,999.2052
1760636111301,999.2041
1760636111321,999.23755
1760636111341,999.2616
1760636111361,999.3103
1760636111380,999.28815
1760636111401,999.30426
1760636111420,999.30145
1760636111440,999.3458
1760636111461,999.3705
1760636111481,999.428
1760636111501,999.5194
1760636111520,999.55927
1760636111541,999.6327
1760636111560,999.7319
1760636111580,999.8055
1760636111600,999.9283
1760636111621,1000.0061
1760636111641,1000.0847
1760636111661,1000.1436
1760636111681,1000.1928
1760636111700,1000.3283
1760636111721,1000.5569
1760636111740,1000.7488
1760636111760,1000.34534
1760636111780,1000.1439
1760636111800,1000.0083
1760636111821,999.60754
1760636111842,999.5802
1760636111861,999.54486
1760636111881,999.47144
1760636111900,999.4622
1760636111920,999.4222
1760636111940,999.4511
1760636111960,999.49677
1760636111981,999.42737
1760636112001,999.3183
1760636112020,999.22723
1760636112040,999.1944
1760636112060,999.23016
1760636112080,999.2538
1760636112100,999.2574
1760636112121,999.29755
1760636112141,999.2797
1760636112161,999.2761
1760636112180,999.338
1760636112200,999.3919
1760636112220,999.3817
1760636112240,999.36926
1760636112261,999.3845
1760636112281,999.3757
1760636112301,999.3947
1760636112321,999.3782
1760636112341,999.35626
1760636112360,999.3591
1760636112380,999.34735
1760636112400,999.3408
1760636112420,999.3856
1760636112440,999.3327
1760636112460,999.30316
1760636112480,999.29346
1760636112501,999.29816
1760636112520,999.29456
1760636112540,999.3055
1760636112560,999.3303
1760636112581,999.29364
1760636112601,999.2833
1760636112621,999.3146
1760636112641,999.3627
1760636112662,999.36676
1760636112680,999.3925
1760636112700,999.3852
1760636112720,999.4417
1760636112740,999.59125
1760636112760,999.7308
1760636112781,999.9371
1760636112801,1000.04895
1760636112822,1000.0795
1760636112841,1000.1469
1760636112860,1000.2477
1760636112881,1000.3231
1760636112900,1000.4325
1760636112920,1000.5658
1760636112940,1000.66626
1760636112961,1000.8244
1760636112981,1001.47705
1760636113001,1002.08374
1760636113021,1001.86127
1760636113040,1001.78125
1760636113060,1001.1402
1760636113080,1000.568
1760636113101,999.97046
1760636113121,999.6839
1760636113141,999.555
1760636113161,999.5111
1760636113181,999.52094
1760636113201,999.5555
1760636113221,999.49316
1760636113240,999.40753
1760636113260,999.3072
1760636113281,999.20734
1760636113301,999.16986
1760636113321,999.1841
1760636113340,999.2728
1760636113360,999.2819
1760636113380,999.28314
1760636113400,999.22363
1760636113421,999.21906
1760636113441,999.22455
1760636113461,999.2544
1760636113481,999.2499
1760636113501,999.2578
1760636113520,999.23047
1760636113540,999.24066
1760636113560,999.2595
1760636113581,999.28595
1760636113601,999.2758
1760636113621,999.2572
1760636113641,999.24
1760636113660,999.2222
1760636113680,999.1788
1760636113701,999.1752
1760636113720,999.29004
1760636113741,999.23486
1760636113761,999.21906
1760636113781,999.1913
1760636113801,999.2136
1760636113821,999.2078
1760636113841,999.21564
1760636113860,999.2424
1760636113880,999.22144
1760636113900,999.22723
1760636113921,999.28455
1760636113941,999.28345
1760636113961,999.29175
1760636113980,999.27625
1760636114000,999.2797
1760636114021,999.2544
1760636114040,999.29114
1760636114061,999.3433
1760636114080,999.35956
1760636114101,999.3124
1760636114121,999.3297
1760636114141,999.6324
1760636114160,999.7697
1760636114180,1000.1525
1760636114200,1001.21265
1760636114220,1001.5605
1760636114241,1001.34015
1760636114261,1001.1941
1760636114282,1001.0642
1760636114301,1000.9405
1760636114320,1000.7555
1760636114340,1000.3275
1760636114360,999.59393
1760636114380,999.04645
1760636114401,998.91205
1760636114421,999.1972
1760636114441,999.8975
1760636114462,1000.0188
1760636114481,999.8155
1760636114500,999.7377
1760636114520,999.41254
1760636114540,999.1907
1760636114561,999.08453
1760636114581,999.0027
1760636114601,999.0175
1760636114621,999.0614
1760636114640,999.0797
1760636114660,999.10736
1760636114680,999.1356
1760636114700,999.15344
1760636114721,999.1947
1760636114741,999.2574
1760636114761,999.2525
1760636114781,999.251
1760636114800,999.34875
1760636114820,1000.0608
1760636114840,999.6983
1760636114860,999.85364
1760636114880,1000.0831
1760636114901,1000.03375
1760636114921,999.9244
1760636114942,999.7727
1760636114960,999.8238
1760636114980,999.79346
1760636115000,999.6274
1760636115020,999.2697
1760636115040,998.84814
1760636115060,998.8845
1760636115081,998.9866
1760636115101,999.05396
1760636115121,999.1308
1760636115140,999.2161
1760636115160,999.3284
1760636115180,999.4108
1760636115200,999.47406
1760636115220,999.3964
1760636115240,999.3094
1760636115261,999.3066
1760636115281,999.31
1760636115300,999.2516
1760636115320,999.265
1760636115340,999.2055
1760636115360,999.1969
1760636115380,999.1705
1760636115400,999.15656
1760636115421,999.1257
1760636115442,999.115
1760636115462,999.1274
1760636115481,999.1327
1760636115500,999.1363
1760636115520,999.15344
1760636115541,999.1992
1760636115560,999.255
1760636115581,999.321
1760636115602,999.3294
1760636115620,999.4277
1760636115640,999.2758
1760636115660,999.2725
1760636115680,999.3025
1760636115701,999.6199
1760636115721,1000.02875
1760636115741,1000.05426
1760636115761,999.9183
1760636115780,999.7575
1760636115800,999.6478
1760636115820,999.5519
1760636115840,999.4847
1760636115860,999.53754
1760636115880,999.53125
1760636115900,999.558
1760636115921,999.48895
1760636115942,999.5536
1760636115960,999.87427
1760636115980,1001.0172
1760636116000,1002.3075
1760636116020,1002.8213
1760636116040,1002.9583
1760636116061,1003.16064
1760636116081,1003.54047
1760636116101,1003.4683
1760636116120,1003.3183
1760636116140,1003.1761
1760636116161,1003.0169
1760636116180,1002.8097
1760636116200,1002.762
1760636116221,1002.5713
1760636116241,1002.3972
1760636116262,1001.9644
1760636116281,1001.47705
1760636116300,1000.86035
1760636116321,1000.4902
1760636116340,1000.1247
1760636116360,1000.1489
1760636116380,1000.14
1760636116401,1000.0333
1760636116421,999.9023
1760636116440,999.85364
1760636116460,999.95483
1760636116480,999.96234
1760636116500,1000.2222
1760636116524,1000.328
1760636116540,999.9841
1760636116560,999.41003
1760636116581,999.0117
1760636116600,998.65564
1760636116620,998.47485
1760636116641,998.3975
1760636116660,998.3916
1760636116681,998.4547
1760636116700,998.45483
1760636116730,998.45605
1760636116741,998.45844
1760636116761,998.47516
1760636116780,998.4492
1760636116801,998.41846
1760636116820,998.4263
1760636116840,998.423
1760636116860,998.4405
1760636116880,998.4302
1760636116900,998.4169
1760636116920,998.4508
1760636116940,998.4481
1760636116960,998.488
1760636116980,998.5145
1760636117000,998.517
1760636117020,998.53595
1760636117040,998.548
1760636117060,998.54736
1760636117080,998.59033
1760636117100,998.60187
1760636117120,998.637
1760636117140,998.64343
1760636117160,998.6719
1760636117180,998.6949
1760636117200,998.6989
1760636117220,998.72394
1760636117241,998.7522
1760636117260,998.79785
1760636117280,998.8171
1760636117300,998.8677
1760636117320,998.9575
1760636117340,999.0358
1760636117360,999.0205
1760636117380,999.0692
1760636117401,999.17255
1760636117420,999.3942
1760636117440,999.4974
1760636117460,999.6478
1760636117480,999.5203
1760636117500,999.1333
1760636117520,998.97174
1760636117540,998.98517
1760636117561,998.9553
1760636117581,998.89734
1760636117600,998.9924
1760636117620,999.0696
1760636117640,999.0869
1760636117660,999.08624
1760636117680,999.10205
1760636117700,999.155
1760636117721,999.2258
1760636117741,999.28394
1760636117760,999.5358
1760636117780,999.5741
1760636117800,999.45734
