1760635639102,999.59033
1760635639122,999.5781
1760635639141,999.5621
1760635639161,999.5894
1760635639181,999.5447
1760635639201,999.5657
1760635639221,999.5644
1760635639241,999.5594
1760635639263,999.54254
1760635639282,999.5788
1760635639303,999.5358
1760635639321,999.5669
1760635639341,999.5713
1760635639361,999.5664
1760635639381,999.58844
1760635639401,999.54877
1760635639422,999.54236
1760635639442,999.54126
1760635639461,999.53937
1760635639481,999.555
1760635639501,999.5177
1760635639521,999.5075
1760635639541,999.53656
1760635639561,999.5671
1760635639582,999.5736
1760635639602,999.5214
1760635639621,999.5444
1760635639642,999.5628
1760635639661,999.553
1760635639681,999.5716
1760635639701,999.5635
1760635639722,999.5447
1760635639742,999.5611
1760635639762,999.5455
1760635639784,999.52875
1760635639802,999.3816
1760635639822,999.62
1760635639841,999.5513
1760635639861,999.58673
1760635639882,999.626
1760635639902,999.5206
1760635639922,999.53503
1760635639942,999.5669
1760635639961,999.5575
1760635639982,999.54736
1760635640001,999.55286
1760635640021,999.54706
1760635640042,999.575
1760635640062,999.5564
1760635640082,999.5703
1760635640102,999.5627
1760635640121,999.5697
1760635640141,999.54144
1760635640161,999.55347
1760635640181,999.55206
1760635640202,999.5594
1760635640222,999.5483
1760635640242,999.5657
1760635640262,999.5661
1760635640282,999.5755
1760635640301,999.5783
1760635640321,999.5833
1760635640341,999.568
1760635640361,999.5667
1760635640382,999.54956
1760635640403,999.555
1760635640422,999.53253
1760635640441,999.55145
1760635640461,999.5632
1760635640481,999.5233
1760635640501,999.53284
1760635640522,999.55206
1760635640542,999.5739
1760635640563,999.5708
1760635640582,999.5455
1760635640604,999.5373
1760635640623,999.59265
1760635640641,999.5519
1760635640661,999.54266
1760635640682,999.5522
1760635640702,999.53253
1760635640722,999.53973
1760635640742,999.5611
1760635640762,999.54236
1760635640781,999.5219
1760635640802,999.5239
1760635640822,999.5608
1760635640842,999.55536
1760635640862,999.5802
1760635640883,999.5794
1760635640903,999.54987
1760635640922,999.5716
1760635640941,999.5641
1760635640961,999.5594
1760635640981,999.5472
1760635641002,999.53784
1760635641021,999.53766
1760635641041,999.5264
1760635641062,999.5516
1760635641082,999.55457
1760635641101,999.565
1760635641121,999.54004
1760635641141,999.5716
1760635641161,999.5655
1760635641181,999.5664
1760635641202,999.5674
1760635641222,999.5294
1760635641242,999.48987
1760635641262,999.4261
1760635641281,999.44
1760635641302,999.4335
1760635641321,999.46704
1760635641341,999.46924
1760635641362,999.40094
1760635641382,999.4361
1760635641404,999.46313
1760635641422,999.47705
1760635641441,999.51984
1760635641461,999.53064
1760635641481,999.5588
1760635641502,999.5491
1760635641521,999.5936
1760635641542,999.5777
1760635641562,999.5114
1760635641582,999.4974
1760635641601,999.4941
1760635641621,999.5189
1760635641641,999.5203
1760635641661,999.4983
1760635641681,999.5083
1760635641701,999.5664
1760635641722,999.52527
1760635641742,999.54407
1760635641761,999.5483
1760635641781,999.54565
1760635641802,999.53424
1760635641821,999.51984
1760635641841,999.54614
1760635641862,999.5628
1760635641882,999.5519
1760635641903,999.5466
1760635641922,999.5527
1760635641941,999.5652
1760635641961,999.53015
1760635641981,999.528
1760635642001,999.54425
1760635642021,999.5447
1760635642042,999.5703
1760635642062,999.58374
1760635642082,999.58563
1760635642103,999.5725
1760635642122,999.5759
1760635642142,999.59265
1760635642162,999.55786
1760635642182,999.54987
1760635642203,999.5715
1760635642223,999.59454
1760635642242,999.58734
1760635642261,999.5742
1760635642282,999.55096
1760635642301,999.5897
1760635642322,999.54266
1760635642342,999.5811
1760635642362,999.5572
1760635642383,999.54034
1760635642403,999.59534
1760635642422,999.59985
1760635642441,999.5678
1760635642461,999.60065
1760635642481,999.6466
1760635642501,999.6389
1760635642521,999.61786
1760635642542,999.6205
1760635642562,999.62317
1760635642581,999.60846
1760635642601,999.6166
1760635642621,999.59546
1760635642641,999.6327
1760635642662,999.6188
1760635642682,999.61566
1760635642702,999.6342
1760635642722,999.6403
1760635642741,999.6228
1760635642761,999.59
1760635642782,999.6297
1760635642802,999.59314
1760635642822,999.6355
1760635642842,999.6444
1760635642862,999.6386
1760635642883,999.6272
1760635642902,999.6344
1760635642922,999.64984
1760635642941,999.655
1760635642961,999.66595
1760635642981,999.63
1760635643005,999.6508
1760635643021,999.66095
1760635643042,999.64844
1760635643062,999.6503
1760635643081,999.6888
1760635643101,999.66876
1760635643121,999.6377
1760635643142,999.66656
1760635643162,999.6669
1760635643181,999.678
1760635643202,999.6384
1760635643222,999.6939
1760635643241,999.6819
1760635643261,999.6497
1760635643281,999.6978
1760635643302,999.683
1760635643321,999.67676
1760635643342,999.6896
1760635643362,999.67957
1760635643382,999.72003
1760635643402,999.6669
1760635643421,999.6983
1760635643441,999.6903
1760635643461,999.7009
1760635643481,999.6991
1760635643502,999.72815
1760635643522,999.703
1760635643542,999.7172
1760635643561,999.71985
1760635643581,999.7369
1760635643601,999.7144
1760635643621,999.7425
1760635643642,999.7427
1760635643662,999.7522
1760635643682,999.73035
1760635643702,999.7567
1760635643721,999.7541
1760635643741,999.72723
1760635643761,999.73706
1760635643782,999.7619
1760635643802,999.73816
1760635643822,999.7719
1760635643842,999.73016
1760635643863,999.7669
1760635643883,999.8044
1760635643902,999.8066
1760635643922,999.7947
1760635643941,999.8097
1760635643961,999.85425
1760635643981,999.78937
1760635644003,999.8075
1760635644023,999.8091
1760635644043,999.833
1760635644061,999.8171
1760635644082,999.8544
1760635644102,999.86316
1760635644121,999.85565
1760635644142,999.8736
1760635644162,999.8794
1760635644182,999.8942
1760635644203,999.8758
1760635644222,999.92126
1760635644241,999.9336
1760635644262,999.92316
1760635644282,999.95483
1760635644302,999.9508
1760635644322,999.95
1760635644342,999.95
1760635644362,999.9683
1760635644381,999.9566
1760635644401,999.9497
1760635644424,999.95874
1760635644441,999.98206
1760635644462,999.97064
1760635644481,999.9539
1760635644502,999.9733
1760635644522,999.98267
1760635644541,999.9697
1760635644561,999.96564
1760635644581,999.96643
1760635644601,999.9833
1760635644621,999.93066
1760635644641,999.9444
1760635644662,999.97784
1760635644682,999.97986
1760635644702,999.965
1760635644721,999.9581
1760635644741,999.98535
1760635644761,999.96375
1760635644781,999.9424
1760635644801,999.9883
1760635644822,1000.0012
1760635644842,1000.0013
1760635644863,999.96924
1760635644882,1000.005
1760635644901,1000.003
1760635644923,999.9847
1760635644941,1000.003
1760635644961,1000.0007
1760635644982,1000.02313
1760635645007,999.9991
1760635645023,1000.03674
1760635645041,1000.0272
1760635645061,1000.0597
1760635645081,1000.03845
1760635645101,1000.0447
1760635645121,1000.03516
1760635645141,1000.0269
1760635645163,1000.025
1760635645182,1000.0588
1760635645201,1000.0511
1760635645221,1000.0483
1760635645242,1000.04126
1760635645262,1000.0522
1760635645281,1000.0035
1760635645302,1000.03644
1760635645322,1000.0719
1760635645342,1000.0752
1760635645362,1000.0814
1760635645382,1000.09973
1760635645401,1000.09314
1760635645421,1000.11176
1760635645441,1000.11707
1760635645462,1000.09906
1760635645482,1000.0792
1760635645502,1000.10406
1760635645522,1000.0891
1760635645541,1000.1211
1760635645561,1000.09924
1760635645581,1000.1353
1760635645601,1000.123
1760635645621,1000.1483
1760635645642,1000.14624
1760635645662,1000.1308
1760635645682,1000.142
1760635645703,1000.1288
1760635645721,1000.1456
1760635645741,1000.17017
1760635645761,1000.1558
1760635645782,1000.15533
1760635645802,1000.16113
1760635645822,1000.16724
1760635645843,1000.1246
1760635645862,1000.14984
1760635645882,1000.17285
1760635645902,1000.1896
1760635645921,1000.178
1760635645941,1000.17114
1760635645962,1000.1927
1760635645982,1000.2045
1760635646003,1000.2016
1760635646021,1000.1838
1760635646042,1000.1899
1760635646062,1000.17645
1760635646081,1000.2027
1760635646102,1000.2055
1760635646122,1000.24927
1760635646142,1000.23254
1760635646162,1000.2502
1760635646181,1000.2516
1760635646202,1000.2585
1760635646222,1000.2497
1760635646241,1000.2631
1760635646262,1000.2511
1760635646282,1000.2527
1760635646302,1000.2502
1760635646323,1000.275
1760635646342,1000.2636
1760635646362,1000.2491
1760635646381,1000.27673
1760635646402,1000.27875
1760635646421,1000.29926
1760635646442,1000.28705
1760635646462,1000.29596
1760635646482,1000.3149
1760635646502,1000.28973
1760635646521,1000.3199
1760635646541,1000.3291
1760635646561,1000.3283
1760635646581,1000.31
1760635646601,1000.3247
1760635646622,1000.33875
1760635646642,1000.3352
1760635646662,1000.3178
1760635646681,1000.35223
1760635646701,1000.36145
1760635646722,1000.358
1760635646741,1000.3508
1760635646762,1000.36145
1760635646782,1000.3814
1760635646802,1000.3196
1760635646823,1000.3369
1760635646842,1000.35614
1760635646862,1000.33875
1760635646881,1000.36035
1760635646902,1000.3597
1760635646922,1000.3967
1760635646941,1000.386
1760635646962,1000.40985
1760635646982,1000.3866
1760635647008,1000.37317
1760635647021,1000.40894
1760635647041,1000.4247
1760635647061,1000.41187
1760635647081,1000.4352
1760635647101,1000.41736
1760635647122,1000.3918
1760635647142,1000.438
1760635647162,1000.41223
1760635647181,1000.4288
1760635647201,1000.4322
1760635647221,1000.4364
1760635647241,1000.4455
1760635647261,1000.47003
1760635647281,1000.4577
1760635647302,1000.4722
1760635647323,1000.46204
1760635647341,1000.46564
1760635647361,1000.46906
1760635647381,1000.4489
1760635647402,1000.4483
1760635647422,1000.446
1760635647442,1000.47394
1760635647462,1000.4711
1760635647482,1000.47406
1760635647501,1000.46735
1760635647521,1000.5052
1760635647541,1000.5017
1760635647561,1000.4933
1760635647581,1000.4886
1760635647602,1000.52905
1760635647622,1000.5146
1760635647642,1000.4991
1760635647661,1000.5117
1760635647681,1000.5005
1760635647701,1000.5358
1760635647721,1000.5144
1760635647741,1000.4999
1760635647761,1000.53766
1760635647782,1000.54425
1760635647803,1000.5911
1760635647821,1000.5694
1760635647841,1000.5875
1760635647861,1000.571
1760635647882,1000.5747
1760635647904,1000.5858
1760635647922,1000.5803
1760635647941,1000.5739
1760635647962,1000.5605
1760635647982,1000.59534
1760635648001,1000.5633
1760635648021,1000.59503
1760635648041,1000.6297
1760635648061,1000.59143
1760635648082,1000.59235
1760635648102,1000.61566
1760635648122,1000.5947
1760635648142,1000.61176
1760635648161,1000.59595
1760635648181,1000.6239
1760635648201,1000.5766
1760635648221,1000.6152
1760635648241,1000.6358
1760635648262,1000.6105
1760635648282,1000.6169
1760635648303,1000.6221
1760635648321,1000.6349
1760635648342,1000.6453
1760635648362,1000.648
1760635648382,1000.67957
1760635648402,1000.7014
1760635648422,1000.66504
1760635648442,1000.70593
1760635648462,1000.6896
1760635648481,1000.6889
1760635648501,1000.6456
1760635648521,1000.67316
1760635648541,1000.66986
1760635648561,1000.6983
1760635648581,1000.71564
1760635648602,1000.7175
1760635648623,1000.7286
1760635648641,1000.6986
1760635648661,1000.7416
1760635648681,1000.7067
1760635648701,1000.7072
1760635648722,1000.7452
1760635648742,1000.7478
1760635648762,1000.7719
1760635648782,1000.7397
1760635648803,1000.7388
1760635648822,1000.7572
1760635648842,1000.7358
1760635648861,1000.753
1760635648882,1000.758
1760635648903,1000.78613
1760635648922,1000.8077
1760635648942,1000.78345
1760635648962,1000.8188
1760635648981,1000.8102
1760635649001,1000.8247
1760635649021,1000.77875
1760635649042,1000.79846
1760635649061,1000.78284
1760635649082,1000.7785
1760635649102,1000.7783
1760635649122,1000.80865
1760635649141,1000.8283
1760635649162,1000.85114
1760635649181,1000.84766
1760635649201,1000.8277
1760635649221,1000.85175
1760635649241,1000.8284
1760635649262,1000.8277
1760635649283,1000.8341
1760635649302,1000.8572
1760635649322,1000.85596
1760635649341,1000.87067
1760635649362,1000.8675
1760635649382,1000.85736
1760635649402,1000.86926
1760635649422,1000.90344
1760635649443,1000.91174
1760635649461,1000.90234
1760635649481,1000.91046
1760635649501,1000.9355
1760635649521,1000.9489
1760635649542,1000.9069
1760635649562,1000.9108
1760635649582,1000.92505
1760635649602,1000.90875
1760635649622,1000.91925
1760635649642,1000.91797
1760635649661,1000.9086
1760635649682,1000.9545
1760635649702,1000.9435
1760635649722,1000.95953
1760635649741,1000.97015
1760635649762,1000.97034
1760635649782,1000.9603
1760635649801,1000.9452
1760635649821,1000.98004
1760635649842,1000.9608
1760635649861,1000.9994
1760635649882,1000.97705
1760635649902,1000.983
1760635649922,1001.0025
1760635649943,1001.0134
1760635649961,1001.0483
1760635649982,1001.0072
1760635650001,1001.0247
1760635650022,1001.02124
1760635650041,1001.04236
1760635650062,1001.0605
1760635650082,1001.0133
1760635650102,1001.0333
1760635650121,1001.0433
1760635650142,1001.0272
1760635650161,1001.02625
1760635650181,1001.0202
1760635650201,1001.0806
1760635650222,1001.0525
1760635650242,1001.03723
1760635650262,1001.09753
1760635650281,1001.06
1760635650301,1001.08203
1760635650322,1001.05536
1760635650341,1001.072
1760635650362,1001.0786
1760635650382,1001.0642
1760635650402,1001.0756
1760635650423,1001.05707
1760635650446,1001.11676
1760635650461,1001.10425
1760635650481,1001.09863
1760635650501,1001.09985
1760635650521,1001.09784
1760635650541,1001.1324
1760635650562,1001.08704
1760635650582,1001.10535
1760635650602,1001.126
1760635650621,1001.1244
1760635650641,1001.15564
1760635650661,1001.1236
1760635650681,1001.1264
1760635650701,1001.1269
1760635650722,1001.1263
1760635650742,1001.15234
1760635650762,1001.14813
1760635650781,1001.15204
1760635650802,1001.17505
1760635650822,1001.17377
1760635650842,1001.17847
1760635650862,1001.17487
1760635650882,1001.16797
1760635650902,1001.16766
1760635650922,1001.17017
1760635650941,1001.17206
1760635650961,1001.14484
1760635650981,1001.17126
1760635651001,1001.17267
1760635651021,1001.1978
1760635651041,1001.1989
1760635651062,1001.2034
1760635651082,1001.2572
1760635651102,1001.23157
1760635651121,1001.23676
1760635651141,1001.2517
1760635651161,1001.2449
1760635651181,1001.2649
1760635651202,1001.2158
1760635651222,1001.26843
1760635651242,1001.23987
1760635651263,1001.2541
1760635651281,1001.2488
1760635651301,1001.2733
1760635651321,1001.2663
1760635651341,1001.29425
1760635651362,1001.2983
1760635651382,1001.29675
1760635651402,1001.29224
1760635651422,1001.2766
1760635651441,1001.29675
1760635651461,1001.2775
1760635651481,1001.2741
1760635651501,1001.29456
1760635651521,1001.29926
1760635651542,1001.30786
1760635651562,1001.3041
1760635651582,1001.35114
1760635651601,1001.34204
1760635651621,1001.35754
1760635651641,1001.3769
1760635651661,1001.40454
1760635651681,1001.4008
1760635651701,1001.403
1760635651722,1001.42175
1760635651742,1001.41925
1760635651761,1001.43567
1760635651781,1001.4544
1760635651802,1001.4421
1760635651821,1001.4447
1760635651842,1001.4456
1760635651862,1001.47235
1760635651882,1001.44836
1760635651903,1001.48737
1760635651922,1001.5052
1760635651942,1001.5119
1760635651961,1001.48535
1760635651981,1001.4925
1760635652001,1001.52734
1760635652021,1001.53485
1760635652042,1001.48895
1760635652062,1001.4974
1760635652082,1001.49457
1760635652101,1001.5311
1760635652121,1001.45984
1760635652141,1001.4955
1760635652161,1001.47644
1760635652181,1001.515
1760635652202,1001.5075
1760635652222,1001.54645
1760635652242,1001.53033
1760635652262,1001.53125
1760635652282,1001.53815
1760635652301,1001.5613
1760635652322,1001.53485
1760635652342,1001.5586
1760635652362,1001.55316
1760635652382,1001.5853
1760635652402,1001.5666
1760635652422,1001.561
1760635652442,1001.5511
1760635652461,1001.55927
1760635652481,1001.5694
1760635652502,1001.5752
1760635652522,1001.5624
1760635652542,1001.53815
1760635652562,1001.54517
1760635652582,1001.5599
1760635652602,1001.5667
1760635652622,1001.5649
1760635652642,1001.54675
1760635652662,1001.5736
1760635652682,1001.55286
1760635652702,1001.58344
1760635652722,1001.5861
1760635652741,1001.5722
1760635652762,1001.5736
1760635652782,1001.5781
1760635652801,1001.578
1760635652822,1001.60785
1760635652842,1001.5788
1760635652862,1001.5752
1760635652882,1001.5758
1760635652903,1001.59546
1760635652921,1001.5753
1760635652942,1001.5911
1760635652962,1001.59766
1760635652981,1001.61395
1760635653001,1001.61786
1760635653022,1001.62427
1760635653042,1001.631
1760635653062,1001.643
1760635653082,1001.6189
1760635653101,1001.60486
1760635653121,1001.6319
1760635653141,1001.6239
1760635653161,1001.6094
1760635653181,1001.64703
1760635653203,1001.6475
1760635653222,1001.6247
1760635653242,1001.6269
1760635653261,1001.6403
1760635653282,1001.625
1760635653301,1001.6158
1760635653321,1001.6467
1760635653342,1001.6327
1760635653363,1002.1317
1760635653382,1002.1736
1760635653401,1001.88
1760635653421,1001.66437
1760635653464,1001.53815
1760635653464,1001.67017
1760635653481,1001.62317
1760635653504,1001.6321
1760635653521,1001.6386
1760635653542,1001.61005
1760635653561,1001.6405
1760635653581,1001.6494
1760635653601,1001.6669
1760635653621,1001.66187
1760635653641,1001.6797
1760635653661,1001.66455
1760635653682,1001.6942
1760635653702,1001.653
1760635653722,1001.67114
1760635653741,1001.65125
1760635653761,1001.65125
1760635653781,1001.635
1760635653801,1001.6325
1760635653821,1001.67114
1760635653841,1001.65735
1760635653862,1001.6694
1760635653882,1001.6766
1760635653902,1001.6946
1760635653921,1001.7003
1760635653941,1001.66516
1760635653962,1001.67676
1760635653981,1001.67737
1760635654002,1001.65814
1760635654022,1001.6375
1760635654042,1001.6417
1760635654061,1001.6433
1760635654081,1001.6221
1760635654101,1001.6381
1760635654121,1001.6441
1760635654141,1001.65594
1760635654161,1001.655
1760635654182,1001.66925
1760635654202,1001.65
1760635654222,1001.6808
1760635654241,1001.6708
1760635654261,1001.67737
1760635654281,1001.65845
1760635654301,1001.66705
1760635654321,1001.6533
1760635654342,1001.6475
1760635654363,1001.6308
1760635654381,1001.6261
1760635654402,1001.6514
1760635654422,1001.6361
1760635654441,1001.65125
1760635654462,1001.6317
1760635654483,1001.6406
1760635654502,1001.65125
1760635654522,1001.67236
1760635654542,1001.6369
1760635654561,1001.6422
1760635654581,1001.6511
1760635654601,1001.65173
1760635654621,1001.6205
1760635654641,1001.6344
1760635654662,1001.6177
1760635654682,1001.64453
1760635654702,1001.6335
1760635654721,1001.6333
1760635654741,1001.6261
1760635654761,1001.6233
1760635654782,1001.6283
1760635654802,1001.6419
1760635654821,1001.65564
1760635654842,1001.66345
1760635654862,1001.6705
1760635654882,1001.6525
1760635654902,1001.65094
1760635654922,1001.66205
1760635654941,1001.6224
1760635654961,1001.6347
1760635654982,1001.623
1760635655002,1001.6464
1760635655022,1001.64594
1760635655042,1001.6166
1760635655061,1001.66156
1760635655081,1001.625
1760635655101,1001.6438
1760635655121,1001.66864
1760635655141,1001.6428
1760635655162,1001.6381
1760635655182,1001.65204
1760635655201,1001.6314
1760635655222,1001.6327
1760635655241,1001.66113
1760635655261,1001.653
1760635655282,1001.6386
1760635655302,1001.6608
1760635655322,1001.6478
1760635655342,1001.6833
1760635655363,1001.6705
1760635655381,1001.66626
1760635655401,1001.6827
1760635655421,1001.6942
1760635655442,1001.6891
1760635655462,1001.7361
1760635655482,1001.7005
1760635655503,1001.73126
1760635655522,1001.70734
1760635655541,1001.6525
1760635655561,1001.6322
1760635655581,1001.60754
1760635655601,1001.59796
1760635655621,1001.62036
1760635655642,1001.6272
1760635655662,1001.6772
1760635655682,1001.7072
1760635655701,1001.708
1760635655721,1001.7011
1760635655741,1001.68427
1760635655761,1001.66437
1760635655781,1001.65985
1760635655801,1001.6458
1760635655822,1001.59283
1760635655843,1001.6235
1760635655861,1001.6386
1760635655881,1001.6347
1760635655902,1001.685
1760635655921,1001.6833
1760635655941,1001.7031
1760635655962,1001.68066
1760635655982,1001.6839
1760635656003,1001.678
1760635656022,1001.6428
1760635656041,1001.65625
1760635656061,1001.6766
1760635656081,1001.71515
1760635656101,1001.70483
1760635656122,1001.6905
1760635656142,1001.6972
1760635656162,1001.72034
1760635656182,1001.66174
1760635656201,1001.66284
1760635656221,1001.6766
1760635656242,1001.66736
1760635656261,1001.64484
1760635656282,1001.66895
1760635656302,1001.7014
1760635656322,1001.72235
1760635656343,1001.6969
1760635656362,1001.6891
1760635656381,1001.73645
1760635656402,1001.7053
1760635656422,1001.68677
1760635656441,1001.6814
1760635656461,1001.688
1760635656482,1001.6947
1760635656502,1001.6977
1760635656522,1001.70844
1760635656541,1001.695
1760635656561,1001.7024
1760635656581,1001.6921
1760635656601,1001.71765
1760635656623,1001.6814
1760635656643,1001.7009
1760635656662,1002.8591
1760635656681,1002.74426
1760635656701,1002.0591
1760635656721,1001.6166
1760635656741,1001.60846
1760635656761,1001.72656
1760635656781,1001.6827
1760635656804,1001.6669
1760635656822,1001.6397
1760635656841,1001.6397
1760635656861,1001.6903
1760635656881,1001.67114
1760635656901,1001.6597
1760635656921,1001.6878
1760635656941,1001.7031
1760635656962,1001.7102
1760635656982,1001.6822
1760635657002,1001.71124
1760635657022,1001.7161
1760635657041,1001.7005
1760635657061,1001.7105
1760635657081,1001.7258
1760635657101,1001.73627
1760635657122,1001.72614
1760635657142,1001.7144
1760635657162,1001.7636
1760635657181,1001.72296
1760635657202,1001.7519
1760635657221,1001.6942
1760635657242,1001.72485
1760635657262,1001.6827
1760635657282,1001.71313
1760635657303,1001.58
1760635657322,1001.778
1760635657342,1001.78796
1760635657361,1001.7319
1760635657381,1001.8202
1760635657401,1001.7461
1760635657422,1001.71515
1760635657442,1001.7116
1760635657462,1001.72296
1760635657482,1001.7222
1760635657502,1001.7211
1760635657521,1001.72845
1760635657541,1001.7183
1760635657561,1001.74927
1760635657581,1001.7464
1760635657601,1001.71814
1760635657622,1001.73035
1760635657642,1001.72125
1760635657661,1001.71265
1760635657682,1001.697
1760635657701,1001.72705
1760635657721,1001.72394
1760635657741,1001.7183
1760635657762,1001.751
1760635657782,1001.7533
1760635657802,1001.77954
1760635657823,1001.7507
1760635657841,1001.74347
1760635657861,1001.73987
1760635657881,1001.7333
1760635657901,1001.6825
1760635657921,1001.6985
1760635657942,1001.7031
1760635657962,1001.7005
1760635657982,1001.71094
1760635658001,1001.7595
1760635658022,1001.72296
1760635658041,1001.7645
1760635658061,1001.7366
1760635658082,1001.72675
1760635658102,1001.74176
1760635658122,1001.72955
1760635658142,1001.73267
1760635658161,1001.7736
1760635658181,1001.77344
1760635658202,1001.7487
1760635658222,1001.7617
1760635658242,1001.7836
1760635658262,1001.78754
1760635658282,1001.8033
1760635658302,1001.7809
1760635658321,1001.72644
1760635658342,1001.78424
1760635658361,1001.7772
1760635658381,1001.71344
1760635658401,1001.7053
1760635658421,1001.72034
1760635658442,1001.7136
1760635658462,1001.7175
1760635658481,1001.7524
1760635658501,1001.78906
1760635658521,1001.7691
1760635658541,1001.78674
1760635658561,1001.8142
1760635658582,1001.8344
1760635658602,1001.8269
1760635658622,1001.8063
1760635658642,1001.7958
1760635658661,1001.7691
1760635658681,1001.7786
1760635658701,1001.80237
1760635658721,1001.78143
1760635658742,1001.7772
1760635658762,1001.8217
1760635658783,1001.775
1760635658803,1001.8061
1760635658822,1001.8214
1760635658842,1001.833
1760635658861,1001.8199
1760635658881,1001.8458
1760635658901,1001.8113
1760635658922,1001.84204
1760635658942,1001.823
1760635658962,1001.8197
1760635658981,1001.80096
1760635659001,1001.8306
1760635659021,1001.8655
1760635659041,1001.85736
1760635659061,1001.85956
1760635659082,1001.8673
1760635659102,1001.84735
1760635659122,1001.8342
1760635659141,1001.8069
1760635659162,1001.8375
1760635659181,1001.84064
1760635659203,1001.8394
1760635659221,1001.84125
1760635659242,1001.84485
1760635659263,1001.86206
1760635659283,1001.8763
1760635659302,1001.84015
1760635659322,1001.8677
1760635659342,1001.85425
1760635659361,1001.865
1760635659381,1001.84546
1760635659401,1001.816
1760635659422,1001.8292
1760635659442,1001.84
1760635659463,1001.86255
1760635659481,1001.85205
1760635659501,1001.80676
1760635659521,1001.8119
1760635659541,1001.8022
1760635659562,1001.79016
1760635659582,1001.79376
1760635659602,1001.8035
1760635659623,1001.78345
1760635659641,1001.768
1760635659661,1001.77563
1760635659681,1001.7645
1760635659702,1001.7733
1760635659721,1001.7655
1760635659742,1001.7553
1760635659762,1001.7634
1760635659784,1001.76843
1760635659802,1001.78284
1760635659821,1001.7766
1760635659841,1001.7691
1760635659861,1001.8186
1760635659881,1001.83984
1760635659902,1001.8036
1760635659922,1001.8157
1760635659943,1001.8347
1760635659961,1001.8227
1760635659981,1001.79565
1760635660001,1001.7955
1760635660022,1001.7877
1760635660041,1001.77625
1760635660061,1001.751
1760635660082,1001.7474
1760635660102,1001.77594
1760635660121,1001.79266
1760635660141,1001.78796
1760635660161,1001.8185
1760635660181,1001.8313
1760635660201,1001.85657
1760635660221,1001.85046
1760635660242,1001.811
1760635660262,1001.8066
1760635660283,1001.78094
1760635660301,1001.7675
1760635660322,1001.7631
1760635660342,1001.7566
1760635660361,1001.7739
1760635660382,1001.7708
1760635660402,1001.7583
1760635660422,1001.8089
1760635660442,1001.8342
1760635660461,1001.79095
1760635660481,1001.7744
1760635660501,1001.79626
1760635660521,1001.7588
1760635660541,1001.7669
1760635660562,1001.7631
1760635660582,1001.7658
1760635660603,1001.7644
1760635660621,1001.7552
1760635660641,1001.7708
1760635660661,1001.79755
1760635660681,1001.7717
1760635660701,1001.8002
1760635660722,1001.8341
1760635660742,1001.7591
1760635660762,1001.7844
1760635660781,1001.8102
1760635660801,1001.8033
1760635660822,1001.8055
1760635660842,1001.8328
1760635660861,1001.8199
1760635660882,1001.81
1760635660902,1001.8275
1760635660922,1001.86847
1760635660941,1001.9347
1760635660961,1001.9514
1760635660981,1001.90393
1760635661001,1001.85626
1760635661021,1001.8813
1760635661042,1001.8867
1760635661062,1001.92206
1760635661082,1001.9409
1760635661103,1001.9511
1760635661121,1001.9269
1760635661141,1001.9377
1760635661161,1002.0206
1760635661181,1001.97455
1760635661202,1001.944
1760635661222,1002.0158
1760635661242,1002.0408
1760635661263,1002.0225
1760635661282,1002.04926
1760635661302,1002.0683
1760635661322,1002.0814
1760635661342,1002.142
1760635661362,1002.16797
1760635661381,1002.20984
1760635661402,1002.269
1760635661422,1002.2538
1760635661441,1002.3694
1760635661461,1002.3855
1760635661481,1002.1297
1760635661501,1002.1405
1760635661521,1002.1836
1760635661541,1002.1889
1760635661562,1002.0836
1760635661582,1002.0739
1760635661602,1002.0216
1760635661621,1002.0255
1760635661641,1001.9341
1760635661661,1001.91296
1760635661681,1001.9972
1760635661702,1001.943
1760635661722,1001.9324
1760635661744,1001.98236
1760635661762,1001.9594
1760635661782,1001.97876
1760635661801,1001.97797
1760635661821,1002.0611
1760635661842,1002.30707
1760635661861,1002.23267
1760635661881,1002.2549
1760635661902,1002.2528
1760635661922,1002.2755
1760635661941,1002.26
1760635661961,1002.2631
1760635661982,1002.2586
1760635662001,1002.2558
1760635662021,1002.23206
1760635662042,1002.22363
1760635662062,1002.17096
1760635662083,1002.0916
1760635662101,1002.09766
1760635662121,1002.09344
1760635662141,1002.11456
1760635662162,1002.1152
1760635662182,1002.1436
1760635662202,1002.1694
1760635662223,1002.1329
1760635662243,1002.09534
1760635662262,1002.0742
1760635662282,1002.0788
1760635662302,1002.11017
1760635662322,1002.1813
1760635662342,1002.23267
1760635662361,1002.23004
1760635662382,1002.2586
1760635662403,1002.2703
1760635662421,1002.2486
1760635662442,1002.2592
1760635662461,1002.2419
1760635662481,1002.2532
1760635662501,1002.2183
1760635662522,1002.1228
1760635662542,1002.08765
1760635662562,1002.04486
1760635662581,1002.0014
1760635662601,1001.95953
1760635662622,1001.90424
1760635662642,1001.85266
1760635662661,1001.8111
1760635662682,1001.7567
1760635662702,1001.7452
1760635662722,1001.7625
1760635662743,1001.7678
1760635662762,1001.7341
1760635662781,1001.7666
1760635662801,1001.7447
1760635662822,1001.73175
1760635662843,1001.7552
1760635662862,1001.7422
1760635662882,1001.79987
1760635662902,1001.78674
1760635662921,1001.79407
1760635662941,1001.77203
1760635662961,1001.7477
1760635662981,1001.72516
1760635663001,1001.72095
1760635663022,1001.70953
1760635663042,1001.6939
1760635663062,1001.6999
1760635663081,1001.7086
1760635663101,1001.6941
1760635663121,1001.67426
1760635663141,1001.68176
1760635663162,1001.6897
1760635663181,1001.6836
1760635663202,1001.6555
1760635663223,1001.66156
1760635663242,1001.6406
1760635663262,1001.6783
1760635663281,1001.7422
1760635663302,1001.77844
1760635663322,1001.7578
1760635663342,1001.82
1760635663362,1001.85986
1760635663382,1001.8669
1760635663401,1001.8774
1760635663421,1001.8806
1760635663441,1001.85406
1760635663461,1001.85925
1760635663482,1001.85486
1760635663501,1001.8297
1760635663522,1001.8163
1760635663542,1001.8111
1760635663562,1001.79767
1760635663581,1001.78784
1760635663602,1001.8121
1760635663621,1001.78986
1760635663641,1001.7991
1760635663662,1001.79456
1760635663682,1001.7997
1760635663702,1001.78595
1760635663722,1001.7736
1760635663742,1001.77814
1760635663761,1001.7485
1760635663781,1001.73816
1760635663802,1001.71814
1760635663822,1001.7047
1760635663842,1001.73914
1760635663863,1001.74426
1760635663882,1001.7086
1760635663901,1001.6797
1760635663921,1001.7211
1760635663941,1001.7444
1760635663961,1001.7469
1760635663981,1001.78534
1760635664002,1001.78766
1760635664022,1001.77875
1760635664043,1001.78925
1760635664063,1001.80566
1760635664082,1001.7708
1760635664102,1001.78284
1760635664121,1001.7578
1760635664142,1001.7688
1760635664162,1001.7532
1760635664182,1001.78424
1760635664202,1001.7628
1760635664223,1001.79614
1760635664241,1001.78546
1760635664262,1001.8102
1760635664281,1001.77594
1760635664302,1001.8127
1760635664322,1001.79706
1760635664343,1001.8005
1760635664364,1001.8091
1760635664382,1001.79675
1760635664401,1001.79205
1760635664421,1001.8222
1760635664441,1001.78503
1760635664462,1001.78125
1760635664481,1001.78894
1760635664502,1001.774
1760635664522,1001.78204
1760635664542,1001.7578
1760635664561,1001.7599
1760635664581,1001.72687
1760635664601,1001.7591
1760635664621,1001.74567
1760635664641,1001.7233
1760635664662,1001.7507
1760635664682,1001.7675
1760635664703,1001.7519
1760635664722,1001.7703
1760635664742,1001.748
1760635664761,1001.7577
1760635664782,1001.7691
1760635664802,1001.7736
1760635664822,1001.7588
1760635664842,1001.7656
1760635664865,1001.758
1760635664882,1001.7483
1760635664901,1001.7463
1760635664921,1001.7542
1760635664941,1001.7525
1760635664961,1001.745
1760635664982,1001.79987
1760635665002,1001.7681
1760635665022,1001.77875
1760635665043,1001.79016
1760635665061,1001.77423
1760635665081,1001.7747
1760635665101,1001.7449
1760635665122,1001.7669
1760635665141,1001.77594
1760635665163,1001.7572
1760635665182,1001.7686
1760635665202,1001.7602
1760635665222,1001.8167
1760635665241,1001.79315
1760635665261,1001.79645
1760635665282,1001.8121
1760635665302,1001.8208
1760635665322,1001.78656
1760635665342,1001.80426
1760635665363,1001.79346
1760635665381,1001.8011
1760635665401,1001.78656
1760635665422,1001.79987
1760635665441,1001.8422
1760635665461,1001.8157
1760635665482,1001.80194
1760635665502,1001.8044
1760635665522,1001.8177
1760635665541,1001.8336
1760635665561,1001.78204
1760635665581,1001.80286
1760635665602,1001.77783
1760635665621,1001.78296
1760635665642,1001.77814
1760635665662,1001.7933
1760635665682,1001.78674
1760635665701,1001.79254
1760635665721,1001.78986
1760635665741,1001.79254
1760635665761,1001.78064
1760635665782,1001.8013
1760635665802,1001.80426
1760635665822,1001.8085
1760635665843,1001.78125
1760635665863,1001.78674
1760635665881,1001.79395
1760635665901,1001.79126
1760635665921,1001.78894
1760635665941,1001.77893
1760635665961,1001.78815
1760635665982,1001.7772
1760635666002,1001.78375
1760635666023,1001.8089
1760635666042,1001.78674
1760635666061,1001.7739
1760635666081,1001.79486
1760635666101,1001.7747
1760635666122,1001.761
1760635666142,1001.7658
1760635666162,1001.7438
1760635666183,1001.7494
1760635666202,1001.761
1760635666221,1001.78204
1760635666241,1001.7728
1760635666263,1001.7703
1760635666282,1001.7402
1760635666302,1001.7444
1760635666322,1001.7678
1760635666343,1001.7563
1760635666362,1001.78613
1760635666382,1001.7733
1760635666401,1001.7628
1760635666422,1001.78345
1760635666442,1001.78766
1760635666462,1001.7766
1760635666482,1001.8111
1760635666502,1001.7664
1760635666522,1001.8091
1760635666541,1001.7728
1760635666561,1001.77563
1760635666582,1001.77625
1760635666601,1001.78064
1760635666621,1001.7997
1760635666642,1001.80005
1760635666662,1001.8236
1760635666682,1001.798
1760635666701,1001.8177
1760635666722,1001.8247
1760635666741,1001.78424
1760635666762,1001.78546
1760635666782,1001.79504
1760635666802,1001.78174
1760635666823,1001.7594
1760635666843,1001.8103
1760635666861,1001.78174
1760635666881,1001.77423
1760635666901,1001.78265
1760635666921,1001.80286
1760635666941,1001.78455
1760635666962,1001.78796
1760635666982,1001.7808
1760635667003,1001.78265
1760635667022,1001.7819
1760635667042,1001.7585
1760635667061,1001.78784
1760635667081,1001.78253
1760635667102,1001.7997
1760635667122,1001.8126
1760635667142,1001.78687
1760635667162,1001.79315
1760635667182,1001.7955
1760635667201,1001.77594
1760635667222,1001.79126
1760635667241,1001.7427
1760635667262,1001.72595
1760635667282,1001.7577
1760635667302,1001.74286
1760635667322,1001.73645
1760635667342,1001.74316
1760635667361,1001.74457
1760635667382,1001.73785
1760635667401,1001.71204
1760635667421,1001.6924
1760635667442,1001.72516
1760635667462,1001.71594
1760635667482,1001.68286
1760635667502,1001.6938
1760635667521,1001.7028
1760635667541,1001.72766
1760635667562,1001.7086
1760635667582,1001.7323
1760635667602,1001.715
1760635667622,1001.7128
1760635667642,1001.73596
1760635667663,1001.7258
1760635667682,1001.72473
1760635667702,1001.7441
1760635667721,1001.7344
1760635667741,1001.71735
1760635667762,1001.693
1760635667782,1001.72064
1760635667802,1001.6896
1760635667823,1001.72705
1760635667842,1001.7064
1760635667862,1001.6825
1760635667882,1001.7028
1760635667901,1001.71564
1760635667921,1001.6882
1760635667942,1001.7036
1760635667962,1001.71124
1760635667983,1001.7175
1760635668002,1001.6861
1760635668021,1001.703
1760635668041,1001.6963
1760635668061,1001.72473
1760635668081,1001.71234
1760635668102,1001.6814
1760635668122,1001.70953
1760635668142,1001.7147
1760635668161,1001.73114
1760635668181,1001.71454
1760635668201,1001.7133
1760635668221,1001.7125
1760635668242,1001.7061
1760635668262,1001.6822
1760635668283,1001.72687
1760635668303,1001.7061
1760635668323,1001.7029
1760635668342,1001.6841
1760635668361,1001.688
1760635668384,1001.6992
1760635668402,1001.6907
1760635668421,1001.7183
1760635668442,1001.71124
1760635668462,1001.72205
1760635668482,1001.685
1760635668501,1001.69
1760635668522,1001.7078
1760635668542,1001.6994
1760635668561,1001.73315
1760635668582,1001.6708
1760635668602,1001.696
1760635668622,1001.705
1760635668643,1001.696
1760635668661,1001.68317
1760635668682,1001.6928
1760635668702,1001.70593
1760635668721,1001.68567
1760635668742,1001.6977
1760635668762,1001.6849
1760635668782,1001.6975
1760635668802,1001.7038
1760635668822,1001.7034
1760635668841,1001.7102
1760635668861,1001.7078
1760635668881,1001.72876
1760635668902,1001.7136
1760635668921,1001.6961
1760635668942,1001.698
1760635668962,1001.6927
1760635668981,1001.6936
1760635669001,1001.6953
1760635669021,1001.6555
1760635669042,1001.66125
1760635669061,1001.66394
1760635669082,1001.6849
1760635669102,1001.67017
1760635669123,1001.6917
1760635669142,1001.80786
1760635669161,1002.16144
1760635669181,1001.8683
1760635669201,1001.6403
1760635669228,1001.6989
1760635669241,1001.6369
1760635669261,1001.66266
1760635669282,1001.66315
1760635669302,1001.6366
1760635669321,1001.6253
1760635669341,1001.6361
1760635669361,1001.64813
1760635669381,1001.6395
1760635669401,1001.6403
1760635669422,1001.66876
1760635669442,1001.6455
1760635669462,1001.65234
1760635669481,1001.6489
1760635669501,1001.6377
1760635669521,1001.7025
1760635669541,1001.72626
1760635669561,1001.72516
1760635669581,1001.7819
1760635669602,1001.77625
1760635669622,1001.85394
1760635669641,1001.77234
1760635669661,1001.73895
1760635669681,1001.6405
1760635669701,1001.623
1760635669721,1001.5864
1760635669742,1001.5042
1760635669762,1001.5005
1760635669782,1001.54266
1760635669801,1001.5933
1760635669822,1001.5153
1760635669841,1001.5763
1760635669861,1001.6833
1760635669881,1001.67126
1760635669901,1001.7077
1760635669922,1001.691
1760635669942,1001.71643
1760635669962,1001.733
1760635669981,1001.7511
1760635670001,1001.7714
1760635670021,1001.7605
1760635670042,1001.763
1760635670061,1001.7078
1760635670083,1001.7116
1760635670103,1001.66656
1760635670122,1001.673
1760635670142,1001.6397
1760635670162,1001.6358
1760635670182,1001.64795
1760635670202,1001.6252
1760635670222,1001.6233
1760635670243,1001.6311
1760635670263,1001.6447
1760635670282,1001.6425
1760635670302,1001.6447
1760635670322,1001.6608
1760635670342,1001.66736
1760635670362,1001.6416
1760635670382,1001.68
1760635670402,1001.6308
1760635670422,1001.6188
1760635670442,1001.58954
1760635670462,1001.60156
1760635670481,1001.5781
1760635670501,1001.53656
1760635670521,1001.54535
1760635670541,1001.53564
1760635670562,1001.53284
1760635670582,1001.52704
1760635670602,1001.53033
1760635670621,1001.53284
1760635670641,1001.4971
1760635670661,1001.5074
1760635670682,1001.4919
1760635670701,1001.53485
1760635670721,1001.4902
1760635670742,1001.5145
1760635670762,1001.5419
1760635670782,1001.5211
1760635670802,1001.501
1760635670821,1001.5071
1760635670842,1001.5586
1760635670861,1001.53546
1760635670882,1001.53125
1760635670902,1001.52515
1760635670922,1001.55597
1760635670943,1001.5544
1760635670961,1001.55145
1760635670981,1001.5646
1760635671001,1001.5678
1760635671021,1001.5511
1760635671042,1001.5644
1760635671062,1001.56067
1760635671083,1001.5566
1760635671103,1001.53973
1760635671121,1001.585
1760635671141,1001.5833
1760635671161,1001.5159
1760635671181,1001.53174
1760635671201,1001.5505
1760635671221,1001.5616
1760635671242,1001.5563
1760635671262,1001.55176
1760635671282,1001.5541
1760635671301,1001.55145
1760635671321,1001.53314
1760635671341,1001.54236
1760635671361,1001.5222
1760635671382,1001.53644
1760635671402,1001.53406
1760635671422,1001.5096
1760635671441,1001.5222
1760635671461,1001.49677
1760635671481,1001.5075
1760635671501,1001.5169
1760635671521,1001.48706
1760635671542,1001.4974
1760635671562,1001.5106
1760635671582,1001.47516
1760635671602,1001.5106
1760635671621,1001.48126
1760635671641,1001.5088
1760635671661,1001.4958
1760635671681,1001.4949
1760635671702,1001.5225
1760635671722,1001.506
1760635671742,1001.5749
1760635671763,1001.588
1760635671781,1001.5541
1760635671802,1001.54224
1760635671821,1001.53906
1760635671842,1001.5169
1760635671862,1001.51733
1760635671882,1001.5042
1760635671902,1001.4964
1760635671922,1001.4847
1760635671941,1001.47205
1760635671961,1001.47095
1760635671981,1001.47626
1760635672001,1001.49677
1760635672021,1001.46735
1760635672042,1001.47644
1760635672062,1001.47534
1760635672083,1001.4699
1760635672101,1001.4711
1760635672121,1001.46515
1760635672142,1001.4566
1760635672162,1001.4525
1760635672182,1001.47394
1760635672203,1001.4639
1760635672222,1001.4355
1760635672242,1001.4382
1760635672261,1001.4286
1760635672281,1001.4294
1760635672302,1001.4219
1760635672321,1001.4361
1760635672341,1001.4339
1760635672361,1001.4474
1760635672382,1001.4133
1760635672402,1001.40204
1760635672422,1001.3883
1760635672441,1001.3828
1760635672461,1001.3967
1760635672481,1001.3375
1760635672501,1001.34924
1760635672521,1001.3397
1760635672542,1001.34656
1760635672563,1001.3088
1760635672583,1001.3049
1760635672602,1001.29224
1760635672622,1001.2538
1760635672642,1001.27594
1760635672662,1001.26843
1760635672682,1001.2569
1760635672702,1001.218
1760635672722,1001.23486
1760635672743,1001.21094
1760635672762,1001.2063
1760635672782,1001.23096
1760635672801,1001.22797
1760635672821,1001.2133
1760635672842,1001.22156
1760635672862,1001.2063
1760635672882,1001.1956
1760635672903,1001.21423
1760635672922,1001.22437
1760635672941,1001.22974
1760635672961,1001.16284
1760635672981,1001.22296
1760635673002,1001.23676
1760635673021,1001.2391
1760635673042,1001.22565
1760635673062,1001.21173
1760635673081,1001.22046
1760635673101,1001.22174
1760635673121,1001.2052
1760635673141,1001.16254
1760635673162,1001.1824
1760635673182,1001.17377
1760635673202,1001.14923
1760635673222,1001.16125
1760635673241,1001.1822
1760635673262,1001.1994
1760635673281,1001.14703
1760635673302,1001.21173
1760635673321,1001.213
1760635673342,1001.1777
1760635673362,1001.23395
1760635673382,1001.1769
1760635673403,1001.16675
1760635673421,1001.1271
1760635673441,1001.1096
1760635673461,1001.1246
1760635673481,1001.1191
1760635673501,1001.09735
1760635673522,1001.1275
1760635673542,1001.09796
1760635673563,1001.1285
1760635673582,1001.1467
1760635673601,1001.1272
1760635673622,1001.1174
1760635673641,1001.10846
1760635673661,1001.1236
1760635673682,1001.10504
1760635673702,1001.08484
1760635673722,1001.10565
1760635673741,1001.05426
1760635673761,1001.09644
1760635673781,1001.0755
1760635673802,1001.085
1760635673822,1001.0724
1760635673842,1001.0853
1760635673862,1001.09406
1760635673883,1001.11346
1760635673902,1001.0742
1760635673921,1001.0683
1760635673941,1001.0641
1760635673961,1001.03
1760635673981,1001.03906
1760635674001,1001.0491
1760635674022,1001.03937
1760635674042,1001.0311
1760635674062,1001.015
1760635674081,1001.04236
1760635674101,1001.0383
1760635674121,1001.0297
1760635674141,1001.03143
1760635674162,1001.0507
1760635674182,1001.02344
1760635674202,1001.012
1760635674222,1001.0322
1760635674242,1001.0061
1760635674262,1000.96625
1760635674281,1000.9675
1760635674301,1000.9446
1760635674321,1000.9509
1760635674342,1000.958
1760635674362,1000.948
1760635674382,1000.9519
1760635674402,1000.9364
1760635674421,1000.9591
1760635674441,1000.9633
1760635674461,1000.97876
1760635674482,1000.9478
1760635674502,1000.92596
1760635674522,1000.94574
1760635674542,1000.9291
1760635674561,1000.9252
1760635674581,1000.90393
1760635674601,1000.91907
1760635674621,1000.9416
1760635674642,1000.91724
1760635674662,1000.9294
1760635674682,1000.86786
1760635674702,1000.86926
1760635674721,1000.8797
1760635674741,1000.8694
1760635674761,1000.8171
1760635674782,1000.8283
1760635674802,1000.84344
1760635674823,1000.82806
1760635674843,1000.8284
1760635674864,1000.8137
1760635674883,1000.8161
1760635674903,1000.83563
1760635674921,1000.8178
1760635674941,1000.84204
1760635674961,1000.84265
1760635674982,1000.86096
1760635675002,1000.8636
1760635675022,1000.8422
1760635675042,1000.83765
1760635675062,1000.85895
1760635675081,1000.8019
1760635675102,1000.78125
1760635675122,1000.73114
1760635675141,1000.7172
1760635675162,1000.7436
1760635675182,1000.77563
1760635675202,1000.8245
1760635675222,1000.7847
1760635675242,1000.8164
1760635675262,1000.84735
1760635675282,1000.8597
1760635675302,1000.8358
1760635675322,1000.8119
1760635675342,1000.8088
1760635675362,1000.8113
1760635675382,1000.79095
1760635675401,1000.79376
1760635675421,1000.7528
1760635675441,1000.77313
1760635675461,1000.7655
1760635675481,1000.79926
1760635675502,1000.768
1760635675522,1000.7783
1760635675541,1000.78094
1760635675561,1000.80237
1760635675581,1000.80145
1760635675601,1000.7705
1760635675621,1000.7681
1760635675642,1000.7475
1760635675662,1000.7513
1760635675683,1000.74207
1760635675703,1000.73065
1760635675722,1000.7667
1760635675742,1000.7394
1760635675761,1000.7616
1760635675782,1000.7669
1760635675802,1000.7592
1760635675822,1000.7524
1760635675842,1000.7525
1760635675862,1000.78534
1760635675882,1000.738
1760635675901,1000.7425
1760635675921,1000.73285
1760635675941,1000.6949
1760635675961,1000.7502
1760635675981,1000.6799
1760635676002,1000.7058
1760635676022,1000.71875
1760635676041,1000.6849
1760635676061,1000.72925
1760635676081,1000.72845
1760635676101,1000.72504
1760635676121,1000.66315
1760635676141,1000.66815
1760635676162,1000.7067
1760635676182,1000.67236
1760635676201,1000.64624
1760635676221,1000.6361
1760635676241,1000.64954
1760635676261,1000.6333
1760635676281,1000.6313
1760635676302,1000.6367
1760635676322,1000.6097
1760635676342,1000.6427
1760635676361,1000.61646
1760635676381,1000.6252
1760635676401,1000.60516
1760635676422,1000.60785
1760635676441,1000.60345
1760635676461,1000.59625
1760635676482,1000.5561
1760635676502,1000.5717
1760635676522,1000.60626
1760635676541,1000.5875
1760635676562,1000.5705
1760635676581,1000.59033
1760635676602,1000.5642
1760635676623,1000.5875
1760635676642,1000.5759
1760635676662,1000.5669
1760635676682,1000.5714
1760635676701,1000.5613
1760635676722,1000.53125
1760635676742,1000.52765
1760635676762,1000.49097
1760635676782,1000.5039
1760635676802,1000.47095
1760635676822,1000.5077
1760635676843,1000.5153
1760635676862,1000.5197
1760635676881,1000.5589
1760635676901,1000.5152
1760635676921,1000.5159
1760635676941,1000.5206
1760635676962,1000.5085
1760635676982,1000.47003
1760635677002,1000.46814
1760635677021,1000.47284
1760635677041,1000.4592
1760635677061,1000.4086
1760635677081,1000.4408
1760635677102,1000.4472
1760635677122,1000.45984
1760635677142,1000.43677
1760635677162,1000.42926
1760635677181,1000.4036
1760635677201,1000.4413
1760635677221,1000.4464
1760635677241,1000.41437
1760635677262,1000.4197
1760635677282,1000.3735
1760635677302,1000.3908
1760635677323,1000.3928
1760635677343,1000.3686
1760635677362,1000.37317
1760635677381,1000.365
1760635677401,1000.37177
1760635677423,1000.3991
1760635677441,1000.3864
1760635677462,1000.3931
1760635677482,1000.3958
1760635677502,1000.3891
1760635677522,1000.34705
1760635677542,1000.35095
1760635677562,1000.3591
1760635677581,1000.3163
1760635677602,1000.3591
1760635677622,1000.3541
1760635677642,1000.3241
1760635677662,1000.3083
1760635677681,1000.3405
1760635677701,1000.3333
1760635677722,1000.3022
1760635677741,1000.35364
1760635677761,1000.28894
1760635677782,1000.3033
1760635677803,1000.3149
1760635677823,1000.316
1760635677842,1000.2947
1760635677862,1000.2733
1760635677882,1000.2725
1760635677901,1000.2505
1760635677922,1000.28625
1760635677941,1000.26733
1760635677962,1000.2499
1760635677983,1000.28235
1760635678002,1000.27484
1760635678022,1000.3181
1760635678042,1000.3005
1760635678062,1000.2655
1760635678082,1000.2485
1760635678102,1000.2488
1760635678123,1000.257
1760635678143,1000.2158
1760635678163,1000.24817
1760635678182,1000.2372
1760635678202,1000.2011
1760635678222,1000.21985
1760635678241,1000.23126
1760635678262,1000.196
1760635678282,1000.2027
1760635678302,1000.2283
1760635678323,1000.2438
1760635678341,1000.1816
1760635678361,1000.1941
1760635678381,1000.2091
1760635678402,1000.22626
1760635678424,1000.1964
1760635678441,1000.1955
1760635678462,1000.2069
1760635678482,1000.16656
1760635678502,1000.1914
1760635678521,1000.1889
1760635678542,1000.18427
1760635678561,1000.1947
1760635678581,1000.16254
1760635678602,1000.16254
1760635678622,1000.16205
1760635678642,1000.1263
1760635678661,1000.1272
1760635678681,1000.1211
1760635678701,1000.14984
1760635678721,1000.1352
1760635678741,1000.15375
1760635678762,1000.15674
1760635678782,1000.1439
1760635678803,1000.16315
1760635678822,1000.1347
1760635678842,1000.11316
1760635678861,1000.125
1760635678881,1000.1194
1760635678902,1000.10736
1760635678922,1000.0922
1760635678942,1000.09814
1760635678962,1000.0647
1760635678982,1000.09515
1760635679001,1000.04376
1760635679022,1000.08234
1760635679041,1000.0911
1760635679061,1000.04626
1760635679082,1000.05396
1760635679102,1000.0688
1760635679122,1000.0591
1760635679143,1000.04535
1760635679162,1000.04675
1760635679181,1000.08234
1760635679201,1000.071
1760635679221,1000.04126
1760635679242,1000.0533
1760635679262,1000.0264
1760635679282,1000.0322
1760635679303,1000.04785
1760635679322,1000.04266
1760635679341,1000.0066
1760635679362,999.98346
1760635679382,999.98895
1760635679402,999.9719
1760635679422,999.98517
1760635679442,999.9577
1760635679462,999.96564
1760635679481,1000.0013
1760635679501,999.96
1760635679521,999.97485
1760635679541,999.96484
1760635679561,1000.005
1760635679582,999.97736
1760635679602,999.96783
1760635679622,999.96735
1760635679641,999.9361
1760635679661,999.933
1760635679681,999.9353
1760635679701,999.92505
1760635679721,999.92285
1760635679742,999.91425
1760635679762,999.90796
1760635679783,999.91113
1760635679803,999.8867
1760635679822,999.9294
1760635679841,999.9014
1760635679861,999.90924
1760635679881,999.92596
1760635679902,999.8958
1760635679922,999.8799
1760635679942,999.8724
1760635679962,999.8713
1760635679981,999.86145
1760635680001,999.8286
1760635680022,999.84735
1760635680041,999.8375
1760635680061,999.8245
1760635680082,999.7966
1760635680102,999.843
1760635680122,999.78894
1760635680141,999.77515
1760635680161,999.7603
1760635680181,999.7536
1760635680201,999.7477
1760635680222,999.72034
1760635680242,999.7541
1760635680262,999.7433
1760635680283,999.72723
1760635680302,999.72205
1760635680322,999.7219
1760635680342,999.7005
1760635680362,999.7006
1760635680382,999.7064
1760635680402,999.7044
1760635680422,999.73114
1760635680442,999.7027
1760635680461,999.71173
1760635680481,999.7433
1760635680501,999.74176
1760635680521,999.7322
1760635680541,999.7527
1760635680562,999.73114
1760635680582,999.72266
1760635680603,999.72174
1760635680622,999.7347
1760635680641,999.7683
1760635680661,999.7516
1760635680681,999.7341
1760635680701,999.7397
1760635680722,999.7141
1760635680743,999.72504
1760635680762,999.6989
1760635680783,999.68317
1760635680801,999.65594
1760635680821,999.68677
1760635680841,999.65894
1760635680862,999.6966
1760635680882,999.6844
1760635680902,999.66754
1760635680923,999.6908
1760635680942,999.66547
1760635680961,999.6902
1760635680982,999.66907
1760635681001,999.6844
1760635681021,999.678
1760635681042,999.6813
1760635681062,999.67206
1760635681083,999.6742
1760635681102,999.67706
1760635681121,999.6964
1760635681141,999.67847
1760635681161,999.6917
1760635681181,999.6986
1760635681201,999.6747
1760635681222,999.65344
1760635681242,999.6852
1760635681263,999.6188
1760635681282,999.6369
1760635681302,999.6395
1760635681321,999.6175
1760635681342,999.67206
1760635681362,999.65204
1760635681382,999.64343
1760635681402,999.6741
1760635681422,999.64874
1760635681443,999.61786
1760635681461,999.6291
1760635681481,999.6236
1760635681501,999.5933
1760635681521,999.58875
1760635681542,999.5805
1760635681562,999.5861
1760635681582,999.60864
1760635681602,999.6166
1760635681621,999.5841
1760635681641,999.6166
1760635681661,999.60394
1760635681681,999.60394
1760635681701,999.566
1760635681722,999.58594
1760635681742,999.5772
1760635681762,999.5758
1760635681781,999.9614
1760635681801,1000.3096
1760635681821,1000.2933
1760635681841,999.9405
1760635681861,999.5594
1760635681881,999.47894
1760635681902,999.59
1760635681923,999.5819
1760635681945,999.53656
1760635681961,999.51733
1760635681981,999.501
1760635682001,999.52
1760635682021,999.5594
1760635682042,999.53485
1760635682062,999.5519
1760635682082,999.58954
1760635682101,999.5735
1760635682122,999.5657
1760635682141,999.5763
1760635682161,999.5502
1760635682181,999.54266
1760635682201,999.52893
1760635682222,999.5258
1760635682242,999.5275
1760635682263,999.55396
1760635682281,999.54846
1760635682301,999.57983
1760635682321,999.55786
1760635682342,999.5675
1760635682361,999.5614
1760635682382,999.5597
1760635682402,999.5594
1760635682422,999.55817
1760635682442,999.5772
1760635682461,999.5628
1760635682481,999.54486
1760635682501,999.583
1760635682521,999.54987
1760635682541,999.5552
1760635682562,999.5585
1760635682582,999.5633
1760635682601,999.5632
1760635682621,999.5614
1760635682641,999.59204
1760635682661,999.53735
1760635682682,999.5647
1760635682702,999.5774
1760635682722,999.5683
1760635682742,999.55927
1760635682761,999.59985
1760635682781,999.577
1760635682801,999.59955
1760635682822,999.6303
1760635682841,999.623
1760635682862,999.6163
1760635682883,999.6522
1760635682902,999.6183
1760635682922,999.5925
1760635682943,999.6277
1760635682961,999.6347
1760635682981,999.6367
1760635683001,999.6569
1760635683022,999.6814
1760635683042,999.66797
1760635683063,999.65955
1760635683082,999.6533
1760635683101,999.6708
1760635683121,999.65955
1760635683141,999.653
1760635683162,999.6235
1760635683181,999.6317
1760635683202,999.6072
1760635683222,999.5828
1760635683242,999.6205
1760635683261,999.60266
1760635683282,999.5841
1760635683301,999.6177
1760635683322,999.6438
1760635683341,999.6069
1760635683362,999.6219
1760635683382,999.6419
1760635683403,999.6508
1760635683421,999.6402
1760635683442,999.6522
1760635683461,999.6409
1760635683481,999.66095
1760635683502,999.6327
1760635683521,999.6288
1760635683542,999.6111
1760635683562,999.6489
1760635683581,999.65063
1760635683601,999.6264
1760635683621,999.6319
1760635683641,999.6456
1760635683661,999.6366
1760635683682,999.61005
1760635683702,999.6213
1760635683722,999.60114
1760635683742,999.5839
1760635683761,999.5611
1760635683781,999.5817
1760635683801,999.5736
1760635683821,999.5653
1760635683842,999.5828
1760635683862,999.61487
1760635683883,999.66724
1760635683903,999.6872
1760635683921,999.6852
1760635683943,999.66174
1760635683961,999.66223
1760635683981,999.60876
1760635684001,999.6235
1760635684022,999.5858
1760635684042,999.55786
1760635684062,999.5783
1760635684081,999.5772
1760635684101,999.61145
1760635684121,999.59814
1760635684141,999.59
1760635684161,999.59485
1760635684182,999.58026
1760635684202,999.60876
1760635684222,999.62317
1760635684241,999.63
1760635684262,999.5789
1760635684281,999.5724
1760635684301,999.59595
1760635684322,999.59924
1760635684342,999.5853
1760635684363,999.5622
1760635684383,999.5777
1760635684402,999.59393
1760635684422,999.573
1760635684442,999.59155
1760635684461,999.5819
1760635684481,999.5641
1760635684502,999.5883
1760635684522,999.5936
1760635684543,999.60693
1760635684561,999.5936
1760635684582,999.60175
1760635684601,999.5969
1760635684621,999.60376
1760635684642,999.5847
1760635684661,999.5692
1760635684682,999.588
1760635684702,999.5869
1760635684723,999.5806
1760635684741,999.58203
1760635684762,999.6141
1760635684781,999.61005
1760635684801,999.61456
1760635684822,999.59656
1760635684842,999.6008
1760635684862,999.58203
1760635684883,999.5795
1760635684902,999.5861
1760635684921,999.5866
1760635684941,999.5847
1760635684961,999.59595
1760635684981,999.5889
1760635685001,999.6122
1760635685022,999.593
1760635685043,999.6211
1760635685062,999.59033
1760635685082,999.5763
1760635685101,999.59015
1760635685121,999.5866
1760635685141,999.5858
1760635685162,999.5789
1760635685182,999.6105
1760635685202,999.60675
1760635685222,999.5886
1760635685241,999.59735
1760635685261,999.60614
1760635685281,999.59393
1760635685301,999.58344
1760635685322,999.59454
1760635685342,999.59753
1760635685363,999.5908
1760635685382,999.60254
1760635685402,999.60504
1760635685422,999.59845
1760635685441,999.6163
1760635685461,999.6433
1760635685482,999.72656
1760635685502,1000.3103
1760635685522,1000.0653
1760635685542,999.5552
