1760988288293,1002.2461
1760988288313,1002.2556
1760988288333,1002.25903
1760988288353,1002.28564
1760988288374,1002.2453
1760988288393,1002.2372
1760988288413,1002.2413
1760988288433,1002.2725
1760988288453,1002.2431
1760988288473,1002.2623
1760988288493,1002.26764
1760988288514,1002.27594
1760988288533,1002.27075
1760988288553,1002.2473
1760988288573,1002.2544
1760988288593,1002.2297
1760988288613,1002.24274
1760988288634,1002.2436
1760988288653,1002.2289
1760988288673,1002.22687
1760988288693,1002.21844
1760988288713,1002.19904
1760988288733,1002.1844
1760988288753,1002.1862
1760988288773,1002.16736
1760988288793,1002.1933
1760988288813,1002.2089
1760988288834,1002.2417
1760988288854,1002.2647
1760988288873,1002.26294
1760988288893,1002.2361
1760988288914,1002.27606
1760988288934,1002.2594
1760988288954,1002.29126
1760988288975,1002.28766
1760988288993,1002.2525
1760988289013,1002.28156
1760988289034,1002.285
1760988289055,1002.298
1760988289075,1002.2844
1760988289095,1002.28986
1760988289113,1002.313
1760988289133,1002.33826
1760988289153,1002.3486
1760988289173,1002.35095
1760988289194,1002.3436
1760988289213,1002.3722
1760988289234,1002.38153
1760988289254,1002.3814
1760988289273,1002.3762
1760988289294,1002.383
1760988289313,1002.39545
1760988289333,1002.3764
1760988289353,1002.3823
1760988289373,1002.3694
1760988289393,1002.3688
1760988289414,1002.35547
1760988289433,1002.34546
1760988289453,1002.34674
1760988289473,1002.34
1760988289494,1002.3655
1760988289515,1002.3767
1760988289534,1002.41046
1760988289554,1002.38794
1760988289573,1002.41315
1760988289594,1002.3628
1760988289614,1002.3608
1760988289634,1002.35736
1760988289653,1002.33154
1760988289673,1002.3237
1760988289693,1002.32733
1760988289713,1002.3002
1760988289734,1002.20294
1760988289754,1002.1634
1760988289773,1002.1514
1760988289793,1002.1261
1760988289813,1002.10767
1760988289834,1002.0878
1760988289854,1002.047
1760988289873,1002.0502
1760988289893,1002.0795
1760988289913,1002.09143
1760988289933,1002.08795
1760988289953,1002.08575
1760988289974,1002.10223
1760988289993,1002.0742
1760988290013,1002.11346
1760988290034,1002.1227
1760988290054,1002.11127
1760988290074,1002.14624
1760988290095,1002.1272
1760988290114,1002.13763
1760988290135,1002.1266
1760988290153,1002.1158
1760988290173,1002.15295
1760988290194,1002.17633
1760988290214,1002.16046
1760988290233,1002.1772
1760988290253,1002.2328
1760988290273,1002.26483
1760988290293,1002.27936
1760988290314,1002.30884
1760988290333,1002.32904
1760988290353,1002.3594
1760988290373,1002.3236
1760988290394,1002.28986
1760988290413,1002.2878
1760988290434,1002.3053
1760988290453,1002.28766
1760988290473,1002.2939
1760988290493,1002.285
1760988290513,1002.2541
1760988290534,1002.3083
1760988290553,1002.3164
1760988290573,1002.3711
1760988290593,1002.3911
1760988290613,1002.4075
1760988290633,1002.45605
1760988290654,1002.45764
1760988290673,1002.47034
1760988290693,1002.465
1760988290713,1002.5051
1760988290733,1002.48126
1760988290754,1002.4808
1760988290773,1002.46606
1760988290793,1002.46594
1760988290813,1002.4497
1760988290833,1002.45575
1760988290854,1002.44403
1760988290874,1002.4431
1760988290893,1002.4564
1760988290914,1002.487
1760988290934,1002.4905
1760988290954,1002.5089
1760988290974,1002.48517
1760988290995,1002.4853
1760988291014,1002.5145
1760988291034,1002.4839
1760988291054,1002.46936
1760988291074,1002.4732
1760988291094,1002.4902
1760988291114,1002.4778
1760988291133,1002.46826
1760988291153,1002.48517
1760988291173,1002.4514
1760988291194,1002.4428
1760988291214,1002.4221
1760988291233,1002.4367
1760988291253,1002.4725
1760988291274,1002.4575
1760988291294,1002.4509
1760988291314,1002.4258
1760988291335,1002.40497
1760988291354,1002.3691
1760988291373,1002.3936
1760988291394,1002.4147
1760988291414,1002.4398
1760988291435,1002.4352
1760988291454,1002.41846
1760988291473,1002.41095
1760988291493,1002.3795
1760988291514,1002.41486
1760988291534,1002.38763
1760988291554,1002.40186
1760988291573,1002.40826
1760988291594,1002.4386
1760988291614,1002.3986
1760988291635,1002.40436
1760988291654,1002.4289
1760988291673,1002.4194
1760988291694,1002.4451
1760988291713,1002.4425
1760988291734,1002.4378
1760988291753,1002.416
1760988291774,1002.4379
1760988291793,1002.447
1760988291813,1002.45795
1760988291834,1002.45825
1760988291855,1002.4522
1760988291875,1002.4767
1760988291895,1002.4459
1760988291913,1002.44794
1760988291933,1002.46814
1760988291953,1002.4841
1760988291974,1002.47675
1760988291995,1002.4898
1760988292015,1002.48987
1760988292034,1002.45953
1760988292053,1002.4973
1760988292074,1002.53217
1760988292094,1002.51483
1760988292114,1002.52466
1760988292133,1002.48596
1760988292153,1002.52545
1760988292173,1002.52924
1760988292193,1002.5483
1760988292218,1002.53326
1760988292233,1002.51483
1760988292253,1002.51294
1760988292273,1002.5089
1760988292293,1002.52814
1760988292313,1002.52655
1760988292333,1002.5499
1760988292353,1002.51825
1760988292373,1002.53467
1760988292393,1002.5442
1760988292414,1002.5651
1760988292433,1002.5552
1760988292454,1002.55
1760988292473,1002.5736
1760988292493,1002.5706
1760988292514,1002.58185
1760988292533,1002.5531
1760988292555,1002.57635
1760988292573,1002.57874
1760988292594,1002.59326
1760988292613,1002.6144
1760988292634,1002.60846
1760988292653,1002.5986
1760988292674,1002.59875
1760988292693,1002.59204
1760988292713,1002.58325
1760988292733,1002.60876
1760988292753,1002.6252
1760988292774,1002.6156
1760988292794,1002.62
1760988292813,1002.61
1760988292833,1002.6403
1760988292853,1002.66797
1760988292874,1002.6817
1760988292894,1002.63995
1760988292913,1002.6353
1760988292933,1002.6267
1760988292953,1002.64935
1760988292973,1002.6614
1760988292994,1002.66095
1760988293015,1002.65356
1760988293033,1002.65845
1760988293053,1002.6575
1760988293074,1002.66547
1760988293094,1002.68774
1760988293114,1002.66376
1760988293134,1002.6766
1760988293153,1002.65186
1760988293173,1002.678
1760988293193,1002.6745
1760988293214,1002.69025
1760988293234,1002.6866
1760988293255,1002.71356
1760988293273,1002.7089
1760988293293,1002.72485
1760988293313,1002.72876
1760988293335,1002.7083
1760988293355,1002.73474
1760988293374,1002.71844
1760988293394,1002.7428
1760988293414,1002.7495
1760988293434,1002.75934
1760988293455,1002.752
1760988293473,1002.7405
1760988293493,1002.77234
1760988293513,1002.7611
1760988293534,1002.7459
1760988293554,1002.7408
1760988293576,1002.754
1760988293594,1002.79
1760988293613,1002.78375
1760988293635,1002.77405
1760988293653,1002.7653
1760988293674,1002.786
1760988293694,1002.79236
1760988293713,1002.7917
1760988293733,1002.79346
1760988293753,1002.78156
1760988293773,1002.8034
1760988293795,1002.7878
1760988293813,1002.7878
1760988293833,1002.8284
1760988293854,1002.8264
1760988293874,1002.8325
1760988293895,1002.81903
1760988293914,1002.8053
1760988293933,1002.8533
1760988293954,1002.83344
1760988293974,1002.8281
1760988293994,1002.8608
1760988294014,1002.839
1760988294034,1002.8826
1760988294053,1002.8759
1760988294073,1002.8705
1760988294094,1002.8776
1760988294113,1002.8647
1760988294136,1002.8645
1760988294153,1002.8881
1760988294173,1002.8744
1760988294193,1002.8758
1760988294218,1002.90686
1760988294236,1002.89453
1760988294254,1002.91693
1760988294273,1002.9247
1760988294293,1002.8811
1760988294313,1002.9183
1760988294333,1002.8922
1760988294354,1002.9223
1760988294373,1002.95654
1760988294393,1002.95514
1760988294413,1002.9347
1760988294434,1002.9286
1760988294453,1002.9442
1760988294474,1002.9528
1760988294493,1002.97687
1760988294513,1002.97485
1760988294533,1002.983
1760988294553,1002.997
1760988294573,1002.9592
1760988294593,1002.9881
1760988294613,1002.96686
1760988294633,1002.9927
1760988294653,1003.0076
1760988294673,1003.0094
1760988294694,1003.0287
1760988294714,1003.0103
1760988294733,1003.03217
1760988294753,1003.0203
1760988294773,1003.03687
1760988294793,1003.03204
1760988294814,1003.02545
1760988294833,1003.0236
1760988294853,1003.03406
1760988294874,1003.0408
1760988294893,1003.0623
1760988294914,1003.051
1760988294933,1003.03326
1760988294953,1003.0637
1760988294973,1003.09094
1760988294993,1003.0686
1760988295014,1003.0644
1760988295034,1003.0625
1760988295054,1003.08716
1760988295073,1003.0797
1760988295094,1003.08594
1760988295114,1003.10376
1760988295135,1003.09955
1760988295154,1003.08685
1760988295173,1003.0875
1760988295193,1003.0989
1760988295213,1003.09283
1760988295233,1003.14
1760988295254,1003.1403
1760988295273,1003.0784
1760988295294,1003.1291
1760988295313,1003.1378
1760988295334,1003.1231
1760988295354,1003.1331
1760988295374,1003.15546
1760988295393,1003.1375
1760988295413,1003.15875
1760988295433,1003.1362
1760988295454,1003.16125
1760988295474,1003.15454
1760988295495,1003.173
1760988295513,1003.1752
1760988295533,1003.1769
1760988295554,1003.2006
1760988295574,1003.195
1760988295595,1003.2009
1760988295613,1003.1955
1760988295633,1003.21155
1760988295653,1003.23517
1760988295673,1003.2492
1760988295693,1003.2487
1760988295714,1003.2506
1760988295733,1003.23486
1760988295753,1003.2597
1760988295773,1003.2587
1760988295793,1003.2431
1760988295814,1003.23486
1760988295833,1003.253
1760988295853,1003.2606
1760988295873,1003.27203
1760988295893,1003.28094
1760988295914,1003.2664
1760988295934,1003.2686
1760988295954,1003.2989
1760988295973,1003.27875
1760988295994,1003.29596
1760988296014,1003.2989
1760988296034,1003.3435
1760988296055,1003.3193
1760988296073,1003.3192
1760988296093,1003.3144
1760988296114,1003.33923
1760988296134,1003.3283
1760988296154,1003.32623
1760988296173,1003.3111
1760988296193,1003.34186
1760988296213,1003.3639
1760988296233,1003.3314
1760988296253,1003.37537
1760988296274,1003.3593
1760988296293,1003.34564
1760988296313,1003.3639
1760988296333,1003.3511
1760988296353,1003.3631
1760988296374,1003.36
1760988296394,1003.3697
1760988296413,1003.3695
1760988296433,1003.3714
1760988296453,1003.3908
1760988296474,1003.40045
1760988296494,1003.4139
1760988296514,1003.41235
1760988296533,1003.3895
1760988296553,1003.4114
1760988296574,1003.41516
1760988296594,1003.39795
1760988296614,1003.40125
1760988296633,1003.40234
1760988296653,1003.40063
1760988296673,1003.39655
1760988296693,1003.4303
1760988296714,1003.4225
1760988296733,1003.40125
1760988296754,1003.427
1760988296773,1003.4416
1760988296793,1003.4586
1760988296814,1003.4328
1760988296834,1003.4559
1760988296854,1003.4387
1760988296873,1003.4736
1760988296893,1003.4714
1760988296913,1003.45514
1760988296934,1003.47327
1760988296954,1003.47156
1760988296974,1003.47296
1760988296993,1003.4831
1760988297014,1003.4975
1760988297035,1003.4847
1760988297054,1003.48486
1760988297075,1003.4828
1760988297093,1003.5158
1760988297113,1003.53156
1760988297133,1003.5414
1760988297153,1003.52924
1760988297174,1003.52856
1760988297193,1003.51544
1760988297213,1003.54047
1760988297234,1003.53345
1760988297253,1003.5137
1760988297274,1003.5376
1760988297293,1003.52954
1760988297314,1003.5401
1760988297333,1003.54047
1760988297353,1003.5436
1760988297374,1003.58
1760988297394,1003.58325
1760988297413,1003.5792
1760988297433,1003.5806
1760988297454,1003.5742
1760988297473,1003.5672
1760988297494,1003.5751
1760988297515,1003.5904
1760988297534,1003.5666
1760988297554,1003.6064
1760988297574,1003.6117
1760988297594,1003.59174
1760988297614,1003.63074
1760988297635,1003.60657
1760988297653,1003.60236
1760988297673,1003.6389
1760988297693,1003.64703
1760988297714,1003.6413
1760988297735,1003.6507
1760988297753,1003.63
1760988297773,1003.6375
1760988297793,1003.6322
1760988297814,1003.64734
1760988297834,1003.65155
1760988297854,1003.65656
1760988297873,1003.66437
1760988297893,1003.6756
1760988297914,1003.66156
1760988297934,1003.6752
1760988297953,1003.6873
1760988297973,1003.6925
1760988297993,1003.6777
1760988298013,1003.6978
1760988298034,1003.6978
1760988298054,1003.67126
1760988298075,1003.7031
1760988298094,1003.7072
1760988298113,1003.72095
1760988298134,1003.71796
1760988298154,1003.71954
1760988298173,1003.7056
1760988298193,1003.7383
1760988298213,1003.73016
1760988298233,1003.7444
1760988298253,1003.7464
1760988298273,1003.7541
1760988298294,1003.7633
1760988298313,1003.7475
1760988298333,1003.7508
1760988298353,1003.7545
1760988298373,1003.7636
1760988298394,1003.78625
1760988298414,1003.7558
1760988298433,1003.77905
1760988298453,1003.7986
1760988298473,1003.802
1760988298494,1003.7917
1760988298515,1003.7766
1760988298534,1003.77795
1760988298554,1003.79065
1760988298574,1003.8073
1760988298594,1003.817
1760988298614,1003.8083
1760988298634,1003.8119
1760988298654,1003.807
1760988298674,1003.8247
1760988298693,1003.8528
1760988298713,1003.8031
1760988298734,1003.83887
1760988298753,1003.84143
1760988298773,1003.85486
1760988298794,1003.84705
1760988298813,1003.858
1760988298833,1003.8675
1760988298855,1003.8703
1760988298873,1003.8728
1760988298894,1003.8706
1760988298914,1003.9175
1760988298934,1003.8892
1760988298954,1003.89844
1760988298975,1003.8839
1760988298994,1003.90704
1760988299013,1003.89594
1760988299034,1003.89935
1760988299054,1003.93445
1760988299075,1003.91595
1760988299094,1003.9437
1760988299114,1003.9341
1760988299134,1003.9494
1760988299153,1003.93
1760988299174,1003.9263
1760988299194,1003.95764
1760988299213,1003.9394
1760988299233,1003.96063
1760988299253,1003.97205
1760988299274,1003.96954
1760988299294,1003.9948
1760988299314,1003.97314
1760988299333,1003.96906
1760988299353,1003.9917
1760988299373,1003.97345
1760988299394,1003.9833
1760988299414,1003.9967
1760988299433,1004.01404
1760988299454,1004.0028
1760988299473,1004.0083
1760988299493,1004.0002
1760988299514,1004.0083
1760988299534,1004.01904
1760988299553,1004.0095
1760988299573,1004.03107
1760988299593,1004.03217
1760988299613,1004.0497
1760988299633,1004.0563
1760988299653,1004.0483
1760988299673,1004.0478
1760988299693,1004.0737
1760988299713,1004.07733
1760988299733,1004.0591
1760988299754,1004.1021
1760988299773,1004.0756
1760988299793,1004.10956
1760988299813,1004.11096
1760988299834,1004.08514
1760988299853,1004.0987
1760988299874,1004.112
1760988299894,1004.1131
1760988299913,1004.1086
1760988299933,1004.1276
1760988299954,1004.1075
1760988299974,1004.1591
1760988299993,1004.1625
1760988300013,1004.13794
1760988300033,1004.1319
1760988300053,1004.1478
1760988300073,1004.1611
1760988300094,1004.15845
1760988300113,1004.1758
1760988300133,1004.14954
1760988300153,1004.1717
1760988300173,1004.1622
1760988300193,1004.20984
1760988300213,1004.15204
1760988300233,1004.1937
1760988300253,1004.1883
1760988300273,1004.20795
1760988300293,1004.1975
1760988300314,1004.2039
1760988300333,1004.2017
1760988300354,1004.1844
1760988300373,1004.1923
1760988300394,1004.2114
1760988300414,1004.22284
1760988300434,1004.2346
1760988300453,1004.2408
1760988300474,1004.22046
1760988300494,1004.22565
1760988300514,1004.21716
1760988300534,1004.225
1760988300554,1004.2031
1760988300573,1004.2378
1760988300594,1004.2336
1760988300614,1004.2463
1760988300634,1004.23126
1760988300654,1004.27014
1760988300673,1004.2381
1760988300693,1004.2467
1760988300713,1004.2505
1760988300733,1004.27454
1760988300754,1004.2643
1760988300775,1004.2701
1760988300793,1004.255
1760988300813,1004.2589
1760988300833,1004.2495
1760988300854,1004.2559
1760988300874,1004.2589
1760988300894,1004.28455
1760988300914,1004.2525
1760988300934,1004.27014
1760988300954,1004.28516
1760988300974,1004.27466
1760988300994,1004.2875
1760988301014,1004.28687
1760988301033,1004.28284
1760988301053,1004.28986
1760988301074,1004.28595
1760988301094,1004.2975
1760988301113,1004.3077
1760988301134,1004.29407
1760988301153,1004.3088
1760988301173,1004.28656
1760988301193,1004.3089
1760988301214,1004.29724
1760988301233,1004.3153
1760988301253,1004.3194
1760988301273,1004.3259
1760988301293,1004.3248
1760988301314,1004.3331
1760988301334,1004.29944
1760988301353,1004.302
1760988301373,1004.32294
1760988301393,1004.3264
1760988301414,1004.3192
1760988301435,1004.32733
1760988301453,1004.34283
1760988301474,1004.32983
1760988301493,1004.3283
1760988301514,1004.34796
1760988301534,1004.3646
1760988301555,1004.3493
1760988301573,1004.3311
1760988301595,1004.39
1760988301614,1004.3514
1760988301634,1004.35126
1760988301655,1004.35126
1760988301673,1004.34766
1760988301693,1004.3364
1760988301713,1004.3616
1760988301734,1004.3748
1760988301754,1004.358
1760988301774,1004.3749
1760988301795,1004.34485
1760988301814,1004.3645
1760988301834,1004.3778
1760988301854,1004.36096
1760988301874,1004.3744
1760988301895,1004.40466
1760988301914,1004.3617
1760988301934,1004.38153
1760988301953,1004.3525
1760988301974,1004.37
1760988301995,1004.4125
1760988302014,1004.3928
1760988302033,1004.40204
1760988302054,1004.41345
1760988302073,1004.39404
1760988302093,1004.3858
1760988302115,1004.39246
1760988302134,1004.39124
1760988302154,1004.3862
1760988302173,1004.39343
1760988302193,1004.39575
1760988302213,1004.39185
1760988302234,1004.3892
1760988302254,1004.40424
1760988302274,1004.40454
1760988302293,1004.39703
1760988302313,1004.39795
1760988302334,1004.3683
1760988302353,1004.3828
1760988302374,1004.41266
1760988302394,1004.3942
1760988302413,1004.40857
1760988302434,1004.37396
1760988302454,1004.39136
1760988302473,1004.3903
1760988302493,1004.3828
1760988302513,1004.3942
1760988302534,1004.3975
1760988302554,1004.40936
1760988302573,1004.40814
1760988302593,1004.39435
1760988302613,1004.3953
1760988302634,1004.3781
1760988302654,1004.39374
1760988302673,1004.3681
1760988302693,1004.3803
1760988302714,1004.40173
1760988302733,1004.36096
1760988302754,1004.3942
1760988302774,1004.3973
1760988302795,1004.41174
1760988302813,1004.3753
1760988302834,1004.36237
1760988302853,1004.3727
1760988302874,1004.40125
1760988302894,1004.374
1760988302915,1004.40857
1760988302934,1004.40314
1760988302954,1004.4222
1760988302974,1004.4194
1760988302994,1004.4459
1760988303014,1004.42096
1760988303034,1004.4453
1760988303054,1004.4564
1760988303073,1004.46173
1760988303094,1004.47125
1760988303114,1004.4461
1760988303135,1004.45294
1760988303154,1004.45654
1760988303173,1004.46875
1760988303193,1004.4856
1760988303213,1004.4875
1760988303234,1004.5092
1760988303253,1004.52563
1760988303273,1004.5842
1760988303293,1004.59564
1760988303313,1004.58984
1760988303334,1004.6154
1760988303355,1004.6128
1760988303374,1004.66095
1760988303393,1004.68
1760988303413,1004.6364
1760988303434,1004.6291
1760988303454,1004.5776
1760988303474,1004.6178
1760988303494,1004.6064
1760988303514,1004.5972
1760988303534,1004.52484
1760988303554,1004.49866
1760988303575,1004.49176
1760988303595,1004.4494
1760988303614,1004.4628
1760988303634,1004.52094
1760988303655,1004.52765
1760988303673,1004.54407
1760988303694,1004.5533
1760988303713,1004.4853
1760988303733,1004.3783
1760988303754,1004.252
1760988303774,1004.14886
1760988303793,1004.0064
1760988303814,1003.9297
1760988303833,1003.8709
1760988303853,1003.90955
1760988303873,1003.91736
1760988303894,1003.96155
1760988303914,1003.9812
1760988303933,1003.9792
1760988303954,1003.97955
1760988303973,1004.0055
1760988303993,1004.0447
1760988304014,1004.02997
1760988304035,1004.0683
1760988304053,1004.0517
1760988304074,1004.05237
1760988304094,1004.02893
1760988304113,1004.09454
1760988304135,1004.09
1760988304154,1004.09766
1760988304173,1004.085
1760988304193,1004.08673
1760988304213,1004.1091
1760988304233,1004.09576
1760988304254,1004.10077
1760988304273,1004.1159
1760988304293,1004.14185
1760988304313,1004.1461
1760988304334,1004.14594
1760988304354,1004.1551
1760988304373,1004.15155
1760988304394,1004.16626
1760988304413,1004.14984
1760988304433,1004.18
1760988304454,1004.21356
1760988304474,1004.20435
1760988304493,1004.22955
1760988304513,1004.2022
1760988304533,1004.2475
1760988304553,1004.22217
1760988304574,1004.2236
1760988304594,1004.25055
1760988304614,1004.2659
1760988304634,1004.2564
1760988304653,1004.2541
1760988304673,1004.22815
1760988304694,1004.29767
1760988304713,1004.3098
1760988304733,1004.28705
1760988304753,1004.27075
1760988304773,1004.29016
1760988304794,1004.26874
1760988304814,1004.28595
1760988304833,1004.32263
1760988304853,1004.3283
1760988304873,1004.33704
1760988304893,1004.34344
1760988304914,1004.34454
1760988304935,1004.3651
1760988304954,1004.33936
1760988304973,1004.3759
1760988304993,1004.35406
1760988305013,1004.3569
1760988305035,1004.3951
1760988305055,1004.3659
1760988305074,1004.385
1760988305093,1004.40436
1760988305114,1004.40015
1760988305134,1004.4189
1760988305155,1004.3923
1760988305173,1004.3914
1760988305193,1004.3745
1760988305213,1004.4275
1760988305234,1004.425
1760988305254,1004.41956
1760988305273,1004.39716
1760988305293,1004.4284
1760988305313,1004.4261
1760988305333,1004.4025
1760988305354,1004.4328
1760988305375,1004.40094
1760988305394,1004.40936
1760988305414,1004.392
1760988305433,1004.4161
1760988305454,1004.40436
1760988305474,1004.39844
1760988305495,1004.41736
1760988305514,1004.40326
1760988305534,1004.4347
1760988305554,1004.4225
1760988305574,1004.4244
1760988305594,1004.3885
1760988305613,1004.4528
1760988305633,1004.4814
1760988305653,1004.45935
1760988305673,1004.40955
1760988305694,1004.37024
