1760988489724,1002.09827
1760988489740,1002.0598
1760988489761,1002.0409
1760988489781,1002.0815
1760988489800,1002.0786
1760988489820,1002.0733
1760988489841,1002.0878
1760988489860,1002.1219
1760988489881,1002.164
1760988489901,1002.1647
1760988489920,1002.1136
1760988489940,1002.10565
1760988489960,1002.1347
1760988489981,1002.15686
1760988490001,1002.1777
1760988490020,1002.21594
1760988490041,1002.1786
1760988490060,1002.1884
1760988490081,1002.22577
1760988490101,1002.2355
1760988490122,1002.27606
1760988490140,1002.252
1760988490160,1002.2517
1760988490180,1002.2559
1760988490200,1002.26544
1760988490221,1002.30786
1760988490240,1002.3114
1760988490260,1002.3019
1760988490280,1002.28326
1760988490302,1002.29767
1760988490321,1002.27203
1760988490342,1002.25665
1760988490361,1002.21344
1760988490381,1002.1914
1760988490401,1002.1272
1760988490421,1002.09576
1760988490442,1002.08124
1760988490463,1002.05066
1760988490482,1001.97406
1760988490502,1001.97406
1760988490521,1001.97046
1760988490541,1002.0033
1760988490562,1002.019
1760988490580,1002.02405
1760988490600,1002.1223
1760988490620,1002.165
1760988490641,1002.2047
1760988490661,1002.22015
1760988490681,1002.2395
1760988490705,1002.2548
1760988490720,1002.2441
1760988490740,1002.2739
1760988490761,1002.3005
1760988490782,1002.3128
1760988490800,1002.3809
1760988490820,1002.40594
1760988490840,1002.4498
1760988490860,1002.4375
1760988490882,1002.3661
1760988490901,1002.2283
1760988490921,1002.0547
1760988490941,1002.1147
1760988490961,1002.0414
1760988490981,1001.8572
1760988491001,1001.82367
1760988491021,1001.8339
1760988491040,1001.83044
1760988491060,1001.85455
1760988491080,1001.91425
1760988491101,1001.933
1760988491122,1001.9467
1760988491143,1001.9341
1760988491160,1001.92346
1760988491188,1001.9183
1760988491200,1001.9361
1760988491221,1001.9423
1760988491241,1001.95087
1760988491260,1001.9205
1760988491280,1001.9528
1760988491300,1001.9522
1760988491322,1001.9789
1760988491341,1001.9721
1760988491359,1001.9369
1760988491379,1001.981
1760988491398,1001.96826
1760988491418,1001.9938
1760988491438,1002.0055
1760988491459,1002.01404
1760988491479,1002.0527
1760988491499,1002.0778
1760988491519,1002.08405
1760988491539,1002.0561
1760988491559,1002.0494
1760988491580,1002.0522
1760988491600,1002.0399
1760988491619,1002.0734
1760988491638,1002.0659
1760988491658,1002.0761
1760988491679,1002.0784
1760988491699,1002.0668
1760988491719,1002.1206
1760988491739,1002.09625
1760988491759,1002.1033
1760988491779,1002.09534
1760988491799,1002.16956
1760988491820,1002.17126
1760988491839,1002.15546
1760988491859,1002.1838
1760988491879,1002.1806
1760988491899,1002.205
1760988491920,1002.1881
1760988491940,1002.1853
1760988491959,1002.1955
1760988491979,1002.19763
1760988491999,1002.215
1760988492020,1002.1878
1760988492040,1002.21
1760988492059,1002.20703
1760988492079,1002.22107
1760988492099,1002.2042
1760988492119,1002.1995
1760988492140,1002.21594
1760988492160,1002.23236
1760988492179,1002.2425
1760988492199,1002.22546
1760988492219,1002.1961
1760988492240,1002.21265
1760988492260,1002.20795
1760988492279,1002.21906
1760988492299,1002.21454
1760988492320,1002.20935
1760988492339,1002.21643
1760988492359,1002.21216
1760988492380,1002.2341
1760988492399,1002.2347
1760988492419,1002.2478
1760988492439,1002.2366
1760988492460,1002.2311
1760988492480,1002.2146
1760988492500,1002.22797
1760988492519,1002.2452
1760988492540,1002.22266
1760988492560,1002.2383
1760988492580,1002.2706
1760988492600,1002.2358
1760988492619,1002.2509
1760988492640,1002.2664
1760988492659,1002.2703
1760988492679,1002.27655
1760988492700,1002.304
1760988492720,1002.29535
1760988492739,1002.28827
1760988492759,1002.28284
1760988492780,1002.28595
1760988492799,1002.2609
1760988492820,1002.2972
1760988492841,1002.2673
1760988492859,1002.2725
1760988492879,1002.2697
1760988492899,1002.26373
1760988492919,1002.26794
1760988492940,1002.2584
1760988492959,1002.26294
1760988492979,1002.2656
1760988492999,1002.2548
1760988493019,1002.252
1760988493040,1002.2333
1760988493060,1002.2784
1760988493079,1002.2452
1760988493099,1002.2598
1760988493120,1002.2541
1760988493139,1002.27545
1760988493160,1002.2764
1760988493179,1002.26483
1760988493200,1002.27936
1760988493219,1002.28455
1760988493240,1002.28546
1760988493259,1002.3109
1760988493280,1002.3045
1760988493299,1002.3111
1760988493320,1002.29266
1760988493339,1002.27094
1760988493359,1002.3234
1760988493380,1002.3041
1760988493400,1002.2967
1760988493419,1002.2944
1760988493440,1002.2972
1760988493459,1002.3128
1760988493479,1002.2877
1760988493500,1002.27905
1760988493520,1002.32544
1760988493539,1002.27295
1760988493559,1002.29205
1760988493579,1002.2753
1760988493600,1002.2697
1760988493621,1002.27075
1760988493643,1002.27704
1760988493658,1002.28296
1760988493679,1002.3019
1760988493699,1002.3027
1760988493719,1002.2991
1760988493740,1002.3214
1760988493759,1002.3091
1760988493779,1002.3173
1760988493799,1002.34656
1760988493819,1002.31177
1760988493840,1002.3116
1760988493859,1002.35876
1760988493879,1002.30237
1760988493898,1002.345
1760988493919,1002.3248
1760988493940,1002.33203
1760988493960,1002.3573
1760988493979,1002.35236
1760988493999,1002.32684
1760988494019,1002.33344
1760988494040,1002.3167
1760988494060,1002.3237
1760988494079,1002.33765
1760988494099,1002.34656
1760988494119,1002.3206
1760988494139,1002.32874
1760988494159,1002.33484
1760988494180,1002.3072
1760988494199,1002.3208
1760988494219,1002.3176
1760988494239,1002.2875
1760988494260,1002.3142
1760988494280,1002.2875
1760988494300,1002.3002
1760988494319,1002.3272
1760988494339,1002.33325
1760988494359,1002.3169
1760988494379,1002.322
1760988494400,1002.3231
1760988494420,1002.3583
1760988494440,1002.35547
1760988494459,1002.3594
1760988494479,1002.3644
1760988494500,1002.3656
1760988494520,1002.3524
1760988494540,1002.33185
1760988494560,1002.3475
1760988494579,1002.35345
1760988494599,1002.335
1760988494619,1002.3364
1760988494640,1002.36
1760988494660,1002.35095
1760988494679,1002.34564
1760988494700,1002.34534
1760988494720,1002.34784
1760988494740,1002.34393
1760988494759,1002.33044
1760988494779,1002.3091
1760988494799,1002.33685
1760988494819,1002.3278
1760988494839,1002.3244
1760988494860,1002.3635
1760988494879,1002.3111
1760988494899,1002.34674
1760988494919,1002.3225
1760988494940,1002.34717
1760988494960,1002.3389
1760988494979,1002.33984
1760988495000,1002.3264
1760988495019,1002.36096
1760988495039,1002.3664
1760988495060,1002.35547
1760988495080,1002.34875
1760988495099,1002.375
1760988495119,1002.3644
1760988495139,1002.3713
1760988495159,1002.3611
1760988495179,1002.355
1760988495200,1002.3572
1760988495219,1002.3691
1760988495239,1002.3633
1760988495259,1002.3897
1760988495280,1002.36237
1760988495300,1002.35315
1760988495319,1002.372
1760988495340,1002.363
1760988495359,1002.34534
1760988495379,1002.3212
1760988495400,1002.3203
1760988495420,1002.3541
1760988495439,1002.3664
1760988495459,1002.34235
1760988495479,1002.34393
1760988495500,1002.33215
1760988495541,1002.3641
1760988495569,1002.3353
1760988495579,1002.34186
1760988495599,1002.35315
1760988495620,1002.3644
1760988495641,1002.365
1760988495660,1002.34454
1760988495678,1002.3806
1760988495699,1002.39014
1760988495719,1002.38
1760988495739,1002.4
1760988495760,1002.38007
1760988495779,1002.40674
1760988495799,1002.3873
1760988495819,1002.40436
1760988495839,1002.41125
1760988495859,1002.38
1760988495880,1002.3772
1760988495899,1002.38873
1760988495919,1002.378
1760988495939,1002.3772
1760988495959,1002.34186
1760988495980,1002.374
1760988495999,1002.35986
1760988496019,1002.35767
1760988496039,1002.34314
1760988496059,1002.34827
1760988496079,1002.35065
1760988496100,1002.3669
1760988496119,1002.34845
1760988496139,1002.34436
1760988496159,1002.3683
1760988496180,1002.3762
1760988496201,1002.39233
1760988496219,1002.3683
1760988496240,1002.40515
1760988496259,1002.41345
1760988496280,1002.40967
1760988496300,1002.4206
1760988496320,1002.42737
1760988496340,1002.4183
1760988496360,1002.4272
1760988496379,1002.40594
1760988496400,1002.4352
1760988496419,1002.4205
1760988496440,1002.41376
1760988496460,1002.4328
1760988496479,1002.38873
1760988496501,1002.4313
1760988496519,1002.402
1760988496540,1002.387
1760988496559,1002.40155
1760988496579,1002.40784
1760988496599,1002.3522
1760988496619,1002.39185
1760988496640,1002.3694
1760988496660,1002.3605
1760988496679,1002.3727
1760988496700,1002.383
1760988496720,1002.3586
1760988496739,1002.3594
1760988496760,1002.3865
1760988496780,1002.3694
1760988496799,1002.41565
1760988496820,1002.42236
1760988496839,1002.40045
1760988496860,1002.3898
1760988496880,1002.41174
1760988496899,1002.39404
1760988496919,1002.4308
1760988496939,1002.4194
1760988496959,1002.42236
1760988496979,1002.4291
1760988497000,1002.4426
1760988497019,1002.4114
1760988497039,1002.39185
1760988497059,1002.4322
1760988497080,1002.4114
1760988497100,1002.40045
1760988497120,1002.39825
1760988497139,1002.387
1760988497159,1002.3986
1760988497179,1002.3897
1760988497199,1002.41266
1760988497220,1002.4139
1760988497239,1002.3975
1760988497259,1002.3931
1760988497280,1002.40814
1760988497299,1002.40515
1760988497320,1002.40314
1760988497340,1002.40216
1760988497359,1002.41736
1760988497380,1002.4461
1760988497399,1002.4542
1760988497420,1002.423
1760988497441,1002.4277
1760988497461,1002.4377
1760988497480,1002.4266
1760988497499,1002.4428
1760988497519,1002.45374
1760988497540,1002.4447
1760988497560,1002.4456
1760988497579,1002.4528
1760988497599,1002.4361
1760988497620,1002.4417
1760988497646,1002.42267
1760988497660,1002.4383
1760988497680,1002.423
1760988497699,1002.4451
1760988497719,1002.41174
1760988497739,1002.42017
1760988497759,1002.41345
1760988497780,1002.4219
1760988497799,1002.4373
1760988497819,1002.428
1760988497839,1002.4289
1760988497859,1002.40533
1760988497879,1002.3862
1760988497900,1002.4171
1760988497919,1002.3861
1760988497939,1002.41077
1760988497959,1002.41846
1760988497980,1002.41876
1760988498000,1002.4284
1760988498019,1002.45685
1760988498040,1002.46515
1760988498060,1002.4345
1760988498079,1002.4467
1760988498100,1002.45123
1760988498120,1002.4876
1760988498139,1002.46326
1760988498159,1002.4319
1760988498179,1002.4531
1760988498199,1002.4384
1760988498220,1002.44745
1760988498240,1002.46265
1760988498259,1002.4283
1760988498280,1002.41815
1760988498299,1002.4433
1760988498320,1002.4128
1760988498340,1002.4295
1760988498366,1002.4389
1760988498379,1002.4089
1760988498399,1002.4375
1760988498419,1002.4378
1760988498439,1002.41034
1760988498460,1002.44977
1760988498479,1002.41705
1760988498499,1002.44
1760988498519,1002.4416
1760988498540,1002.4255
1760988498559,1002.46124
1760988498580,1002.45703
1760988498599,1002.46967
1760988498620,1002.47314
1760988498639,1002.4856
1760988498660,1002.4895
1760988498680,1002.4658
1760988498699,1002.47986
1760988498719,1002.4939
1760988498739,1002.5017
1760988498759,1002.5005
1760988498780,1002.4739
1760988498801,1002.4803
1760988498819,1002.48596
1760988498839,1002.4905
1760988498859,1002.4786
1760988498879,1002.46857
1760988498900,1002.46173
1760988498921,1002.47815
1760988498939,1002.46436
1760988498959,1002.4922
1760988498979,1002.46295
1760988499000,1002.451
1760988499020,1002.4721
1760988499039,1002.4508
1760988499059,1002.45953
1760988499080,1002.45483
1760988499099,1002.4473
1760988499120,1002.4439
1760988499140,1002.4713
1760988499159,1002.4814
1760988499179,1002.46466
1760988499199,1002.47095
1760988499220,1002.5084
1760988499240,1002.4936
1760988499259,1002.4533
1760988499280,1002.5022
1760988499299,1002.5056
1760988499319,1002.5072
1760988499340,1002.4789
1760988499360,1002.5006
1760988499379,1002.4844
1760988499400,1002.4855
1760988499419,1002.46014
1760988499439,1002.44653
1760988499459,1002.46686
1760988499480,1002.4955
1760988499499,1002.45654
1760988499519,1002.45593
1760988499539,1002.46576
1760988499560,1002.45575
1760988499580,1002.46497
1760988499599,1002.46405
1760988499619,1002.4517
1760988499640,1002.45703
1760988499660,1002.47
1760988499680,1002.45764
1760988499700,1002.48584
1760988499719,1002.47186
1760988499739,1002.48236
1760988499759,1002.47
1760988499780,1002.5073
1760988499800,1002.48517
1760988499819,1002.47034
1760988499839,1002.5014
1760988499859,1002.5128
1760988499879,1002.4983
1760988499899,1002.5073
1760988499920,1002.4948
1760988499939,1002.51733
1760988499959,1002.5158
1760988499979,1002.5067
1760988500000,1002.5142
1760988500022,1002.5092
1760988500040,1002.5067
1760988500059,1002.4888
1760988500079,1002.4792
1760988500099,1002.5006
1760988500120,1002.5011
1760988500140,1002.46185
1760988500159,1002.4792
1760988500179,1002.4902
1760988500199,1002.47455
1760988500219,1002.4395
1760988500240,1002.4772
1760988500260,1002.47314
1760988500279,1002.45514
1760988500299,1002.4881
1760988500319,1002.4817
1760988500340,1002.4944
1760988500360,1002.4866
1760988500380,1002.514
1760988500399,1002.493
1760988500419,1002.5158
1760988500439,1002.53357
1760988500459,1002.5225
1760988500480,1002.5413
1760988500499,1002.53156
1760988500520,1002.517
1760988500540,1002.5253
1760988500559,1002.5025
1760988500580,1002.51904
1760988500600,1002.48804
1760988500619,1002.5078
1760988500639,1002.4803
1760988500660,1002.4764
1760988500679,1002.4933
1760988500699,1002.45764
1760988500720,1002.46783
1760988500739,1002.4955
1760988500759,1002.46674
1760988500779,1002.4553
1760988500800,1002.4732
1760988500820,1002.4872
1760988500839,1002.4842
1760988500859,1002.4994
1760988500879,1002.4956
1760988500899,1002.4725
1760988500920,1002.4753
1760988500940,1002.4772
1760988500959,1002.47034
1760988500979,1002.48596
1760988500999,1002.47955
1760988501019,1002.5058
1760988501040,1002.5243
1760988501059,1002.5086
1760988501079,1002.4947
1760988501099,1002.4902
1760988501119,1002.48627
1760988501139,1002.52704
1760988501160,1002.517
1760988501179,1002.52765
1760988501199,1002.52155
1760988501219,1002.52234
1760988501239,1002.5339
1760988501259,1002.535
1760988501280,1002.5155
1760988501299,1002.53033
1760988501320,1002.52826
1760988501339,1002.5134
1760988501362,1002.5206
1760988501380,1002.5117
1760988501399,1002.52936
1760988501419,1002.4952
1760988501439,1002.5017
1760988501459,1002.535
1760988501480,1002.52045
1760988501500,1002.49115
1760988501519,1002.4906
1760988501539,1002.5058
1760988501559,1002.5164
1760988501579,1002.5055
1760988501600,1002.48846
1760988501621,1002.49664
1760988501639,1002.5112
1760988501659,1002.5186
1760988501679,1002.5003
1760988501700,1002.5134
1760988501720,1002.50635
1760988501740,1002.53326
1760988501759,1002.5062
1760988501779,1002.52075
1760988501799,1002.52893
1760988501819,1002.5192
1760988501841,1002.52655
1760988501860,1002.53217
1760988501880,1002.5159
1760988501899,1002.52423
1760988501920,1002.5125
1760988501940,1002.52423
1760988501959,1002.5095
1760988501980,1002.52155
1760988501999,1002.4927
1760988502019,1002.4952
1760988502040,1002.5084
1760988502060,1002.51624
1760988502079,1002.52045
1760988502099,1002.5119
1760988502119,1002.5053
1760988502139,1002.48987
1760988502160,1002.48846
1760988502180,1002.5
1760988502199,1002.5061
1760988502219,1002.5225
1760988502239,1002.4856
1760988502260,1002.48517
1760988502280,1002.5045
1760988502299,1002.4955
1760988502319,1002.51984
1760988502340,1002.53217
1760988502360,1002.5111
1760988502380,1002.51685
1760988502400,1002.52655
1760988502419,1002.52094
1760988502439,1002.5573
1760988502459,1002.5481
1760988502479,1002.53326
1760988502500,1002.574
1760988502520,1002.5572
1760988502539,1002.58826
1760988502559,1002.59155
1760988502579,1002.5703
1760988502599,1002.558
1760988502620,1002.5644
1760988502639,1002.54767
1760988502659,1002.5539
1760988502679,1002.5814
1760988502700,1002.53577
1760988502719,1002.545
1760988502740,1002.5508
1760988502759,1002.535
1760988502779,1002.5511
1760988502799,1002.52234
1760988502820,1002.5166
1760988502840,1002.5409
1760988502859,1002.5175
1760988502879,1002.4786
1760988502899,1002.487
1760988502919,1002.48376
1760988502940,1002.4811
1760988502960,1002.491
1760988502979,1002.47107
1760988502999,1002.52094
1760988503020,1002.52075
1760988503039,1002.54706
1760988503060,1002.54315
1760988503080,1002.548
1760988503099,1002.5642
1760988503119,1002.58093
1760988503139,1002.5759
1760988503160,1002.54266
1760988503180,1002.55273
1760988503199,1002.5578
1760988503220,1002.5414
1760988503239,1002.5612
1760988503259,1002.5491
1760988503280,1002.5491
1760988503300,1002.5561
1760988503319,1002.5712
1760988503339,1002.5614
1760988503359,1002.5541
1760988503379,1002.5491
1760988503400,1002.55
1760988503420,1002.5605
1760988503440,1002.5436
1760988503460,1002.52856
1760988503479,1002.53656
1760988503499,1002.5158
1760988503519,1002.51263
1760988503539,1002.54315
1760988503559,1002.5181
1760988503579,1002.5086
1760988503599,1002.5112
1760988503620,1002.502
1760988503640,1002.53784
1760988503659,1002.53076
1760988503679,1002.52936
1760988503700,1002.54596
1760988503720,1002.5288
1760988503740,1002.5566
1760988503759,1002.53143
1760988503780,1002.5695
1760988503799,1002.5745
1760988503819,1002.5784
1760988503839,1002.59705
1760988503860,1002.5904
1760988503879,1002.58234
1760988503899,1002.59564
1760988503920,1002.5658
1760988503939,1002.58514
1760988503960,1002.5675
1760988503981,1002.56537
1760988504000,1002.5675
1760988504020,1002.5538
1760988504039,1002.5584
1760988504060,1002.5625
1760988504081,1002.5731
1760988504099,1002.5561
1760988504119,1002.5792
1760988504139,1002.6028
1760988504159,1002.54315
1760988504180,1002.55743
1760988504200,1002.5108
1760988504220,1002.5397
1760988504239,1002.52985
1760988504259,1002.5583
1760988504279,1002.54266
1760988504300,1002.57263
1760988504321,1002.56335
1760988504339,1002.5811
1760988504359,1002.6139
1760988504379,1002.60345
1760988504400,1002.60846
1760988504420,1002.6158
1760988504439,1002.59283
1760988504459,1002.577
1760988504479,1002.5786
1760988504499,1002.58575
1760988504520,1002.5622
1760988504541,1002.57227
1760988504559,1002.5647
1760988504580,1002.58716
1760988504599,1002.5786
1760988504620,1002.59033
1760988504640,1002.5836
1760988504659,1002.5736
1760988504679,1002.5598
1760988504699,1002.58734
1760988504719,1002.5645
1760988504739,1002.59143
1760988504760,1002.5597
1760988504779,1002.5689
1760988504799,1002.5686
1760988504819,1002.5675
1760988504839,1002.5656
1760988504859,1002.53577
1760988504880,1002.5531
1760988504899,1002.5502
1760988504926,1002.58167
1760988504939,1002.57623
1760988504960,1002.58704
1760988504980,1002.5583
1760988504999,1002.5602
1760988505019,1002.60065
1760988505039,1002.6147
1760988505059,1002.6025
1760988505079,1002.6089
1760988505099,1002.6236
1760988505119,1002.6127
1760988505138,1002.6228
1760988505158,1002.64624
1760988505179,1002.6389
1760988505199,1002.5975
1760988505220,1002.6051
1760988505239,1002.6287
1760988505259,1002.6186
1760988505279,1002.6119
1760988505299,1002.6195
1760988505320,1002.6158
1760988505339,1002.59186
1760988505359,1002.60767
1760988505379,1002.58453
1760988505399,1002.59
1760988505420,1002.57074
1760988505440,1002.5644
1760988505459,1002.5759
1760988505479,1002.5581
1760988505499,1002.5723
1760988505520,1002.58795
1760988505540,1002.5617
1760988505559,1002.5622
1760988505579,1002.5706
1760988505599,1002.5634
1760988505619,1002.57733
1760988505640,1002.58124
1760988505660,1002.5861
1760988505679,1002.60095
1760988505699,1002.6081
1760988505726,1002.60205
1760988505739,1002.64154
1760988505760,1002.6353
1760988505780,1002.61414
1760988505799,1002.63513
1760988505819,1002.6242
1760988505839,1002.60596
1760988505860,1002.6189
1760988505880,1002.5936
1760988505900,1002.5997
1760988505919,1002.60986
1760988505939,1002.5986
1760988505959,1002.6133
1760988505981,1002.62
1760988506000,1002.6242
1760988506019,1002.58594
1760988506039,1002.60657
1760988506059,1002.6161
1760988506080,1002.6216
1760988506100,1002.59875
1760988506119,1002.6127
1760988506139,1002.59235
1760988506159,1002.60345
1760988506182,1002.5964
1760988506200,1002.6121
1760988506220,1002.6166
1760988506239,1002.615
1760988506259,1002.63
1760988506279,1002.6247
1760988506299,1002.6286
1760988506319,1002.6128
1760988506340,1002.618
1760988506359,1002.63873
1760988506379,1002.6362
1760988506399,1002.64514
1760988506419,1002.66095
1760988506440,1002.61237
1760988506459,1002.64545
1760988506480,1002.6428
1760988506499,1002.6461
1760988506520,1002.6461
1760988506540,1002.6395
1760988506560,1002.6326
1760988506579,1002.65466
1760988506599,1002.6289
1760988506619,1002.6223
1760988506639,1002.6291
1760988506659,1002.61237
1760988506680,1002.63184
1760988506699,1002.61127
1760988506719,1002.6267
1760988506739,1002.6197
1760988506759,1002.6144
1760988506780,1002.5954
1760988506799,1002.59186
1760988506819,1002.6094
1760988506839,1002.5786
1760988506859,1002.60767
1760988506880,1002.6033
1760988506900,1002.6033
1760988506919,1002.6067
1760988506939,1002.64685
1760988506959,1002.6105
1760988506979,1002.6213
1760988507000,1002.6303
1760988507020,1002.6575
1760988507039,1002.6439
1760988507060,1002.6339
1760988507080,1002.65466
1760988507100,1002.65094
1760988507120,1002.66174
1760988507140,1002.6144
1760988507159,1002.6286
1760988507179,1002.6384
1760988507199,1002.64594
1760988507220,1002.6284
1760988507240,1002.6489
1760988507259,1002.64575
1760988507279,1002.6337
1760988507299,1002.6245
1760988507319,1002.6364
1760988507340,1002.61523
1760988507359,1002.6242
1760988507380,1002.6342
1760988507399,1002.6188
1760988507420,1002.6239
1760988507440,1002.644
1760988507461,1002.62585
1760988507479,1002.63763
1760988507500,1002.6375
1760988507519,1002.62
1760988507539,1002.6319
1760988507559,1002.6311
1760988507580,1002.65466
1760988507599,1002.66486
1760988507619,1002.6575
1760988507639,1002.665
1760988507659,1002.6383
1760988507680,1002.6541
1760988507699,1002.6719
1760988507719,1002.65326
1760988507739,1002.6733
1760988507760,1002.6667
1760988507779,1002.65955
1760988507800,1002.66077
1760988507819,1002.6705
1760988507840,1002.6386
1760988507859,1002.6672
1760988507879,1002.64984
1760988507900,1002.66486
1760988507920,1002.6375
1760988507939,1002.6364
1760988507959,1002.6767
1760988507979,1002.6136
1760988507999,1002.66064
1760988508020,1002.6147
1760988508039,1002.6286
1760988508060,1002.62
1760988508080,1002.6236
1760988508099,1002.6167
1760988508120,1002.6158
1760988508140,1002.6322
1760988508159,1002.6197
1760988508179,1002.65826
1760988508199,1002.6475
1760988508219,1002.65643
1760988508240,1002.6636
1760988508260,1002.6729
1760988508279,1002.70795
1760988508299,1002.70654
1760988508319,1002.6786
1760988508339,1002.6789
1760988508360,1002.6869
1760988508379,1002.6833
1760988508399,1002.6589
1760988508419,1002.6733
1760988508440,1002.6928
1760988508460,1002.71173
1760988508480,1002.6875
1760988508499,1002.675
1760988508519,1002.6789
1760988508540,1002.6614
1760988508559,1002.6953
1760988508580,1002.6845
1760988508600,1002.6789
1760988508619,1002.6895
1760988508639,1002.66315
1760988508659,1002.6705
1760988508679,1002.6901
1760988508700,1002.6645
1760988508719,1002.65533
1760988508739,1002.66046
1760988508760,1002.65466
1760988508780,1002.66956
1760988508800,1002.65845
1760988508821,1002.6738
1760988508839,1002.6951
1760988508859,1002.67096
1760988508879,1002.6733
1760988508899,1002.66693
1760988508920,1002.70447
1760988508940,1002.7042
1760988508959,1002.7103
1760988508979,1002.71814
1760988509001,1002.7008
1760988509020,1002.69116
1760988509040,1002.7033
1760988509060,1002.72156
1760988509079,1002.70123
1760988509099,1002.70685
1760988509120,1002.6892
1760988509140,1002.71704
1760988509160,1002.69763
1760988509180,1002.693
1760988509199,1002.7047
1760988509219,1002.6856
1760988509240,1002.6839
1760988509260,1002.67053
1760988509279,1002.6806
1760988509300,1002.71545
1760988509319,1002.6747
1760988509339,1002.6867
1760988509359,1002.6425
1760988509380,1002.66077
1760988509399,1002.6694
1760988509419,1002.6775
1760988509439,1002.66064
1760988509460,1002.6923
1760988509480,1002.6853
1760988509499,1002.6805
1760988509519,1002.6906
1760988509539,1002.70624
1760988509559,1002.72955
1760988509580,1002.72845
1760988509600,1002.75024
1760988509619,1002.77954
1760988509639,1002.752
1760988509659,1002.73047
1760988509679,1002.72125
1760988509699,1002.72437
1760988509720,1002.7127
1760988509739,1002.71204
1760988509759,1002.71875
1760988509779,1002.73846
1760988509799,1002.7065
1760988509820,1002.71124
1760988509839,1002.72675
1760988509860,1002.73065
1760988509879,1002.71533
1760988509899,1002.71747
1760988509921,1002.7139
1760988509940,1002.7033
1760988509959,1002.70844
1760988509980,1002.7128
1760988510000,1002.70544
1760988510019,1002.6917
1760988510040,1002.7018
1760988510059,1002.688
1760988510080,1002.6945
1760988510099,1002.6945
1760988510120,1002.6667
1760988510140,1002.6977
1760988510160,1002.6926
1760988510179,1002.6948
1760988510199,1002.6973
1760988510219,1002.695
1760988510239,1002.6836
1760988510260,1002.6928
1760988510280,1002.7193
1760988510300,1002.7361
1760988510319,1002.7526
1760988510339,1002.7551
1760988510360,1002.7536
1760988510380,1002.7469
1760988510399,1002.7434
1760988510420,1002.7445
1760988510440,1002.7344
1760988510460,1002.7603
1760988510480,1002.71954
1760988510500,1002.7489
1760988510519,1002.7403
1760988510539,1002.71924
1760988510559,1002.73065
1760988510580,1002.73846
1760988510600,1002.7242
1760988510620,1002.72174
1760988510639,1002.7089
1760988510660,1002.7289
1760988510679,1002.7042
1760988510700,1002.7033
1760988510720,1002.693
1760988510741,1002.6706
1760988510760,1002.6814
1760988510779,1002.70264
1760988510799,1002.6831
1760988510819,1002.72546
1760988510840,1002.7294
1760988510859,1002.7395
1760988510879,1002.7414
1760988510899,1002.7562
1760988510920,1002.74
1760988510940,1002.72705
1760988510960,1002.7498
1760988510979,1002.76935
1760988510999,1002.7356
1760988511019,1002.71436
1760988511040,1002.72266
1760988511060,1002.7379
1760988511079,1002.72955
1760988511100,1002.72314
1760988511121,1002.7463
1760988511139,1002.7459
1760988511160,1002.71985
1760988511180,1002.6924
1760988511199,1002.70233
1760988511220,1002.72015
1760988511240,1002.71674
1760988511260,1002.72296
1760988511280,1002.71204
1760988511299,1002.7328
1760988511320,1002.69763
1760988511339,1002.71436
1760988511359,1002.7225
1760988511380,1002.6907
1760988511400,1002.6936
1760988511419,1002.6897
1760988511439,1002.705
1760988511459,1002.71155
1760988511480,1002.71545
1760988511499,1002.7358
1760988511520,1002.70844
1760988511539,1002.7292
1760988511559,1002.70654
1760988511579,1002.72595
1760988511599,1002.6923
1760988511620,1002.71136
1760988511639,1002.7089
1760988511659,1002.6908
1760988511679,1002.72266
1760988511699,1002.7478
1760988511720,1002.72046
1760988511740,1002.71545
1760988511759,1002.7403
1760988511779,1002.70593
1760988511799,1002.71765
1760988511819,1002.72797
1760988511839,1002.7591
1760988511860,1002.73
1760988511880,1002.7239
1760988511899,1002.71423
1760988511919,1002.76935
1760988511940,1002.7586
1760988511960,1002.7527
1760988511980,1002.7503
1760988512000,1002.7481
1760988512019,1002.7502
1760988512040,1002.7569
1760988512060,1002.7347
1760988512080,1002.7509
1760988512100,1002.7553
1760988512119,1002.753
1760988512139,1002.76044
1760988512160,1002.7523
1760988512180,1002.77014
1760988512199,1002.7537
1760988512220,1002.7608
1760988512239,1002.7403
1760988512259,1002.7659
1760988512280,1002.7609
1760988512300,1002.7631
1760988512319,1002.7459
1760988512339,1002.7481
1760988512359,1002.7517
1760988512380,1002.7478
1760988512400,1002.77155
1760988512421,1002.7784
1760988512439,1002.78284
1760988512459,1002.7125
1760988512479,1002.7598
1760988512499,1002.7425
1760988512520,1002.7492
1760988512539,1002.7358
1760988512560,1002.7414
1760988512579,1002.7422
1760988512599,1002.7583
1760988512619,1002.7428
1760988512641,1002.72986
1760988512659,1002.7542
1760988512679,1002.7658
1760988512699,1002.7506
1760988512719,1002.7502
1760988512740,1002.7622
1760988512760,1002.74524
1760988512779,1002.76294
1760988512799,1002.745
1760988512819,1002.73627
1760988512840,1002.7917
1760988512860,1002.77563
1760988512881,1002.7487
1760988512899,1002.7642
1760988512923,1002.7484
1760988512940,1002.7553
1760988512960,1002.7562
1760988512980,1002.783
1760988512999,1002.76544
1760988513019,1002.7997
1760988513039,1002.7583
1760988513060,1002.78094
1760988513080,1002.77716
1760988513100,1002.78546
1760988513119,1002.77765
1760988513139,1002.78534
1760988513159,1002.77
1760988513180,1002.77594
1760988513200,1002.7578
1760988513219,1002.76825
1760988513239,1002.7714
1760988513260,1002.77045
1760988513279,1002.78796
1760988513299,1002.7597
1760988513320,1002.7658
1760988513340,1002.7542
1760988513359,1002.765
1760988513379,1002.7633
1760988513400,1002.76263
1760988513420,1002.7573
1760988513439,1002.7422
1760988513459,1002.7419
1760988513479,1002.7653
1760988513499,1002.7531
1760988513520,1002.7964
1760988513540,1002.7911
1760988513560,1002.7997
1760988513579,1002.8066
1760988513599,1002.8119
1760988513619,1002.78564
1760988513640,1002.8102
1760988513660,1002.7936
1760988513679,1002.79736
1760988513699,1002.8088
1760988513719,1002.8148
1760988513740,1002.77563
1760988513760,1002.8131
1760988513779,1002.78406
1760988513799,1002.7972
1760988513819,1002.78033
1760988513840,1002.77563
1760988513860,1002.8017
1760988513880,1002.7677
1760988513899,1002.7939
1760988513919,1002.78125
1760988513939,1002.77844
1760988513959,1002.7753
1760988513980,1002.78204
1760988514000,1002.7598
1760988514019,1002.78296
1760988514039,1002.76825
1760988514060,1002.7567
1760988514080,1002.7526
1760988514100,1002.7917
1760988514119,1002.78546
1760988514139,1002.8028
1760988514159,1002.79407
1760988514180,1002.8005
1760988514199,1002.79517
1760988514220,1002.82184
1760988514240,1002.8248
1760988514260,1002.84436
1760988514279,1002.8205
1760988514299,1002.8525
1760988514320,1002.84595
1760988514339,1002.84045
1760988514359,1002.83453
1760988514379,1002.8197
1760988514400,1002.8181
1760988514420,1002.8501
1760988514440,1002.8279
1760988514459,1002.8088
1760988514480,1002.83936
1760988514499,1002.8258
1760988514519,1002.8201
1760988514539,1002.8258
1760988514561,1002.8237
1760988514580,1002.817
1760988514599,1002.8098
1760988514619,1002.8053
1760988514639,1002.7764
1760988514660,1002.808
1760988514679,1002.8197
1760988514699,1002.78143
1760988514719,1002.8173
1760988514739,1002.8013
1760988514760,1002.7991
1760988514780,1002.8183
1760988514799,1002.8006
1760988514819,1002.855
1760988514839,1002.818
1760988514859,1002.84015
1760988514880,1002.84546
1760988514901,1002.83765
1760988514919,1002.83984
1760988514939,1002.83545
1760988514959,1002.8317
1760988514980,1002.8317
1760988515000,1002.8128
1760988515019,1002.84467
1760988515058,1002.8362
1760988515067,1002.823
1760988515096,1002.8328
1760988515101,1002.8116
1760988515120,1002.813
1760988515140,1002.83093
1760988515159,1002.84875
1760988515180,1002.8133
1760988515200,1002.8147
1760988515220,1002.8095
1760988515239,1002.82654
1760988515259,1002.8205
1760988515279,1002.82544
1760988515299,1002.83936
1760988515319,1002.8197
1760988515340,1002.8187
1760988515359,1002.85187
1760988515379,1002.8603
1760988515399,1002.83655
1760988515420,1002.8617
1760988515440,1002.8794
1760988515460,1002.8656
1760988515479,1002.867
1760988515499,1002.88
1760988515519,1002.8709
1760988515540,1002.8698
1760988515560,1002.8787
1760988515579,1002.8692
1760988515599,1002.85516
1760988515619,1002.8675
1760988515639,1002.8389
1760988515659,1002.85736
1760988515680,1002.83185
1760988515699,1002.8603
1760988515719,1002.84534
1760988515739,1002.85
1760988515759,1002.84393
1760988515780,1002.83905
1760988515800,1002.83704
1760988515820,1002.84125
1760988515839,1002.8281
1760988515859,1002.83734
1760988515880,1002.8623
1760988515900,1002.8408
1760988515919,1002.8736
1760988515940,1002.8736
1760988515959,1002.8722
1760988515979,1002.85846
1760988515999,1002.8748
1760988516021,1002.87146
1760988516039,1002.882
1760988516059,1002.8831
1760988516079,1002.8663
1760988516099,1002.8663
1760988516120,1002.8815
1760988516139,1002.8801
1760988516159,1002.8642
1760988516179,1002.8778
1760988516199,1002.8353
1760988516220,1002.8617
1760988516241,1002.85254
1760988516261,1002.83044
1760988516280,1002.8631
1760988516299,1002.8656
1760988516319,1002.8697
1760988516340,1002.8719
1760988516361,1002.8674
1760988516379,1002.8162
1760988516400,1002.85297
1760988516419,1002.8591
1760988516439,1002.85565
1760988516460,1002.8647
1760988516481,1002.8652
1760988516499,1002.8722
1760988516519,1002.8666
1760988516539,1002.8845
1760988516560,1002.89374
1760988516580,1002.86884
1760988516599,1002.91077
1760988516619,1002.8881
1760988516639,1002.89124
1760988516659,1002.90155
1760988516680,1002.8702
1760988516700,1002.8694
1760988516719,1002.88983
1760988516739,1002.8834
1760988516759,1002.91736
1760988516780,1002.8794
1760988516799,1002.887
1760988516819,1002.91345
1760988516840,1002.90063
1760988516860,1002.8722
1760988516879,1002.8728
1760988516899,1002.8731
1760988516921,1002.88513
1760988516939,1002.8716
1760988516959,1002.867
1760988516979,1002.89374
1760988516999,1002.89343
1760988517020,1002.8826
1760988517039,1002.8773
1760988517059,1002.8811
1760988517079,1002.8791
1760988517099,1002.9075
1760988517120,1002.8805
1760988517140,1002.8755
1760988517159,1002.91455
1760988517179,1002.8922
1760988517200,1002.8895
1760988517219,1002.90216
1760988517240,1002.90564
1760988517260,1002.92487
1760988517279,1002.91425
1760988517299,1002.9
1760988517319,1002.91156
1760988517339,1002.91235
1760988517360,1002.9111
1760988517379,1002.89795
1760988517399,1002.91345
1760988517419,1002.8759
1760988517439,1002.90533
1760988517460,1002.9438
1760988517480,1002.8783
1760988517499,1002.91626
1760988517519,1002.9214
1760988517539,1002.90265
1760988517559,1002.90405
1760988517580,1002.9014
1760988517600,1002.8967
1760988517620,1002.887
1760988517640,1002.91296
1760988517660,1002.8791
1760988517680,1002.9068
1760988517700,1002.8909
1760988517719,1002.9416
1760988517740,1002.9253
1760988517759,1002.90326
1760988517779,1002.9434
1760988517799,1002.9314
1760988517820,1002.9403
1760988517839,1002.9389
1760988517859,1002.95703
1760988517879,1002.9578
1760988517900,1002.95264
1760988517920,1002.97577
1760988517939,1002.9797
1760988517959,1002.9814
1760988517979,1002.96234
1760988517999,1002.95184
1760988518020,1002.94507
1760988518040,1002.9813
1760988518059,1002.9461
1760988518079,1002.9614
1760988518099,1002.9508
1760988518119,1002.91986
1760988518140,1002.9299
1760988518160,1002.9214
1760988518180,1002.9309
1760988518199,1002.89404
1760988518219,1002.91156
1760988518240,1002.8917
1760988518260,1002.8917
1760988518279,1002.91296
1760988518300,1002.89734
1760988518319,1002.89905
1760988518339,1002.9373
1760988518360,1002.9359
1760988518381,1002.94617
1760988518399,1002.9417
1760988518419,1002.94653
1760988518440,1002.9498
1760988518460,1002.9472
1760988518480,1002.94653
1760988518500,1002.9561
1760988518519,1002.965
1760988518540,1002.95013
1760988518559,1002.90125
1760988518580,1002.9331
1760988518600,1002.9562
1760988518620,1002.9283
1760988518640,1002.9403
1760988518659,1002.92236
1760988518679,1002.9269
1760988518700,1002.90967
1760988518720,1002.9288
1760988518739,1002.96173
1760988518759,1002.94
1760988518779,1002.947
1760988518799,1002.9139
1760988518820,1002.9387
1760988518841,1002.91974
1760988518859,1002.9342
1760988518879,1002.9314
1760988518899,1002.9556
1760988518920,1002.94
1760988518940,1002.92126
1760988518960,1002.97345
1760988518979,1002.97705
1760988518999,1002.96594
1760988519019,1002.95154
1760988519040,1002.98737
1760988519061,1002.9794
1760988519080,1002.9877
1760988519099,1003.0034
1760988519120,1003.0083
1760988519139,1002.9948
1760988519160,1002.9967
1760988519179,1002.9955
1760988519199,1002.9992
1760988519220,1002.9959
1760988519239,1003.0042
1760988519260,1003.0062
1760988519280,1002.9819
1760988519299,1002.97156
1760988519320,1002.96594
1760988519339,1003.0
1760988519359,1002.96814
1760988519379,1002.98206
1760988519400,1002.96216
1760988519419,1002.95233
1760988519439,1002.9534
1760988519459,1002.9545
1760988519479,1002.9316
1760988519500,1002.8922
1760988519519,1002.923
1760988519540,1002.9161
1760988519559,1002.9236
1760988519579,1002.9328
1760988519600,1002.9689
1760988519620,1002.9449
1760988519639,1002.9483
1760988519659,1002.96814
1760988519679,1002.9461
1760988519699,1002.97485
1760988519720,1002.97906
1760988519740,1002.9844
1760988519759,1002.9456
1760988519779,1002.9914
1760988519799,1002.96783
1760988519820,1002.9739
1760988519840,1002.9847
1760988519859,1002.9589
1760988519880,1002.97186
1760988519900,1002.96674
1760988519920,1002.96674
1760988519940,1002.97
1760988519960,1002.95966
1760988519979,1002.97064
1760988519999,1002.9494
1760988520019,1002.9545
1760988520040,1002.9333
1760988520060,1002.95215
1760988520079,1002.945
1760988520099,1002.94
1760988520119,1002.9327
1760988520138,1002.96423
1760988520160,1002.96985
1760988520180,1002.98065
1760988520199,1002.9819
1760988520219,1002.9808
1760988520239,1002.9903
1760988520259,1003.0125
1760988520280,1003.0128
1760988520300,1003.0048
1760988520320,1003.0123
1760988520339,1003.0189
1760988520359,1003.0017
1760988520380,1003.0103
1760988520400,1002.9958
1760988520419,1003.03265
1760988520439,1003.02
1760988520459,1003.0058
1760988520479,1003.0045
1760988520499,1003.0033
1760988520520,1003.0139
1760988520540,1002.9889
1760988520559,1002.9942
1760988520579,1002.9948
1760988520599,1002.97906
1760988520620,1002.9533
1760988520640,1002.9533
1760988520659,1002.95575
1760988520679,1002.9299
1760988520699,1002.9328
1760988520720,1002.94257
1760988520740,1002.9883
1760988520760,1002.95184
1760988520779,1002.9886
1760988520799,1002.97687
1760988520820,1002.9831
1760988520840,1002.988
1760988520861,1002.9906
1760988520879,1002.9892
1760988520900,1002.9953
1760988520919,1002.997
1760988520939,1002.98016
1760988520959,1002.9842
1760988520979,1002.9931
1760988520999,1002.997
1760988521019,1002.9847
1760988521039,1002.9625
1760988521059,1002.9545
1760988521080,1002.98914
1760988521099,1003.0022
1760988521119,1002.97986
1760988521139,1002.9836
1760988521160,1002.98206
1760988521180,1002.97736
1760988521200,1002.9797
1760988521219,1002.97876
1760988521239,1002.9747
1760988521259,1002.96967
1760988521280,1002.97205
1760988521300,1002.98047
1760988521320,1002.9948
1760988521340,1003.02655
1760988521360,1003.0203
1760988521380,1003.0119
1760988521399,1003.0325
1760988521420,1003.0425
1760988521439,1003.0422
1760988521459,1003.02515
1760988521479,1003.0489
1760988521499,1003.03625
1760988521520,1003.04486
1760988521541,1003.03546
1760988521560,1003.0425
1760988521579,1003.03357
1760988521599,1003.01843
1760988521620,1003.0448
1760988521640,1003.0252
1760988521660,1003.0087
1760988521679,1002.97375
1760988521699,1003.003
1760988521720,1003.0059
1760988521740,1003.02563
1760988521761,1002.992
1760988521779,1003.0108
1760988521799,1003.0028
1760988521819,1002.97516
1760988521839,1002.975
1760988521860,1003.0036
1760988521881,1002.9977
1760988521900,1003.0037
1760988521920,1003.02686
1760988521940,1003.0483
1760988521960,1003.0444
1760988521980,1003.0204
1760988521999,1003.03235
1760988522019,1003.0098
1760988522039,1003.02905
1760988522059,1002.9892
1760988522080,1003.0178
1760988522100,1003.0089
1760988522119,1002.9998
1760988522139,1003.0034
1760988522159,1002.9853
1760988522180,1002.9977
1760988522200,1003.0123
1760988522219,1003.0022
1760988522239,1002.9855
1760988522260,1002.9983
1760988522279,1002.9939
1760988522300,1002.9928
1760988522320,1003.0014
1760988522339,1002.9883
1760988522359,1002.997
1760988522379,1003.0039
1760988522399,1002.9669
1760988522420,1002.96594
1760988522441,1002.99133
1760988522459,1003.02203
1760988522479,1002.9909
1760988522499,1002.9998
1760988522519,1002.9822
1760988522540,1002.9819
1760988522560,1003.0117
1760988522579,1003.02014
1760988522599,1003.0089
1760988522619,1003.0175
1760988522639,1003.0005
1760988522660,1003.0407
1760988522679,1003.017
1760988522700,1003.02423
1760988522719,1003.01404
1760988522740,1003.0217
1760988522759,1003.0083
1760988522779,1003.00653
1760988522799,1003.01685
1760988522819,1003.03217
1760988522839,1003.03546
1760988522860,1002.9883
1760988522880,1003.035
1760988522900,1003.0014
1760988522920,1003.0117
1760988522941,1002.9956
1760988522959,1003.01044
1760988522980,1002.9953
1760988523000,1003.003
1760988523020,1003.0094
1760988523039,1002.9822
1760988523059,1003.0022
1760988523079,1002.9725
1760988523100,1002.96704
1760988523119,1002.9783
1760988523140,1002.9913
1760988523159,1002.9736
1760988523179,1003.02155
1760988523200,1002.9998
1760988523220,1003.02545
1760988523239,1003.02563
1760988523259,1003.03156
1760988523279,1003.02686
1760988523300,1003.03284
1760988523320,1003.0378
1760988523341,1003.03455
1760988523359,1003.017
1760988523379,1003.0361
1760988523399,1003.03265
1760988523419,1003.02875
1760988523440,1003.0161
1760988523460,1003.01843
1760988523479,1003.017
1760988523499,1003.0197
1760988523519,1003.02686
1760988523539,1003.0128
1760988523560,1002.98596
1760988523579,1003.0073
1760988523599,1002.9983
1760988523619,1003.0034
1760988523639,1002.9963
1760988523660,1003.0012
1760988523680,1003.0016
1760988523699,1002.9825
1760988523718,1003.0181
1760988523739,1003.0142
1760988523759,1003.0052
1760988523779,1003.0228
1760988523798,1003.02795
1760988523818,1003.02655
1760988523839,1003.02765
1760988523859,1003.03033
1760988523879,1003.05524
1760988523900,1003.0552
1760988523919,1003.0608
1760988523939,1003.0731
1760988523959,1003.05096
1760988523979,1003.0783
1760988524000,1003.07764
1760988524020,1003.0745
1760988524039,1003.0645
1760988524059,1003.0612
1760988524079,1003.07983
1760988524100,1003.0476
1760988524120,1003.069
1760988524140,1003.0616
1760988524159,1003.03534
1760988524179,1003.08813
1760988524199,1003.0458
1760988524220,1003.04596
1760988524240,1003.02936
1760988524259,1003.0464
1760988524279,1003.0428
1760988524300,1003.03125
1760988524320,1003.0089
1760988524340,1002.9959
1760988524359,1003.0055
1760988524379,1003.02124
1760988524399,1003.003
1760988524419,1003.0525
1760988524439,1003.06464
1760988524460,1003.0416
1760988524479,1003.0622
1760988524500,1003.0583
1760988524519,1003.0514
1760988524539,1003.08514
1760988524560,1003.08594
1760988524580,1003.0758
1760988524599,1003.0733
1760988524619,1003.0506
1760988524639,1003.0594
1760988524660,1003.0606
1760988524680,1003.07007
1760988524699,1003.0492
1760988524720,1003.0675
1760988524740,1003.0436
1760988524759,1003.02313
1760988524780,1003.0293
1760988524800,1003.03265
1760988524819,1003.03156
1760988524839,1003.0594
1760988524859,1003.0414
1760988524879,1003.04376
1760988524900,1003.02765
1760988524919,1003.02966
1760988524939,1003.01685
1760988524961,1003.04065
1760988524979,1003.0114
1760988524999,1003.0253
1760988525020,1003.02515
1760988525040,1003.0092
1760988525059,1003.0161
1760988525079,1003.0555
1760988525099,1003.05237
1760988525120,1003.0472
1760988525140,1003.0481
1760988525159,1003.0534
1760988525179,1003.072
1760988525199,1003.09357
1760988525220,1003.0797
1760988525240,1003.08344
1760988525259,1003.0795
1760988525279,1003.0764
1760988525299,1003.068
1760988525319,1003.0436
1760988525340,1003.0354
1760988525360,1003.04
1760988525379,1003.04047
1760988525399,1003.0397
1760988525419,1003.0567
1760988525440,1003.0411
1760988525460,1003.04596
1760988525481,1003.0552
1760988525499,1003.03076
1760988525520,1003.04736
1760988525540,1003.0439
1760988525562,1003.0117
1760988525580,1003.0197
1760988525600,1003.02594
1760988525619,1003.0097
1760988525639,1003.01013
1760988525659,1003.03546
1760988525679,1003.0495
1760988525700,1003.0417
1760988525719,1003.04596
1760988525739,1003.0797
1760988525760,1003.08405
1760988525780,1003.09
1760988525799,1003.0875
1760988525819,1003.09314
1760988525839,1003.0714
1760988525860,1003.0745
1760988525879,1003.0836
1760988525900,1003.0717
1760988525919,1003.0784
1760988525939,1003.07904
1760988525959,1003.0605
1760988525979,1003.053
1760988525999,1003.0506
1760988526020,1003.07996
1760988526041,1003.06036
1760988526060,1003.0397
1760988526079,1003.0364
1760988526099,1003.0439
1760988526120,1003.0527
1760988526140,1003.06
1760988526159,1003.03925
1760988526179,1003.02325
1760988526199,1003.03876
1760988526219,1003.0197
1760988526240,1003.03986
1760988526260,1003.0744
1760988526280,1003.0527
1760988526299,1003.0797
1760988526319,1003.08545
1760988526340,1003.09607
1760988526360,1003.1125
1760988526380,1003.1003
1760988526399,1003.1158
1760988526419,1003.1236
1760988526440,1003.1342
1760988526460,1003.142
1760988526480,1003.1286
1760988526500,1003.1312
1760988526519,1003.1242
1760988526539,1003.14343
1760988526559,1003.14044
1760988526580,1003.128
1760988526600,1003.1083
1760988526619,1003.09656
1760988526640,1003.118
1760988526659,1003.09454
1760988526680,1003.09296
1760988526700,1003.10486
1760988526721,1003.1133
1760988526739,1003.08936
1760988526759,1003.08545
1760988526780,1003.0516
1760988526800,1003.0428
1760988526820,1003.0602
1760988526840,1003.0781
1760988526859,1003.0639
1760988526880,1003.0747
1760988526900,1003.063
1760988526920,1003.08636
1760988526940,1003.09674
1760988526959,1003.1158
1760988526979,1003.1069
1760988526999,1003.1194
1760988527020,1003.1362
1760988527040,1003.1186
1760988527060,1003.1219
1760988527079,1003.13763
1760988527099,1003.1172
1760988527119,1003.1417
1760988527140,1003.10974
1760988527160,1003.124
1760988527179,1003.1305
1760988527199,1003.08954
1760988527219,1003.105
1760988527239,1003.1042
1760988527259,1003.1409
1760988527280,1003.09705
1760988527299,1003.0709
1760988527319,1003.1044
1760988527339,1003.1058
1760988527360,1003.09985
1760988527380,1003.1128
1760988527399,1003.10455
1760988527419,1003.1141
1760988527439,1003.0861
1760988527460,1003.0786
1760988527480,1003.0767
1760988527500,1003.1051
1760988527519,1003.1228
1760988527539,1003.1186
1760988527560,1003.1264
1760988527579,1003.1236
1760988527600,1003.1484
1760988527621,1003.15094
1760988527640,1003.1348
1760988527659,1003.16156
1760988527680,1003.132
1760988527700,1003.173
1760988527720,1003.1425
1760988527740,1003.15173
1760988527759,1003.1658
1760988527779,1003.13763
1760988527799,1003.137
1760988527820,1003.1295
1760988527840,1003.1428
1760988527859,1003.1375
1760988527879,1003.1244
1760988527899,1003.10175
1760988527919,1003.1344
1760988527939,1003.1319
1760988527959,1003.10516
1760988527979,1003.1211
1760988527999,1003.1339
1760988528019,1003.1305
1760988528040,1003.108
1760988528060,1003.09845
1760988528079,1003.08594
1760988528099,1003.13153
1760988528119,1003.1333
1760988528139,1003.1267
1760988528159,1003.15607
1760988528180,1003.1489
1760988528200,1003.1326
1760988528219,1003.16156
1760988528239,1003.1628
1760988528260,1003.17017
1760988528280,1003.153
1760988528299,1003.1414
1760988528319,1003.16583
1760988528339,1003.1348
1760988528359,1003.15955
1760988528380,1003.1518
1760988528400,1003.1813
1760988528419,1003.15314
1760988528439,1003.1386
1760988528459,1003.1478
1760988528479,1003.1417
1760988528500,1003.12427
1760988528521,1003.13403
1760988528540,1003.1291
1760988528560,1003.15826
1760988528580,1003.1081
1760988528599,1003.1245
1760988528620,1003.145
1760988528639,1003.1314
1760988528660,1003.1284
1760988528679,1003.1261
1760988528700,1003.1178
1760988528720,1003.1331
1760988528740,1003.1125
1760988528759,1003.14453
1760988528779,1003.13654
1760988528799,1003.1239
1760988528819,1003.1186
1760988528840,1003.137
1760988528859,1003.14966
1760988528879,1003.15076
1760988528901,1003.1337
1760988528919,1003.15436
1760988528940,1003.14954
1760988528960,1003.1571
1760988528979,1003.1842
1760988528999,1003.16187
1760988529019,1003.1736
1760988529039,1003.2111
1760988529059,1003.1833
1760988529080,1003.17474
1760988529099,1003.1661
1760988529120,1003.16626
1760988529139,1003.1745
1760988529160,1003.17065
1760988529180,1003.1928
1760988529199,1003.1903
1760988529219,1003.15826
1760988529239,1003.14764
1760988529259,1003.15094
1760988529280,1003.1879
1760988529300,1003.17004
1760988529319,1003.1931
1760988529339,1003.1664
1760988529359,1003.1678
1760988529379,1003.1323
1760988529400,1003.1323
1760988529420,1003.1144
1760988529439,1003.15216
1760988529460,1003.14764
1760988529479,1003.15045
1760988529500,1003.1756
1760988529521,1003.15546
1760988529539,1003.17737
1760988529559,1003.2053
1760988529579,1003.22375
1760988529599,1003.1992
1760988529620,1003.2358
1760988529640,1003.21686
1760988529659,1003.1961
1760988529680,1003.22327
1760988529700,1003.20514
1760988529719,1003.21326
1760988529740,1003.1929
1760988529759,1003.22174
1760988529779,1003.21643
1760988529799,1003.22284
1760988529819,1003.21484
1760988529840,1003.20483
1760988529860,1003.20874
1760988529879,1003.21014
1760988529899,1003.20795
1760988529919,1003.1983
1760988529940,1003.2072
1760988529959,1003.21014
1760988529980,1003.2
1760988529999,1003.21045
1760988530019,1003.1775
1760988530039,1003.1881
1760988530060,1003.1869
1760988530080,1003.1922
1760988530100,1003.21704
1760988530119,1003.1792
1760988530139,1003.21063
1760988530159,1003.21954
1760988530180,1003.22516
1760988530200,1003.2508
1760988530219,1003.22424
1760988530239,1003.2576
1760988530260,1003.28357
1760988530280,1003.26794
1760988530300,1003.28485
1760988530320,1003.27905
1760988530339,1003.2498
1760988530359,1003.2555
1760988530380,1003.2478
1760988530400,1003.2728
1760988530420,1003.28436
1760988530439,1003.2517
1760988530460,1003.2512
1760988530479,1003.22565
1760988530500,1003.2366
1760988530520,1003.238
1760988530540,1003.20734
1760988530559,1003.247
1760988530580,1003.2505
1760988530599,1003.2436
1760988530619,1003.22797
1760988530640,1003.21716
1760988530661,1003.2045
1760988530680,1003.1972
1760988530699,1003.1905
1760988530719,1003.2034
1760988530740,1003.1833
1760988530760,1003.1847
1760988530779,1003.21155
1760988530799,1003.20435
1760988530819,1003.20825
1760988530840,1003.21674
1760988530860,1003.2452
1760988530880,1003.26
1760988530899,1003.26733
1760988530919,1003.2594
1760988530939,1003.26263
1760988530959,1003.2567
1760988530980,1003.237
1760988530999,1003.2333
1760988531020,1003.27203
1760988531039,1003.2369
1760988531060,1003.2353
1760988531080,1003.22406
1760988531100,1003.23883
1760988531120,1003.2308
1760988531140,1003.22577
1760988531159,1003.2628
1760988531180,1003.2414
1760988531199,1003.2581
1760988531220,1003.2569
1760988531239,1003.2597
1760988531259,1003.2505
1760988531279,1003.27814
1760988531300,1003.2339
1760988531320,1003.2533
1760988531339,1003.2428
1760988531360,1003.25653
1760988531379,1003.22235
1760988531400,1003.22
1760988531420,1003.22736
1760988531440,1003.2372
1760988531459,1003.23517
1760988531479,1003.23016
1760988531499,1003.25903
1760988531519,1003.27625
1760988531540,1003.24927
1760988531560,1003.26
1760988531579,1003.2558
1760988531600,1003.26825
1760988531620,1003.27423
1760988531640,1003.28485
1760988531660,1003.3075
1760988531679,1003.2686
1760988531699,1003.2889
1760988531719,1003.29156
1760988531740,1003.2961
1760988531760,1003.3022
1760988531781,1003.29486
1760988531799,1003.3206
1760988531820,1003.3027
1760988531840,1003.295
1760988531860,1003.2736
1760988531880,1003.2631
1760988531899,1003.248
1760988531919,1003.2433
1760988531939,1003.26904
1760988531959,1003.2411
1760988531980,1003.22095
1760988532000,1003.24304
1760988532019,1003.21515
1760988532040,1003.22095
1760988532059,1003.2056
1760988532080,1003.22986
1760988532099,1003.26044
1760988532120,1003.29034
1760988532139,1003.2706
1760988532159,1003.2992
1760988532179,1003.2986
1760988532200,1003.3027
1760988532220,1003.3017
1760988532241,1003.3086
1760988532259,1003.2956
1760988532280,1003.3134
1760988532299,1003.3283
1760988532320,1003.2933
1760988532340,1003.2788
1760988532359,1003.3038
1760988532379,1003.3144
1760988532399,1003.29065
1760988532420,1003.2872
1760988532440,1003.27924
1760988532461,1003.27905
1760988532479,1003.28827
1760988532499,1003.26434
1760988532520,1003.2689
1760988532540,1003.2767
1760988532560,1003.265
1760988532579,1003.2438
1760988532599,1003.27625
1760988532620,1003.2623
1760988532639,1003.2606
1760988532659,1003.2545
1760988532680,1003.2498
1760988532699,1003.2633
1760988532720,1003.23987
1760988532739,1003.2595
1760988532760,1003.2341
1760988532780,1003.2389
1760988532799,1003.2428
1760988532820,1003.26935
1760988532839,1003.2495
1760988532859,1003.2675
1760988532880,1003.26794
1760988532900,1003.2595
1760988532919,1003.2689
1760988532939,1003.28766
1760988532960,1003.29156
1760988532979,1003.2526
1760988532999,1003.2939
1760988533021,1003.2495
1760988533040,1003.3019
1760988533059,1003.2861
1760988533079,1003.3106
1760988533100,1003.2667
1760988533120,1003.28406
1760988533139,1003.2978
1760988533160,1003.29266
1760988533179,1003.28485
1760988533200,1003.2903
1760988533220,1003.27234
1760988533240,1003.2821
1760988533259,1003.2978
1760988533279,1003.28827
1760988533300,1003.2575
1760988533319,1003.28815
1760988533339,1003.2623
1760988533361,1003.25305
1760988533380,1003.27563
1760988533399,1003.2361
1760988533419,1003.2661
1760988533439,1003.28015
1760988533460,1003.2875
1760988533481,1003.3234
1760988533500,1003.29346
1760988533520,1003.29095
1760988533539,1003.3134
1760988533560,1003.29236
1760988533581,1003.2975
1760988533600,1003.2961
1760988533619,1003.3108
1760988533639,1003.3025
1760988533659,1003.29236
1760988533680,1003.29095
1760988533699,1003.2914
1760988533719,1003.3105
1760988533739,1003.27625
1760988533759,1003.2576
1760988533780,1003.2812
1760988533800,1003.27344
1760988533819,1003.27625
1760988533839,1003.2703
1760988533859,1003.26874
1760988533880,1003.28357
1760988533900,1003.2672
1760988533920,1003.2573
1760988533940,1003.2405
1760988533959,1003.267
1760988533979,1003.27625
1760988534000,1003.28186
1760988534020,1003.2944
1760988534040,1003.2717
1760988534060,1003.28705
1760988534079,1003.28046
1760988534100,1003.29456
1760988534119,1003.2865
1760988534140,1003.2684
1760988534159,1003.2664
1760988534179,1003.28467
1760988534199,1003.3067
1760988534220,1003.30237
1760988534240,1003.30237
1760988534260,1003.28937
1760988534279,1003.3044
1760988534299,1003.28015
1760988534320,1003.2966
1760988534340,1003.28534
1760988534360,1003.2953
1760988534379,1003.26044
1760988534400,1003.2942
1760988534419,1003.28357
1760988534440,1003.2764
1760988534460,1003.26843
1760988534480,1003.2681
1760988534499,1003.3049
1760988534520,1003.27203
1760988534539,1003.2675
1760988534559,1003.27325
1760988534580,1003.29346
1760988534599,1003.26794
1760988534620,1003.28485
1760988534640,1003.2633
1760988534659,1003.28076
1760988534680,1003.27295
1760988534700,1003.27783
1760988534719,1003.27655
1760988534739,1003.26434
1760988534759,1003.2623
1760988534780,1003.28046
1760988534800,1003.28357
1760988534820,1003.2991
1760988534839,1003.267
1760988534860,1003.26624
1760988534880,1003.2642
1760988534900,1003.2614
1760988534920,1003.2909
1760988534940,1003.3061
1760988534959,1003.28687
1760988534979,1003.3039
1760988534999,1003.2956
1760988535020,1003.28076
1760988535040,1003.28986
1760988535059,1003.28015
1760988535079,1003.3128
1760988535099,1003.28186
1760988535120,1003.27313
1760988535140,1003.26447
1760988535160,1003.26904
1760988535180,1003.2956
1760988535199,1003.2917
1760988535219,1003.28986
1760988535240,1003.2714
1760988535261,1003.28705
1760988535279,1003.2972
1760988535299,1003.28314
1760988535319,1003.26624
1760988535340,1003.28516
1760988535359,1003.28687
1760988535380,1003.2785
1760988535400,1003.28656
1760988535419,1003.29047
1760988535439,1003.29596
1760988535459,1003.2944
1760988535480,1003.31134
1760988535501,1003.32745
1760988535520,1003.3042
1760988535539,1003.3284
1760988535559,1003.34375
1760988535580,1003.32153
1760988535600,1003.3286
1760988535619,1003.32544
1760988535639,1003.3181
1760988535659,1003.3187
1760988535679,1003.3608
1760988535700,1003.33984
1760988535720,1003.3192
1760988535739,1003.3091
1760988535759,1003.3036
1760988535779,1003.2994
1760988535799,1003.3031
1760988535820,1003.3192
1760988535839,1003.2967
1760988535860,1003.2864
1760988535879,1003.28406
1760988535899,1003.2689
1760988535920,1003.28827
1760988535940,1003.27466
1760988535959,1003.26685
1760988535979,1003.27875
1760988535999,1003.29315
1760988536019,1003.3155
1760988536040,1003.33014
1760988536061,1003.3178
1760988536079,1003.3083
1760988536100,1003.34143
1760988536119,1003.33325
1760988536140,1003.35046
1760988536160,1003.34174
1760988536180,1003.3667
1760988536199,1003.3586
1760988536219,1003.32935
1760988536239,1003.3145
1760988536260,1003.3566
1760988536280,1003.3389
1760988536299,1003.3342
1760988536319,1003.3247
1760988536339,1003.3078
1760988536359,1003.322
1760988536379,1003.33435
1760988536400,1003.313
1760988536419,1003.3072
1760988536439,1003.33923
1760988536460,1003.3258
1760988536480,1003.3145
1760988536500,1003.3055
1760988536519,1003.32733
1760988536539,1003.3208
1760988536559,1003.3159
1760988536579,1003.3067
1760988536600,1003.3064
1760988536620,1003.3111
1760988536639,1003.3172
1760988536660,1003.32513
1760988536679,1003.3217
1760988536699,1003.32983
1760988536720,1003.3017
1760988536740,1003.3212
1760988536761,1003.3342
1760988536779,1003.34454
1760988536799,1003.3762
1760988536820,1003.3552
1760988536840,1003.3925
1760988536859,1003.34705
1760988536879,1003.373
1760988536899,1003.3686
1760988536919,1003.3561
1760988536940,1003.3691
1760988536960,1003.34766
1760988536979,1003.3105
1760988536999,1003.3292
1760988537019,1003.3489
1760988537040,1003.34375
1760988537060,1003.3156
1760988537079,1003.3072
1760988537100,1003.34033
1760988537119,1003.3108
1760988537140,1003.28125
1760988537160,1003.29236
1760988537180,1003.2966
1760988537199,1003.27594
1760988537219,1003.302
1760988537239,1003.36127
1760988537260,1003.35345
1760988537280,1003.36237
1760988537301,1003.3569
1760988537320,1003.34924
1760988537339,1003.3806
1760988537359,1003.41064
1760988537380,1003.385
1760988537400,1003.39124
1760988537419,1003.3798
1760988537439,1003.40405
1760988537459,1003.358
1760988537479,1003.3578
1760988537500,1003.3561
1760988537520,1003.3304
1760988537541,1003.358
1760988537559,1003.33856
1760988537579,1003.3275
1760988537599,1003.33545
1760988537619,1003.32404
1760988537639,1003.33673
1760988537659,1003.34766
1760988537679,1003.3327
1760988537699,1003.345
1760988537720,1003.312
1760988537740,1003.3315
1760988537759,1003.3091
1760988537779,1003.3256
1760988537799,1003.35095
1760988537819,1003.33014
1760988537839,1003.3631
1760988537860,1003.3812
1760988537879,1003.3814
1760988537899,1003.3939
1760988537919,1003.40857
1760988537939,1003.39716
1760988537960,1003.41437
1760988537979,1003.4147
1760988538000,1003.40497
1760988538019,1003.41174
1760988538039,1003.41174
1760988538060,1003.41595
1760988538080,1003.38477
1760988538100,1003.40356
1760988538120,1003.3889
1760988538139,1003.40784
1760988538159,1003.3892
1760988538180,1003.39453
1760988538200,1003.3864
1760988538219,1003.3922
1760988538239,1003.3848
1760988538259,1003.38873
1760988538279,1003.3747
1760988538300,1003.32697
1760988538319,1003.34174
1760988538339,1003.3136
1760988538359,1003.33966
1760988538380,1003.3105
1760988538399,1003.35626
1760988538420,1003.35596
1760988538439,1003.3753
1760988538459,1003.3678
1760988538479,1003.3814
1760988538500,1003.42664
1760988538519,1003.41296
1760988538540,1003.4139
1760988538559,1003.42126
1760988538579,1003.4125
1760988538599,1003.39655
1760988538620,1003.41064
1760988538640,1003.40424
1760988538659,1003.3709
1760988538679,1003.39294
1760988538699,1003.40436
1760988538719,1003.3787
1760988538739,1003.3844
1760988538760,1003.3859
1760988538779,1003.3797
1760988538799,1003.35657
1760988538820,1003.3825
1760988538839,1003.3695
1760988538860,1003.36017
1760988538880,1003.3725
1760988538899,1003.35077
1760988538919,1003.35065
1760988538939,1003.33813
1760988538960,1003.35016
1760988538980,1003.3688
1760988538999,1003.40497
1760988539020,1003.3792
1760988539039,1003.3728
1760988539060,1003.3822
1760988539079,1003.4296
1760988539101,1003.45844
1760988539121,1003.4319
1760988539139,1003.4497
1760988539159,1003.40607
1760988539180,1003.4453
1760988539200,1003.4434
1760988539219,1003.4564
1760988539239,1003.42017
1760988539259,1003.41315
1760988539279,1003.4444
1760988539300,1003.4205
1760988539320,1003.40356
1760988539340,1003.4308
1760988539359,1003.4214
1760988539379,1003.41016
1760988539399,1003.41064
1760988539420,1003.39984
1760988539440,1003.4263
1760988539460,1003.40875
1760988539479,1003.4294
1760988539500,1003.3741
1760988539520,1003.39435
1760988539540,1003.3677
1760988539560,1003.3808
1760988539579,1003.385
1760988539600,1003.35547
1760988539619,1003.3822
1760988539640,1003.38403
1760988539661,1003.3945
1760988539679,1003.427
1760988539699,1003.40515
1760988539719,1003.4378
1760988539739,1003.46936
1760988539760,1003.4367
1760988539779,1003.4422
1760988539799,1003.4192
1760988539819,1003.4345
1760988539839,1003.4128
1760988539860,1003.4273
1760988539880,1003.45026
1760988539899,1003.40686
1760988539919,1003.4178
1760988539939,1003.4114
1760988539959,1003.4169
1760988539979,1003.42126
1760988540001,1003.41815
1760988540020,1003.3889
1760988540040,1003.3831
1760988540060,1003.3989
1760988540079,1003.39264
1760988540100,1003.41235
1760988540119,1003.40356
1760988540140,1003.3861
1760988540159,1003.39453
1760988540179,1003.41064
1760988540199,1003.4197
1760988540220,1003.4288
1760988540239,1003.40405
1760988540260,1003.4362
1760988540279,1003.455
1760988540299,1003.47485
1760988540319,1003.46985
1760988540340,1003.4775
1760988540360,1003.46564
1760988540379,1003.4867
1760988540399,1003.4522
1760988540420,1003.4364
1760988540440,1003.4688
1760988540460,1003.4592
1760988540479,1003.47656
1760988540500,1003.47046
1760988540519,1003.4497
1760988540540,1003.46344
1760988540560,1003.4427
1760988540579,1003.47565
1760988540599,1003.4561
1760988540619,1003.46375
1760988540640,1003.4545
1760988540659,1003.4564
1760988540679,1003.4355
1760988540700,1003.445
1760988540719,1003.4348
1760988540739,1003.41846
1760988540760,1003.4034
1760988540780,1003.40564
1760988540799,1003.41455
1760988540819,1003.3766
1760988540839,1003.41486
1760988540860,1003.4489
1760988540880,1003.42456
1760988540900,1003.4562
1760988540919,1003.45
1760988540939,1003.502
1760988540959,1003.4764
1760988540979,1003.4877
1760988541000,1003.4811
1760988541020,1003.47766
1760988541040,1003.46234
1760988541059,1003.4495
1760988541080,1003.45013
1760988541099,1003.455
1760988541120,1003.4542
1760988541139,1003.4444
1760988541159,1003.44
1760988541179,1003.4286
1760988541199,1003.41956
1760988541220,1003.42096
1760988541240,1003.4272
1760988541259,1003.41156
1760988541279,1003.442
1760988541299,1003.423
1760988541319,1003.4203
1760988541340,1003.42993
1760988541360,1003.40015
1760988541380,1003.44904
1760988541399,1003.44904
1760988541419,1003.4367
1760988541439,1003.4564
1760988541460,1003.46484
1760988541479,1003.47046
1760988541499,1003.4997
1760988541519,1003.5111
1760988541540,1003.49
1760988541560,1003.4908
1760988541581,1003.5002
1760988541599,1003.5067
1760988541619,1003.4883
1760988541639,1003.4894
1760988541659,1003.4861
1760988541680,1003.4963
1760988541699,1003.47485
1760988541720,1003.46313
1760988541739,1003.4847
1760988541759,1003.47595
1760988541780,1003.47186
1760988541801,1003.4849
1760988541819,1003.46814
1760988541839,1003.4786
1760988541859,1003.46985
1760988541880,1003.46173
1760988541900,1003.4542
1760988541919,1003.46875
1760988541939,1003.45404
1760988541959,1003.4445
1760988541979,1003.41626
1760988542000,1003.45526
1760988542020,1003.4417
1760988542039,1003.4534
1760988542060,1003.45013
1760988542079,1003.47217
1760988542099,1003.4589
1760988542120,1003.4807
1760988542140,1003.502
1760988542159,1003.5036
1760988542180,1003.5036
1760988542199,1003.4969
1760988542219,1003.4991
1760988542240,1003.5084
1760988542259,1003.48236
1760988542280,1003.47046
1760988542299,1003.47034
1760988542319,1003.46545
1760988542340,1003.4827
1760988542360,1003.4747
1760988542379,1003.46075
1760988542399,1003.4997
1760988542420,1003.4587
1760988542439,1003.4578
1760988542460,1003.4364
1760988542480,1003.47437
1760988542499,1003.4241
1760988542519,1003.4456
1760988542539,1003.4317
1760988542560,1003.4406
1760988542580,1003.4191
1760988542599,1003.4302
1760988542619,1003.4469
1760988542640,1003.4425
1760988542659,1003.47766
1760988542680,1003.48627
1760988542701,1003.4968
1760988542719,1003.47815
1760988542739,1003.4983
1760988542759,1003.51685
1760988542780,1003.5206
1760988542800,1003.51483
1760988542819,1003.5
1760988542839,1003.51843
1760988542859,1003.5067
1760988542879,1003.52234
1760988542900,1003.503
1760988542920,1003.4839
1760988542939,1003.48157
1760988542959,1003.4938
1760988542979,1003.46655
1760988542999,1003.5047
1760988543020,1003.4772
1760988543040,1003.4888
1760988543059,1003.47406
1760988543079,1003.46466
1760988543099,1003.4525
1760988543120,1003.4413
1760988543140,1003.4256
1760988543159,1003.4458
1760988543180,1003.4302
1760988543199,1003.4359
1760988543220,1003.45905
1760988543240,1003.47986
1760988543261,1003.4594
1760988543279,1003.47876
1760988543300,1003.4844
1760988543320,1003.5045
1760988543340,1003.5017
1760988543359,1003.48785
1760988543380,1003.5159
1760988543400,1003.51984
1760988543420,1003.5087
1760988543439,1003.51825
1760988543460,1003.49
1760988543480,1003.493
1760988543499,1003.51013
1760988543519,1003.48456
1760988543539,1003.5081
1760988543560,1003.4984
1760988543580,1003.48376
1760988543601,1003.4611
1760988543620,1003.48236
1760988543639,1003.5075
1760988543659,1003.45874
1760988543680,1003.4567
1760988543700,1003.48206
1760988543720,1003.4581
1760988543739,1003.47327
1760988543759,1003.4539
1760988543779,1003.4586
1760988543800,1003.47046
1760988543820,1003.47156
1760988543839,1003.4561
1760988543859,1003.4831
1760988543879,1003.4817
1760988543900,1003.47876
1760988543919,1003.4855
1760988543940,1003.4927
1760988543959,1003.5131
1760988543979,1003.5125
1760988543999,1003.4963
1760988544020,1003.51794
1760988544040,1003.52924
1760988544059,1003.5239
1760988544079,1003.53143
1760988544100,1003.5056
1760988544119,1003.52606
1760988544140,1003.52924
1760988544160,1003.49866
1760988544179,1003.52155
1760988544199,1003.52795
1760988544219,1003.53674
1760988544240,1003.5087
1760988544260,1003.5047
1760988544280,1003.4807
1760988544299,1003.47156
1760988544319,1003.5114
1760988544339,1003.5041
1760988544359,1003.5203
1760988544380,1003.5025
1760988544399,1003.51404
1760988544419,1003.5059
1760988544439,1003.5045
1760988544459,1003.5189
1760988544479,1003.5056
1760988544500,1003.5045
1760988544519,1003.5161
1760988544539,1003.52405
1760988544559,1003.51874
1760988544579,1003.52454
1760988544600,1003.50696
1760988544620,1003.4997
1760988544639,1003.5076
1760988544660,1003.4984
1760988544680,1003.5158
1760988544700,1003.5028
1760988544720,1003.5162
1760988544740,1003.48987
1760988544759,1003.4941
1760988544781,1003.5019
1760988544800,1003.4881
1760988544820,1003.5217
1760988544840,1003.5084
1760988544859,1003.4855
1760988544879,1003.48596
1760988544899,1003.47986
1760988544919,1003.4844
1760988544940,1003.4967
1760988544960,1003.52264
1760988544980,1003.5039
1760988544999,1003.4778
1760988545019,1003.4922
1760988545040,1003.5085
1760988545060,1003.5086
1760988545079,1003.5056
1760988545099,1003.5111
1760988545119,1003.48846
1760988545139,1003.4939
1760988545160,1003.4983
1760988545180,1003.4919
1760988545199,1003.5142
1760988545219,1003.5153
1760988545239,1003.51044
1760988545259,1003.4947
1760988545280,1003.51013
1760988545299,1003.4963
1760988545319,1003.54407
1760988545340,1003.5109
1760988545359,1003.5131
1760988545379,1003.5098
1760988545400,1003.53467
1760988545419,1003.51874
1760988545439,1003.52264
1760988545459,1003.53406
1760988545480,1003.51935
1760988545500,1003.5189
1760988545520,1003.52576
1760988545539,1003.5361
1760988545559,1003.53345
1760988545580,1003.52814
1760988545600,1003.5228
1760988545620,1003.525
1760988545639,1003.5014
1760988545659,1003.5164
1760988545679,1003.53546
1760988545699,1003.53125
1760988545721,1003.507
1760988545740,1003.54004
1760988545759,1003.53094
1760988545780,1003.51044
1760988545800,1003.52606
1760988545821,1003.52484
1760988545840,1003.53174
1760988545861,1003.54236
1760988545879,1003.5583
1760988545899,1003.5678
1760988545920,1003.5433
1760988545940,1003.50757
1760988545960,1003.52423
1760988545979,1003.53485
1760988545999,1003.5119
1760988546019,1003.5464
1760988546039,1003.54517
1760988546059,1003.53937
1760988546080,1003.5582
1760988546100,1003.5253
1760988546120,1003.53485
1760988546140,1003.565
1760988546159,1003.5458
1760988546180,1003.51874
1760988546199,1003.54517
1760988546219,1003.53064
1760988546239,1003.545
1760988546259,1003.5408
1760988546280,1003.5613
1760988546301,1003.5549
1760988546319,1003.54047
1760988546340,1003.53204
1760988546359,1003.53326
1760988546380,1003.53217
1760988546400,1003.5285
1760988546420,1003.5047
1760988546440,1003.52203
1760988546459,1003.53406
1760988546479,1003.5519
1760988546499,1003.53766
1760988546520,1003.53906
1760988546539,1003.53687
1760988546559,1003.5492
1760988546579,1003.54736
1760988546600,1003.53687
1760988546620,1003.57794
1760988546640,1003.58856
1760988546659,1003.5667
1760988546679,1003.58405
1760988546699,1003.5795
1760988546720,1003.5889
1760988546740,1003.55817
1760988546760,1003.5611
1760988546779,1003.5831
1760988546799,1003.5765
1760988546820,1003.5739
1760988546840,1003.57904
1760988546860,1003.5646
1760988546880,1003.57
1760988546900,1003.5506
1760988546919,1003.5733
1760988546939,1003.59033
1760988546960,1003.58405
1760988546980,1003.5272
1760988546999,1003.5528
1760988547019,1003.5411
1760988547040,1003.5547
1760988547060,1003.52936
1760988547080,1003.5573
1760988547099,1003.5611
1760988547119,1003.5536
1760988547139,1003.5478
1760988547159,1003.55237
1760988547180,1003.548
1760988547200,1003.6118
1760988547219,1003.5767
1760988547239,1003.60266
1760988547259,1003.60156
1760988547279,1003.6156
1760988547300,1003.59625
1760988547320,1003.59485
1760988547339,1003.5745
1760988547360,1003.60205
1760988547379,1003.57794
1760988547400,1003.6058
1760988547420,1003.60516
1760988547439,1003.59344
1760988547460,1003.5719
1760988547479,1003.59595
1760988547500,1003.59674
1760988547520,1003.60236
1760988547540,1003.5908
1760988547560,1003.59015
1760988547580,1003.5748
1760988547599,1003.57
1760988547620,1003.5483
1760988547640,1003.573
1760988547660,1003.59393
1760988547679,1003.5581
1760988547699,1003.5547
1760988547719,1003.5639
1760988547739,1003.552
1760988547760,1003.59326
1760988547781,1003.59625
1760988547799,1003.5839
1760988547819,1003.5875
1760988547839,1003.6256
1760988547859,1003.59796
1760988547880,1003.59875
1760988547899,1003.6202
1760988547919,1003.6417
1760988547939,1003.6276
1760988547959,1003.6241
1760988547980,1003.65375
1760988548000,1003.6199
1760988548019,1003.6266
1760988548039,1003.6323
1760988548059,1003.625
1760988548080,1003.6305
1760988548100,1003.6111
1760988548119,1003.6219
1760988548140,1003.6081
1760988548160,1003.605
1760988548179,1003.6144
1760988548199,1003.59235
1760988548220,1003.5984
1760988548239,1003.58954
1760988548259,1003.5806
1760988548279,1003.57935
1760988548299,1003.59985
1760988548320,1003.5825
1760988548339,1003.6117
1760988548359,1003.60236
1760988548379,1003.5845
1760988548400,1003.6245
1760988548419,1003.6092
1760988548440,1003.6161
1760988548460,1003.6525
1760988548479,1003.63544
1760988548499,1003.6342
1760988548519,1003.64935
1760988548540,1003.63983
1760988548561,1003.6525
1760988548579,1003.64233
1760988548600,1003.6259
1760988548619,1003.6202
1760988548639,1003.6133
1760988548662,1003.6295
1760988548679,1003.6114
1760988548699,1003.64
1760988548719,1003.6278
1760988548740,1003.6178
1760988548759,1003.6278
1760988548780,1003.58997
1760988548799,1003.6383
1760988548819,1003.6103
1760988548839,1003.60657
1760988548860,1003.64624
1760988548880,1003.6105
1760988548900,1003.59094
1760988548919,1003.59845
1760988548939,1003.6053
1760988548962,1003.60376
1760988548980,1003.6167
1760988549000,1003.6127
1760988549019,1003.6136
1760988549040,1003.58264
1760988549059,1003.6244
1760988549079,1003.59875
1760988549100,1003.62964
1760988549120,1003.6314
1760988549140,1003.6358
1760988549159,1003.64764
1760988549179,1003.65826
1760988549200,1003.6694
1760988549220,1003.6792
1760988549241,1003.6897
1760988549260,1003.65936
1760988549279,1003.6708
1760988549300,1003.6589
1760988549320,1003.6628
1760988549340,1003.66455
1760988549359,1003.66235
1760988549379,1003.65955
1760988549399,1003.65533
1760988549420,1003.64294
1760988549440,1003.65265
1760988549460,1003.6714
1760988549479,1003.6314
1760988549499,1003.65704
1760988549519,1003.623
1760988549540,1003.64453
1760988549560,1003.63336
1760988549579,1003.6223
1760988549599,1003.6278
1760988549619,1003.64984
1760988549639,1003.6053
1760988549659,1003.64484
1760988549680,1003.59906
1760988549700,1003.6209
1760988549719,1003.59924
1760988549740,1003.6125
1760988549759,1003.6339
1760988549779,1003.64923
1760988549800,1003.65436
1760988549819,1003.6375
1760988549839,1003.64966
1760988549859,1003.6877
1760988549880,1003.6708
1760988549900,1003.68933
1760988549919,1003.6795
1760988549939,1003.66626
1760988549959,1003.6775
1760988549979,1003.66547
1760988550002,1003.6786
1760988550020,1003.6886
1760988550040,1003.6755
1760988550059,1003.65155
1760988550079,1003.6614
1760988550099,1003.6825
1760988550119,1003.65674
1760988550149,1003.66174
1760988550159,1003.65717
1760988550179,1003.6289
1760988550200,1003.65686
1760988550219,1003.65405
1760988550240,1003.65076
1760988550260,1003.66516
1760988550280,1003.637
1760988550299,1003.6373
1760988550319,1003.6164
1760988550340,1003.6044
1760988550360,1003.6586
1760988550379,1003.6241
1760988550399,1003.6589
1760988550419,1003.64795
1760988550440,1003.6722
1760988550460,1003.6741
1760988550479,1003.6736
1760988550499,1003.70935
1760988550520,1003.71356
1760988550540,1003.71045
1760988550560,1003.70734
1760988550580,1003.71545
1760988550599,1003.6994
1760988550620,1003.6961
1760988550639,1003.6855
1760988550660,1003.71045
1760988550679,1003.6877
1760988550700,1003.7014
1760988550719,1003.6839
1760988550739,1003.6791
1760988550759,1003.6722
1760988550779,1003.68396
1760988550800,1003.6575
1760988550819,1003.6683
1760988550840,1003.6823
1760988550859,1003.6611
1760988550879,1003.6342
1760988550899,1003.625
1760988550920,1003.6325
1760988550939,1003.64984
1760988550960,1003.635
1760988550979,1003.65955
1760988550999,1003.6753
1760988551020,1003.71124
1760988551040,1003.7056
1760988551059,1003.70874
1760988551079,1003.72076
1760988551101,1003.7025
1760988551120,1003.7128
1760988551140,1003.71265
1760988551159,1003.70764
1760988551180,1003.72766
1760988551199,1003.71576
1760988551219,1003.7025
1760988551240,1003.72626
1760988551260,1003.71216
1760988551279,1003.6912
1760988551299,1003.6886
1760988551319,1003.70483
1760988551339,1003.7014
1760988551359,1003.7011
1760988551379,1003.7014
1760988551399,1003.6845
1760988551419,1003.6933
1760988551439,1003.7111
1760988551460,1003.6717
1760988551481,1003.683
1760988551499,1003.6862
1760988551519,1003.6992
1760988551539,1003.6467
1760988551559,1003.6725
1760988551580,1003.6799
1760988551600,1003.67645
1760988551619,1003.678
1760988551639,1003.6705
1760988551659,1003.6947
1760988551679,1003.6356
1760988551700,1003.6378
1760988551719,1003.6883
1760988551739,1003.69403
1760988551759,1003.7009
1760988551779,1003.71515
1760988551799,1003.7028
1760988551820,1003.7439
1760988551839,1003.7322
1760988551860,1003.7433
1760988551879,1003.7381
1760988551900,1003.73126
1760988551920,1003.7358
1760988551940,1003.7381
1760988551960,1003.7386
1760988551979,1003.7336
1760988552000,1003.7014
1760988552020,1003.71326
1760988552040,1003.71735
1760988552059,1003.7444
1760988552079,1003.70483
1760988552099,1003.6925
1760988552120,1003.6989
1760988552140,1003.6961
1760988552160,1003.72107
1760988552179,1003.693
1760988552200,1003.6958
1760988552219,1003.6873
1760988552240,1003.7114
1760988552260,1003.7125
1760988552280,1003.6735
1760988552299,1003.6811
1760988552319,1003.67236
1760988552339,1003.6825
1760988552360,1003.6864
1760988552380,1003.6964
1760988552399,1003.7328
1760988552419,1003.71857
1760988552439,1003.72284
1760988552459,1003.7236
1760988552480,1003.7394
1760988552500,1003.75116
1760988552519,1003.72906
1760988552540,1003.7344
1760988552559,1003.72595
1760988552580,1003.7428
1760988552600,1003.73047
1760988552621,1003.71735
1760988552639,1003.725
1760988552660,1003.7425
1760988552679,1003.725
1760988552700,1003.7543
1760988552720,1003.7243
1760988552739,1003.7253
1760988552759,1003.7056
1760988552779,1003.72284
1760988552800,1003.71466
1760988552820,1003.73096
1760988552840,1003.7007
1760988552859,1003.72705
1760988552879,1003.6969
1760988552899,1003.6969
1760988552920,1003.6986
1760988552940,1003.6908
1760988552959,1003.6825
1760988552979,1003.6786
1760988552999,1003.6978
1760988553019,1003.6841
1760988553040,1003.7008
1760988553060,1003.7176
1760988553079,1003.7033
1760988553099,1003.7114
1760988553119,1003.742
1760988553140,1003.7414
1760988553159,1003.7466
1760988553180,1003.7478
1760988553201,1003.7586
1760988553220,1003.7473
1760988553240,1003.7541
1760988553260,1003.7735
1760988553280,1003.7521
1760988553299,1003.78467
1760988553319,1003.7469
1760988553339,1003.762
1760988553359,1003.7517
1760988553379,1003.73157
1760988553400,1003.7436
1760988553419,1003.71423
1760988553439,1003.7445
1760988553459,1003.7275
1760988553480,1003.7297
1760988553500,1003.72284
1760988553520,1003.7381
1760988553540,1003.7247
1760988553559,1003.7314
1760988553580,1003.72174
1760988553600,1003.70984
1760988553620,1003.6948
1760988553639,1003.7033
1760988553660,1003.6987
1760988553679,1003.6866
1760988553699,1003.71185
1760988553719,1003.70624
1760988553740,1003.71436
1760988553760,1003.7383
1760988553780,1003.72815
1760988553800,1003.7416
1760988553819,1003.7444
1760988553840,1003.76953
1760988553859,1003.7645
1760988553880,1003.7681
1760988553899,1003.7408
1760988553919,1003.7509
1760988553940,1003.75635
1760988553960,1003.7473
1760988553979,1003.7463
1760988553999,1003.7575
1760988554020,1003.7584
1760988554039,1003.715
1760988554059,1003.7391
1760988554080,1003.7493
1760988554099,1003.733
1760988554119,1003.7467
1760988554139,1003.73157
1760988554159,1003.7445
1760988554180,1003.7203
1760988554199,1003.73517
1760988554219,1003.7378
1760988554239,1003.7464
1760988554259,1003.7344
1760988554279,1003.72955
1760988554300,1003.7487
1760988554319,1003.70483
1760988554339,1003.7247
1760988554359,1003.7278
1760988554379,1003.71014
1760988554400,1003.71747
1760988554420,1003.7263
1760988554439,1003.738
1760988554459,1003.7372
1760988554479,1003.76404
1760988554500,1003.7522
1760988554520,1003.76544
1760988554540,1003.76434
1760988554560,1003.77435
1760988554579,1003.78564
1760988554599,1003.7955
1760988554619,1003.77655
1760988554640,1003.7888
1760988554659,1003.78625
1760988554680,1003.808
1760988554699,1003.8002
1760988554719,1003.77515
1760988554740,1003.7956
1760988554759,1003.78485
1760988554780,1003.77203
1760988554799,1003.77686
1760988554820,1003.77686
1760988554840,1003.77814
1760988554860,1003.7651
1760988554879,1003.7622
1760988554899,1003.77814
1760988554919,1003.7656
1760988554940,1003.7659
1760988554959,1003.7537
1760988554980,1003.7232
1760988554999,1003.7664
1760988555019,1003.7537
1760988555039,1003.7492
1760988555059,1003.77625
1760988555080,1003.7675
1760988555099,1003.7639
1760988555119,1003.77484
1760988555139,1003.79
1760988555159,1003.7967
1760988555180,1003.79156
1760988555200,1003.78357
1760988555219,1003.78986
1760988555239,1003.78314
1760988555259,1003.76483
1760988555280,1003.78424
1760988555300,1003.7983
1760988555320,1003.8
1760988555340,1003.7969
1760988555359,1003.77625
1760988555379,1003.7922
1760988555400,1003.7725
1760988555420,1003.7876
1760988555439,1003.78296
1760988555460,1003.77203
1760988555479,1003.7706
1760988555500,1003.77826
1760988555520,1003.76
1760988555539,1003.7506
1760988555559,1003.77856
1760988555579,1003.7505
1760988555598,1003.7512
1760988555619,1003.7502
1760988555639,1003.7541
1760988555659,1003.7745
1760988555679,1003.7455
1760988555699,1003.73016
1760988555719,1003.7388
1760988555739,1003.72565
1760988555759,1003.7369
1760988555779,1003.7297
1760988555799,1003.7639
1760988555819,1003.7509
1760988555839,1003.73016
1760988555860,1003.75214
1760988555880,1003.7545
1760988555899,1003.7586
1760988555920,1003.7455
1760988555939,1003.7511
1760988555959,1003.76685
1760988555980,1003.7634
1760988555999,1003.7477
1760988556019,1003.7559
1760988556039,1003.7533
1760988556059,1003.7333
1760988556080,1003.74945
1760988556100,1003.72406
1760988556119,1003.7416
1760988556139,1003.7505
1760988556159,1003.7692
1760988556179,1003.7697
1760988556201,1003.76685
1760988556221,1003.7807
1760988556239,1003.7678
1760988556259,1003.77264
1760988556279,1003.77625
1760988556300,1003.7944
1760988556320,1003.7913
1760988556339,1003.78156
1760988556360,1003.76953
1760988556379,1003.77875
1760988556399,1003.78265
1760988556420,1003.78674
1760988556440,1003.7639
1760988556459,1003.79767
1760988556480,1003.7606
1760988556499,1003.7634
1760988556522,1003.78204
1760988556546,1003.7706
1760988556559,1003.79126
1760988556579,1003.7461
1760988556599,1003.7942
1760988556618,1003.79
1760988556639,1003.78046
1760988556659,1003.78143
1760988556678,1003.83734
1760988556698,1003.7966
1760988556719,1003.8553
1760988556739,1003.8695
1760988556759,1003.85516
1760988556781,1003.8408
1760988556799,1003.82874
1760988556819,1003.83826
1760988556838,1003.8203
1760988556859,1003.84436
1760988556879,1003.8095
1760988556899,1003.7889
1760988556918,1003.76514
1760988556938,1003.7576
1760988556958,1003.7472
1760988556979,1003.7595
1760988556999,1003.7748
1760988557019,1003.7408
1760988557039,1003.8109
1760988557059,1003.8691
1760988557079,1003.8608
1760988557099,1003.90735
1760988557120,1003.85657
1760988557139,1003.8209
1760988557159,1003.8219
1760988557179,1003.84296
1760988557199,1003.84436
1760988557219,1003.8489
1760988557240,1003.8742
1760988557259,1003.9425
1760988557279,1004.0552
1760988557299,1004.1141
1760988557319,1004.10156
1760988557339,1004.0619
1760988557362,1004.02313
1760988557378,1004.0734
1760988557402,1004.0975
1760988557418,1004.0002
1760988557439,1003.7649
1760988557459,1003.7144
1760988557478,1003.687
1760988557499,1003.6912
1760988557518,1003.66626
1760988557539,1003.66345
1760988557559,1003.6669
1760988557579,1003.66187
1760988557598,1003.6758
1760988557618,1003.6739
1760988557639,1003.6672
1760988557659,1003.65704
1760988557679,1003.66656
1760988557699,1003.78534
1760988557719,1003.85706
1760988557739,1003.885
1760988557759,1003.8989
1760988557779,1003.9189
1760988557800,1004.00964
1760988557819,1004.0486
1760988557839,1004.0842
1760988557859,1004.1064
1760988557880,1004.1467
1760988557899,1004.1348
1760988557919,1004.1375
1760988557938,1004.09674
1760988557959,1004.0653
1760988557979,1004.08264
1760988557999,1004.03357
1760988558019,1003.97455
1760988558039,1003.9302
1760988558059,1003.8783
1760988558079,1003.8844
1760988558099,1003.8306
1760988558120,1003.82153
1760988558139,1003.7917
1760988558159,1003.76
1760988558179,1003.71356
1760988558199,1003.71747
1760988558219,1003.7247
1760988558239,1003.73096
1760988558259,1003.7612
1760988558279,1003.7478
1760988558299,1003.7464
1760988558319,1003.7236
1760988558340,1003.7416
1760988558360,1003.7397
1760988558379,1003.7034
1760988558399,1003.72296
1760988558420,1003.7438
1760988558440,1003.747
1760988558460,1003.7519
1760988558479,1003.7333
1760988558499,1003.71454
1760988558519,1003.72687
1760988558539,1003.72815
1760988558559,1003.7416
1760988558580,1003.7517
1760988558599,1003.7125
1760988558619,1003.7403
1760988558639,1003.7505
1760988558659,1003.7541
1760988558679,1003.7647
1760988558700,1003.74506
1760988558719,1003.8055
1760988558739,1003.79266
1760988558759,1003.8155
1760988558779,1003.7983
1760988558799,1003.757
