1760988375269,1004.4842
1760988375289,1004.4895
1760988375309,1004.4961
1760988375330,1004.5025
1760988375350,1004.5117
1760988375369,1004.4888
1760988375389,1004.52765
1760988375409,1004.4869
1760988375429,1004.5092
1760988375450,1004.5117
1760988375469,1004.52155
1760988375489,1004.4973
1760988375509,1004.4997
1760988375529,1004.48596
1760988375549,1004.46625
1760988375569,1004.4833
1760988375589,1004.4995
1760988375609,1004.4891
1760988375629,1004.48047
1760988375649,1004.4929
1760988375669,1004.45844
1760988375689,1004.47375
1760988375709,1004.4797
1760988375729,1004.48096
1760988375750,1004.51263
1760988375769,1004.51263
1760988375790,1004.4773
1760988375809,1004.4775
1760988375829,1004.4803
1760988375849,1004.50653
1760988375870,1004.4842
1760988375890,1004.4981
1760988375910,1004.5051
1760988375929,1004.53235
1760988375949,1004.4902
1760988375970,1004.4878
1760988375990,1004.4629
1760988376010,1004.46936
1760988376029,1004.4861
1760988376049,1004.46576
1760988376069,1004.4377
1760988376089,1004.44
1760988376109,1004.4339
1760988376130,1004.4291
1760988376149,1004.47565
1760988376169,1004.4814
1760988376189,1004.4811
1760988376209,1004.4458
1760988376230,1004.45514
1760988376249,1004.425
1760988376269,1004.40985
1760988376289,1004.40765
1760988376309,1004.4167
1760988376330,1004.3983
1760988376350,1004.4554
1760988376369,1004.4391
1760988376389,1004.4464
1760988376409,1004.4425
1760988376430,1004.41846
1760988376451,1004.4089
1760988376470,1004.4003
1760988376489,1004.38403
1760988376509,1004.367
1760988376530,1004.39404
1760988376549,1004.3928
1760988376570,1004.3553
1760988376589,1004.35565
1760988376609,1004.3364
1760988376629,1004.363
1760988376649,1004.3656
1760988376670,1004.38043
1760988376690,1004.39124
1760988376710,1004.39703
1760988376729,1004.372
1760988376749,1004.3627
1760988376770,1004.3472
1760988376790,1004.34784
1760988376809,1004.34784
1760988376829,1004.35565
1760988376850,1004.36487
1760988376870,1004.3525
1760988376890,1004.33655
1760988376911,1004.3138
1760988376929,1004.3281
1760988376949,1004.3614
1760988376970,1004.3194
1760988376990,1004.32983
1760988377010,1004.30676
1760988377029,1004.3214
1760988377049,1004.32513
1760988377069,1004.3286
1760988377089,1004.3375
1760988377109,1004.34296
1760988377130,1004.3351
1760988377149,1004.33923
1760988377170,1004.3201
1760988377189,1004.34845
1760988377209,1004.32794
1760988377229,1004.2972
1760988377250,1004.2995
1760988377269,1004.3016
1760988377289,1004.3297
1760988377309,1004.2728
1760988377329,1004.29095
1760988377350,1004.30273
1760988377369,1004.27594
1760988377389,1004.2992
1760988377409,1004.3059
1760988377429,1004.28625
1760988377449,1004.28546
1760988377470,1004.23785
1760988377489,1004.26874
1760988377509,1004.29095
1760988377529,1004.2911
1760988377549,1004.28516
1760988377569,1004.27924
1760988377590,1004.2482
1760988377609,1004.2542
1760988377629,1004.27673
1760988377649,1004.26
1760988377670,1004.27673
1760988377690,1004.2502
1760988377709,1004.2473
1760988377729,1004.2536
1760988377749,1004.23517
1760988377769,1004.2495
1760988377790,1004.2642
1760988377810,1004.22015
1760988377829,1004.2478
1760988377852,1004.2272
1760988377869,1004.23157
1760988377889,1004.20844
1760988377910,1004.23065
1760988377930,1004.2427
1760988377949,1004.21094
1760988377970,1004.2086
1760988377990,1004.1761
1760988378010,1004.2028
1760988378031,1004.18317
1760988378049,1004.2014
1760988378069,1004.2078
1760988378089,1004.17096
1760988378109,1004.2114
1760988378130,1004.17035
1760988378150,1004.21606
1760988378169,1004.1912
1760988378189,1004.173
1760988378210,1004.17267
1760988378230,1004.1453
1760988378250,1004.1392
1760988378270,1004.14185
1760988378289,1004.15656
1760988378310,1004.14435
1760988378329,1004.132
1760988378350,1004.1292
1760988378370,1004.1729
1760988378389,1004.1362
1760988378410,1004.14
1760988378430,1004.14575
1760988378450,1004.1278
1760988378470,1004.0946
1760988378490,1004.09235
1760988378509,1004.10736
1760988378529,1004.0734
1760988378549,1004.07544
1760988378569,1004.077
1760988378589,1004.03217
1760988378609,1004.08295
1760988378629,1004.0929
1760988378649,1004.0483
1760988378669,1004.0609
1760988378690,1004.0495
1760988378710,1004.07416
1760988378729,1004.0603
1760988378749,1004.04266
1760988378770,1004.04706
1760988378789,1004.062
1760988378810,1004.04456
1760988378829,1004.0472
1760988378849,1004.04156
1760988378869,1004.03436
1760988378889,1004.00903
1760988378910,1004.0039
1760988378930,1004.0136
1760988378949,1004.02716
1760988378970,1003.997
1760988378989,1003.9983
1760988379010,1004.02325
1760988379031,1003.98035
1760988379050,1003.9865
1760988379069,1003.9916
1760988379089,1003.97736
1760988379109,1004.0123
1760988379130,1004.0016
1760988379151,1003.9638
1760988379175,1003.98206
1760988379189,1003.9869
1760988379209,1003.9855
1760988379229,1003.9847
1760988379249,1003.97375
1760988379270,1003.96826
1760988379289,1003.9836
1760988379309,1003.965
1760988379329,1003.96454
1760988379349,1003.9409
1760988379370,1003.9437
1760988379390,1003.9308
1760988379409,1003.9372
1760988379431,1003.9192
1760988379449,1003.94653
1760988379469,1003.9498
1760988379490,1003.9412
1760988379509,1003.9458
1760988379529,1003.96643
1760988379549,1003.9497
1760988379569,1003.95593
1760988379589,1003.96014
1760988379610,1003.93506
1760988379629,1003.95935
1760988379649,1003.95935
1760988379669,1003.9725
1760988379690,1003.95184
1760988379710,1003.9401
1760988379729,1003.9367
1760988379749,1003.9233
1760988379769,1003.9416
1760988379789,1003.925
1760988379809,1003.93835
1760988379830,1003.8953
1760988379849,1003.8956
1760988379869,1003.90485
1760988379889,1003.8873
1760988379910,1003.90814
1760988379930,1003.887
1760988379950,1003.8844
1760988379969,1003.8822
1760988379989,1003.8784
1760988380009,1003.8675
1760988380030,1003.87885
1760988380051,1003.8858
1760988380070,1003.88153
1760988380089,1003.91595
1760988380109,1003.8833
1760988380129,1003.90796
1760988380150,1003.8861
1760988380170,1003.90314
1760988380190,1003.8928
1760988380209,1003.8767
1760988380229,1003.8956
1760988380250,1003.8791
1760988380270,1003.9001
1760988380290,1003.8956
1760988380309,1003.89624
1760988380329,1003.89014
1760988380349,1003.8931
1760988380369,1003.86554
1760988380390,1003.8834
1760988380409,1003.8739
1760988380429,1003.8791
1760988380450,1003.8836
1760988380469,1003.8745
1760988380490,1003.8713
1760988380511,1003.8667
1760988380529,1003.8744
1760988380549,1003.8759
1760988380569,1003.8514
1760988380589,1003.8711
1760988380610,1003.8727
1760988380629,1003.8906
1760988380649,1003.85175
1760988380669,1003.84436
1760988380690,1003.8622
1760988380710,1003.87354
1760988380730,1003.88385
1760988380749,1003.8663
1760988380769,1003.8667
1760988380789,1003.8638
1760988380809,1003.8614
1760988380830,1003.84906
1760988380850,1003.85016
1760988380869,1003.8558
1760988380889,1003.8688
1760988380910,1003.8686
1760988380930,1003.8756
1760988380951,1003.84955
1760988380969,1003.84814
1760988380989,1003.8783
1760988381009,1003.872
1760988381030,1003.8603
1760988381052,1003.85333
1760988381070,1003.8475
1760988381089,1003.86017
1760988381109,1003.85175
1760988381129,1003.858
1760988381149,1003.84717
1760988381170,1003.8723
1760988381190,1003.8201
1760988381209,1003.84875
1760988381230,1003.8159
1760988381249,1003.83435
1760988381269,1003.8136
1760988381290,1003.8145
1760988381309,1003.83875
1760988381329,1003.8752
1760988381349,1003.8464
1760988381369,1003.8328
1760988381390,1003.84546
1760988381410,1003.8271
1760988381429,1003.8267
1760988381449,1003.8225
1760988381469,1003.8306
1760988381489,1003.8017
1760988381510,1003.8117
1760988381529,1003.8092
1760988381549,1003.835
1760988381569,1003.8194
1760988381589,1003.8172
1760988381610,1003.8317
1760988381630,1003.81116
1760988381649,1003.82935
1760988381669,1003.8155
1760988381689,1003.8078
1760988381709,1003.81903
1760988381729,1003.8264
1760988381750,1003.8085
1760988381769,1003.8131
1760988381789,1003.8306
1760988381810,1003.818
1760988381829,1003.8225
1760988381850,1003.8247
1760988381870,1003.8234
1760988381889,1003.8236
1760988381910,1003.8119
1760988381930,1003.7692
1760988381950,1003.78796
1760988381970,1003.7969
1760988381989,1003.77655
1760988382009,1003.76013
1760988382030,1003.7903
1760988382050,1003.7697
1760988382070,1003.77594
1760988382090,1003.79767
1760988382109,1003.79047
1760988382129,1003.79376
1760988382149,1003.79236
1760988382170,1003.77527
1760988382190,1003.77936
1760988382209,1003.7442
1760988382229,1003.7544
1760988382249,1003.78326
1760988382269,1003.73157
1760988382290,1003.7636
1760988382310,1003.76984
1760988382329,1003.7495
1760988382349,1003.7584
1760988382370,1003.7394
1760988382389,1003.7395
1760988382410,1003.7207
1760988382429,1003.7522
1760988382450,1003.72955
1760988382469,1003.745
1760988382489,1003.7472
1760988382510,1003.72894
1760988382531,1003.7523
1760988382551,1003.7319
1760988382570,1003.73596
1760988382589,1003.7653
1760988382609,1003.77124
1760988382629,1003.7872
1760988382650,1003.7487
1760988382669,1003.77124
1760988382689,1003.7667
1760988382709,1003.82983
1760988382729,1003.807
1760988382750,1003.78754
1760988382769,1003.78705
1760988382790,1003.7603
1760988382809,1003.7464
1760988382829,1003.7383
1760988382850,1003.7243
1760988382871,1003.7498
1760988382889,1003.7678
1760988382909,1003.7548
1760988382930,1003.7611
1760988382950,1003.71747
1760988382970,1003.7264
1760988382989,1003.733
1760988383010,1003.71344
1760988383029,1003.73206
1760988383050,1003.72107
1760988383070,1003.72626
1760988383090,1003.7102
1760988383109,1003.7139
1760988383129,1003.73047
1760988383149,1003.73267
1760988383173,1003.7008
1760988383189,1003.7235
1760988383210,1003.72577
1760988383229,1003.76154
1760988383249,1003.77563
1760988383269,1003.7659
1760988383289,1003.753
1760988383310,1003.785
1760988383329,1003.79846
1760988383349,1003.77795
1760988383369,1003.7603
1760988383389,1003.7686
1760988383409,1003.758
1760988383430,1003.79315
1760988383449,1003.7995
1760988383469,1003.785
1760988383489,1003.78186
1760988383509,1003.82935
1760988383530,1003.78436
1760988383550,1003.7878
1760988383570,1003.8081
1760988383589,1003.8175
1760988383609,1003.79517
1760988383629,1003.79
1760988383650,1003.7889
1760988383669,1003.77814
1760988383689,1003.7659
1760988383709,1003.7505
1760988383729,1003.7875
1760988383749,1003.7872
1760988383771,1003.7988
1760988383789,1003.8025
1760988383809,1003.8091
1760988383829,1003.7955
1760988383849,1003.8127
1760988383870,1003.8173
1760988383889,1003.79846
1760988383910,1003.8047
1760988383929,1003.8092
1760988383950,1003.8181
1760988383970,1003.8298
1760988383990,1003.7875
1760988384010,1003.83344
1760988384031,1003.8378
1760988384049,1003.8281
1760988384069,1003.8211
1760988384090,1003.82666
1760988384110,1003.827
1760988384129,1003.8644
1760988384149,1003.85297
1760988384170,1003.8317
1760988384189,1003.8314
1760988384210,1003.8417
1760988384230,1003.8141
1760988384249,1003.83875
1760988384270,1003.84924
1760988384289,1003.8283
1760988384310,1003.83826
1760988384330,1003.84845
1760988384349,1003.835
1760988384369,1003.85315
1760988384389,1003.8303
1760988384410,1003.8336
1760988384430,1003.8222
1760988384451,1003.82764
1760988384470,1003.82684
1760988384490,1003.8114
1760988384509,1003.8141
1760988384530,1003.8326
1760988384550,1003.8025
1760988384570,1003.8034
1760988384589,1003.807
1760988384609,1003.8091
1760988384630,1003.82544
1760988384649,1003.8137
1760988384670,1003.8198
1760988384689,1003.8142
1760988384709,1003.8123
1760988384729,1003.8214
1760988384749,1003.8056
1760988384770,1003.84015
1760988384789,1003.8172
1760988384809,1003.83624
1760988384829,1003.83514
1760988384849,1003.8162
1760988384870,1003.8106
1760988384890,1003.84796
1760988384909,1003.8201
1760988384929,1003.7989
1760988384949,1003.8184
1760988384970,1003.82153
1760988384990,1003.83167
1760988385010,1003.8336
1760988385029,1003.82153
1760988385049,1003.83765
1760988385070,1003.8147
1760988385089,1003.83325
1760988385110,1003.8264
1760988385129,1003.83905
1760988385149,1003.8058
1760988385169,1003.8064
1760988385190,1003.90765
1760988385209,1003.9531
1760988385230,1003.9663
1760988385249,1003.90906
1760988385269,1003.86017
1760988385289,1003.8284
1760988385309,1003.8658
