1760726596862,1001.1106
1760726596882,1001.105
1760726596903,1001.1223
1760726596922,1001.14294
1760726596942,1001.1467
1760726596962,1001.1456
1760726596983,1001.1312
1760726597002,1001.1208
1760726597023,1001.15515
1760726597042,1001.08466
1760726597062,1001.0461
1760726597082,1001.04517
1760726597103,1001.0582
1760726597122,1001.0545
1760726597142,1001.07544
1760726597162,1001.0748
1760726597182,1001.08124
1760726597203,1001.09064
1760726597222,1001.108
1760726597242,1001.1075
1760726597262,1001.1414
1760726597282,1001.1078
1760726597302,1001.1195
1760726597323,1001.09607
1760726597342,1001.1464
1760726597362,1001.08435
1760726597382,1001.09424
1760726597402,1001.1266
1760726597423,1001.14087
1760726597442,1001.15515
1760726597462,1001.1138
1760726597482,1001.1142
1760726597502,1001.1358
1760726597523,1001.1386
1760726597544,1001.0648
1760726597562,1001.1106
1760726597582,1001.14764
1760726597602,1001.14703
1760726597622,1001.1614
1760726597643,1001.1397
1760726597664,1001.14935
1760726597682,1001.14185
1760726597702,1001.1717
1760726597722,1001.1756
1760726597743,1001.1817
1760726597763,1001.182
1760726597783,1001.1775
1760726597802,1001.15924
1760726597822,1001.14294
1760726597842,1001.17487
1760726597862,1001.16016
1760726597883,1001.1745
1760726597902,1001.17236
1760726597922,1001.15326
1760726597943,1001.15186
1760726597962,1001.1886
1760726597983,1001.1544
1760726598002,1001.15045
1760726598022,1001.1777
1760726598043,1001.1833
1760726598062,1001.1711
1760726598082,1001.19965
1760726598103,1001.18567
1760726598122,1001.17206
1760726598142,1001.1975
1760726598162,1001.1825
1760726598182,1001.1897
1760726598203,1001.2322
1760726598223,1001.21704
1760726598242,1001.21173
1760726598262,1001.1858
1760726598282,1001.1795
1760726598302,1001.173
1760726598323,1001.2014
1760726598342,1001.1951
1760726598362,1001.1861
1760726598382,1001.16595
1760726598403,1001.1848
1760726598423,1001.15765
1760726598443,1001.15436
1760726598462,1001.132
1760726598482,1001.15857
1760726598502,1001.1867
1760726598522,1001.15607
1760726598545,1001.15454
1760726598562,1001.13904
1760726598582,1001.15186
1760726598602,1001.137
1760726598622,1001.1155
1760726598643,1001.14923
1760726598663,1001.14874
1760726598682,1001.1331
1760726598702,1001.1227
1760726598722,1001.1183
1760726598742,1001.128
1760726598764,1001.1361
1760726598789,1001.08325
1760726598802,1001.09204
1760726598822,1001.1103
1760726598842,1001.1292
1760726598863,1001.10205
1760726598883,1001.08234
1760726598902,1001.09796
1760726598922,1001.11
1760726598942,1001.09045
1760726598962,1001.10046
1760726598982,1001.11804
1760726599004,1001.098
1760726599022,1001.09436
1760726599042,1001.0739
1760726599062,1001.072
1760726599082,1001.09546
1760726599102,1001.0627
1760726599122,1001.0737
1760726599142,1001.0759
1760726599162,1001.0566
1760726599182,1001.0651
1760726599202,1001.0606
1760726599223,1001.0694
1760726599242,1001.0655
1760726599262,1001.0528
1760726599282,1001.0506
1760726599302,1001.0497
1760726599323,1001.03577
1760726599343,1001.03534
1760726599362,1001.0458
1760726599382,1001.03674
1760726599402,1001.0511
1760726599422,1001.0304
1760726599443,1001.0055
1760726599462,1001.02075
1760726599482,1001.01685
1760726599502,1001.02545
1760726599522,1001.02045
1760726599543,1001.0005
1760726599563,1001.0417
1760726599582,1001.02325
1760726599602,1001.0073
1760726599622,1001.01044
1760726599642,1001.008
1760726599663,1001.0041
1760726599683,1000.97375
1760726599702,1000.97015
1760726599723,1000.98627
1760726599742,1000.9778
1760726599762,1000.9831
1760726599783,1000.969
1760726599802,1000.9487
1760726599822,1000.97076
1760726599842,1000.9934
1760726599862,1000.9592
1760726599882,1000.9628
1760726599903,1000.94653
1760726599922,1000.9334
1760726599942,1000.9464
1760726599962,1000.9401
1760726599982,1000.91846
1760726600003,1000.94366
1760726600022,1000.9375
1760726600042,1000.9225
1760726600062,1000.9338
1760726600082,1000.91205
1760726600103,1000.9216
1760726600123,1000.8891
1760726600142,1000.90497
1760726600162,1000.8695
1760726600183,1000.89954
1760726600202,1000.8697
1760726600223,1000.8542
1760726600243,1000.8683
1760726600262,1000.8836
1760726600282,1000.887
1760726600302,1000.8758
1760726600322,1000.8641
1760726600343,1000.85565
1760726600362,1000.8655
1760726600382,1000.85187
1760726600402,1000.8558
1760726600422,1000.84735
1760726600442,1000.82605
1760726600463,1000.83295
1760726600482,1000.8028
1760726600502,1000.8244
1760726600523,1000.8086
1760726600542,1000.8189
1760726600563,1000.79144
1760726600582,1000.82544
1760726600602,1000.8175
1760726600622,1000.78656
1760726600642,1000.7911
1760726600662,1000.77264
1760726600684,1000.79803
1760726600703,1000.78015
1760726600722,1000.76044
1760726600742,1000.7692
1760726600763,1000.77716
1760726600788,1000.7603
1760726600803,1000.7358
1760726600822,1000.76733
1760726600842,1000.7392
1760726600862,1000.7491
1760726600882,1000.7487
1760726600903,1000.7458
1760726600922,1000.7438
1760726600942,1000.7481
1760726600962,1000.7214
1760726600982,1000.6911
1760726601002,1000.6998
1760726601023,1000.7188
1760726601042,1000.71893
1760726601062,1000.70844
1760726601082,1000.71375
1760726601102,1000.6973
1760726601123,1000.6931
1760726601143,1000.6808
1760726601162,1000.67737
1760726601182,1000.71796
1760726601202,1000.6802
1760726601222,1000.7012
1760726601243,1000.6917
1760726601263,1000.6708
1760726601282,1000.6955
1760726601302,1000.64874
1760726601322,1000.6739
1760726601343,1000.6549
1760726601364,1000.67126
1760726601382,1000.6769
1760726601402,1000.64264
1760726601423,1000.6813
1760726601442,1000.65955
1760726601463,1000.65625
1760726601483,1000.64734
1760726601502,1000.6294
1760726601522,1000.6628
1760726601542,1000.6384
1760726601563,1000.6392
1760726601583,1000.6442
1760726601602,1000.6278
1760726601622,1000.6378
1760726601642,1000.64484
1760726601662,1000.6333
1760726601683,1000.6098
1760726601703,1000.63947
1760726601722,1000.6128
1760726601742,1000.6309
1760726601762,1000.6331
1760726601783,1000.6089
1760726601803,1000.6091
1760726601822,1000.59467
1760726601842,1000.6105
1760726601862,1000.6178
1760726601882,1000.5722
1760726601903,1000.58374
1760726601923,1000.58655
1760726601942,1000.5723
1760726601962,1000.60205
1760726601982,1000.5759
1760726602002,1000.5997
1760726602023,1000.6161
1760726602043,1000.5822
1760726602062,1000.59106
1760726602082,1000.57263
1760726602102,1000.5703
1760726602123,1000.5806
1760726602143,1000.5638
1760726602163,1000.5542
1760726602182,1000.5714
1760726602202,1000.5575
1760726602222,1000.557
1760726602243,1000.5603
1760726602263,1000.54376
1760726602282,1000.5627
1760726602302,1000.54456
1760726602322,1000.5622
1760726602343,1000.55096
1760726602363,1000.5552
1760726602382,1000.5541
1760726602402,1000.5539
1760726602422,1000.55237
1760726602442,1000.5519
1760726602463,1000.51965
1760726602483,1000.5601
1760726602502,1000.5586
1760726602522,1000.54407
1760726602542,1000.5609
1760726602562,1000.5506
1760726602583,1000.541
1760726602602,1000.5417
1760726602622,1000.5666
1760726602642,1000.53815
1760726602662,1000.5591
1760726602682,1000.55237
1760726602703,1000.53754
1760726602722,1000.562
1760726602742,1000.54126
1760726602762,1000.5633
1760726602782,1000.54767
1760726602810,1000.53174
1760726602823,1000.53296
1760726602842,1000.5147
1760726602862,1000.5658
1760726602882,1000.5403
1760726602902,1000.52203
1760726602923,1000.5378
1760726602943,1000.51904
1760726602962,1000.5506
1760726602982,1000.52075
1760726603002,1000.52313
1760726603023,1000.5006
1760726603043,1000.53595
1760726603062,1000.53534
1760726603082,1000.53064
1760726603102,1000.52844
1760726603122,1000.54047
1760726603143,1000.53375
1760726603162,1000.5425
1760726603182,1000.54407
1760726603202,1000.5225
1760726603222,1000.53125
1760726603242,1000.53357
1760726603263,1000.5436
1760726603282,1000.5527
1760726603302,1000.5519
1760726603322,1000.5108
1760726603342,1000.51514
1760726603363,1000.512
1760726603383,1000.53735
1760726603402,1000.53906
1760726603422,1000.5225
1760726603442,1000.52545
1760726603462,1000.53955
1760726603483,1000.53284
1760726603502,1000.5586
1760726603522,1000.54065
1760726603543,1000.53357
1760726603562,1000.5023
1760726603582,1000.5161
1760726603603,1000.52716
1760726603622,1000.53925
1760726603642,1000.5414
1760726603662,1000.5466
1760726603682,1000.52344
1760726603702,1000.53815
1760726603723,1000.52814
1760726603742,1000.5469
1760726603762,1000.51904
1760726603782,1000.54376
1760726603802,1000.53455
1760726603823,1000.5067
1760726603842,1000.5172
1760726603862,1000.53485
1760726603882,1000.4942
1760726603902,1000.54016
1760726603923,1000.51544
1760726603943,1000.5411
1760726603962,1000.52
1760726603982,1000.5059
1760726604002,1000.507
1760726604022,1000.5167
1760726604043,1000.52966
1760726604062,1000.5106
1760726604082,1000.5083
1760726604102,1000.5417
1760726604122,1000.53296
1760726604143,1000.5072
1760726604163,1000.5012
1760726604182,1000.54407
1760726604202,1000.53204
1760726604222,1000.52893
1760726604243,1000.5019
1760726604263,1000.4908
1760726604283,1000.53613
1760726604302,1000.517
1760726604322,1000.5016
1760726604342,1000.5114
1760726604362,1000.5011
1760726604383,1000.503
1760726604402,1000.53455
1760726604422,1000.5175
1760726604442,1000.517
1760726604462,1000.512
1760726604483,1000.5236
1760726604503,1000.5118
1760726604522,1000.5253
1760726604542,1000.52454
1760726604563,1000.5527
1760726604582,1000.5378
1760726604603,1000.5542
1760726604622,1000.5375
1760726604642,1000.54065
1760726604662,1000.53357
1760726604683,1000.552
1760726604702,1000.5547
1760726604723,1000.5545
1760726604743,1000.52576
1760726604762,1000.53107
1760726604782,1000.52185
1760726604802,1000.53375
1760726604822,1000.5143
1760726604843,1000.5086
1760726604862,1000.51794
1760726604882,1000.53125
1760726604902,1000.5064
1760726604922,1000.5228
1760726604943,1000.54065
1760726604962,1000.51843
1760726604982,1000.52783
1760726605002,1000.53143
1760726605022,1000.5378
1760726605043,1000.5236
1760726605063,1000.532
1760726605082,1000.54346
1760726605102,1000.5545
1760726605122,1000.5466
1760726605142,1000.53375
1760726605162,1000.53986
1760726605182,1000.53595
1760726605202,1000.5481
1760726605222,1000.54
1760726605242,1000.5542
1760726605262,1000.5386
1760726605283,1000.5149
1760726605302,1000.5469
1760726605322,1000.5491
1760726605342,1000.5264
1760726605362,1000.53705
1760726605382,1000.52
1760726605403,1000.51904
1760726605422,1000.53357
1760726605443,1000.5214
1760726605462,1000.54016
1760726605482,1000.5447
1760726605503,1000.5167
1760726605522,1000.5228
1760726605542,1000.5425
1760726605562,1000.52625
1760726605582,1000.5397
1760726605602,1000.49805
1760726605623,1000.5083
1760726605642,1000.52075
1760726605662,1000.54767
1760726605682,1000.53345
1760726605702,1000.51013
1760726605723,1000.5103
1760726605743,1000.51984
1760726605762,1000.52985
1760726605782,1000.52295
1760726605802,1000.5084
1760726605823,1000.4956
1760726605843,1000.5224
1760726605862,1000.5125
1760726605882,1000.51434
1760726605902,1000.5072
1760726605922,1000.52856
1760726605943,1000.5164
1760726605963,1000.5134
1760726605982,1000.5112
1760726606002,1000.5161
1760726606022,1000.5028
1760726606043,1000.48334
1760726606065,1000.5337
1760726606082,1000.52405
1760726606102,1000.52014
1760726606122,1000.54407
1760726606142,1000.495
1760726606162,1000.5045
1760726606182,1000.53705
1760726606202,1000.5058
1760726606222,1000.53204
1760726606242,1000.5061
1760726606262,1000.4939
1760726606282,1000.5155
1760726606303,1000.5178
1760726606322,1000.52826
1760726606342,1000.5175
1760726606362,1000.52734
1760726606382,1000.5197
1760726606402,1000.5178
1760726606422,1000.53595
1760726606442,1000.4997
1760726606462,1000.5123
1760726606482,1000.4973
1760726606502,1000.52234
1760726606523,1000.51953
1760726606542,1000.51154
1760726606562,1000.52435
1760726606582,1000.5094
1760726606602,1000.53534
1760726606622,1000.53375
1760726606642,1000.5325
1760726606667,1000.51794
1760726606682,1000.5114
1760726606702,1000.53925
1760726606722,1000.53406
1760726606742,1000.52405
1760726606762,1000.5563
1760726606782,1000.5456
1760726606802,1000.5034
1760726606822,1000.5011
1760726606842,1000.5436
1760726606863,1000.5103
1760726606882,1000.5236
1760726606902,1000.5597
1760726606922,1000.5472
1760726606942,1000.5147
1760726606963,1000.5419
1760726606982,1000.5167
1760726607002,1000.53094
1760726607023,1000.54266
1760726607042,1000.5547
1760726607063,1000.57
1760726607083,1000.54016
1760726607102,1000.5581
1760726607122,1000.5502
1760726607142,1000.5495
1760726607162,1000.54626
1760726607183,1000.54877
1760726607202,1000.53424
1760726607222,1000.5156
1760726607242,1000.54346
1760726607262,1000.52295
1760726607283,1000.5425
1760726607303,1000.5092
1760726607322,1000.54126
1760726607342,1000.53687
1760726607362,1000.5069
1760726607383,1000.54236
1760726607403,1000.53284
1760726607423,1000.5385
1760726607442,1000.52844
1760726607462,1000.5075
1760726607482,1000.5442
1760726607503,1000.5549
1760726607523,1000.5228
1760726607542,1000.5131
1760726607562,1000.5128
1760726607582,1000.5491
1760726607602,1000.52466
1760726607622,1000.50006
1760726607643,1000.5373
1760726607662,1000.52625
1760726607682,1000.54126
1760726607702,1000.5095
1760726607722,1000.53033
1760726607743,1000.53705
1760726607762,1000.52594
1760726607782,1000.5189
1760726607802,1000.53424
1760726607823,1000.53375
1760726607842,1000.5378
1760726607863,1000.52673
1760726607882,1000.5153
1760726607902,1000.52844
1760726607922,1000.5458
1760726607942,1000.5206
1760726607962,1000.5513
1760726607984,1000.5397
1760726608003,1000.5075
1760726608022,1000.5372
1760726608042,1000.52734
1760726608062,1000.5045
1760726608083,1000.53235
1760726608102,1000.51843
1760726608122,1000.5064
1760726608142,1000.53125
1760726608163,1000.52734
1760726608182,1000.5061
1760726608203,1000.52563
1760726608222,1000.53955
1760726608242,1000.53406
1760726608262,1000.5217
1760726608282,1000.54407
1760726608303,1000.5156
1760726608324,1000.5412
1760726608342,1000.51794
1760726608362,1000.52673
1760726608382,1000.5158
1760726608402,1000.52454
1760726608423,1000.52594
1760726608442,1000.53564
1760726608463,1000.53076
1760726608482,1000.53033
1760726608502,1000.5217
1760726608522,1000.54315
1760726608543,1000.5228
1760726608562,1000.52045
1760726608582,1000.51904
1760726608602,1000.51404
1760726608622,1000.5109
1760726608642,1000.5206
1760726608662,1000.5134
1760726608682,1000.5564
1760726608702,1000.5364
1760726608722,1000.53033
1760726608743,1000.5196
1760726608763,1000.5217
1760726608782,1000.53174
1760726608802,1000.5025
1760726608823,1000.5206
1760726608843,1000.52203
1760726608863,1000.515
1760726608883,1000.4986
1760726608902,1000.5117
1760726608923,1000.52515
1760726608942,1000.53955
1760726608963,1000.5145
1760726608983,1000.5019
1760726609002,1000.52966
1760726609022,1000.5361
1760726609042,1000.52185
1760726609062,1000.4986
1760726609082,1000.5084
1760726609103,1000.5329
1760726609122,1000.54517
1760726609142,1000.52374
1760726609162,1000.5153
1760726609183,1000.535
1760726609203,1000.51465
1760726609222,1000.5047
1760726609242,1000.53143
1760726609262,1000.53467
1760726609282,1000.5225
1760726609303,1000.53064
1760726609323,1000.5047
1760726609342,1000.5161
1760726609362,1000.5197
1760726609382,1000.47406
1760726609402,1000.4984
1760726609423,1000.48676
1760726609443,1000.5161
1760726609462,1000.52594
1760726609482,1000.5037
1760726609502,1000.517
1760726609523,1000.5072
1760726609543,1000.5178
1760726609562,1000.5158
1760726609582,1000.5019
1760726609602,1000.5092
1760726609622,1000.5147
1760726609642,1000.5225
1760726609663,1000.52185
1760726609682,1000.52606
1760726609704,1000.4944
1760726609722,1000.52075
1760726609742,1000.5028
1760726609763,1000.51996
1760726609782,1000.53796
1760726609802,1000.52
1760726609822,1000.5541
1760726609842,1000.53076
1760726609862,1000.53564
1760726609883,1000.5132
1760726609902,1000.51764
1760726609922,1000.5095
1760726609942,1000.51013
1760726609962,1000.5053
1760726609982,1000.5274
1760726610003,1000.5228
1760726610022,1000.515
1760726610042,1000.5122
1760726610062,1000.52905
1760726610082,1000.5064
1760726610103,1000.5142
1760726610122,1000.5128
1760726610142,1000.53033
1760726610162,1000.54346
1760726610182,1000.4941
1760726610202,1000.54156
1760726610223,1000.5252
1760726610242,1000.52423
1760726610262,1000.5045
1760726610282,1000.52844
1760726610302,1000.52515
1760726610324,1000.52094
1760726610342,1000.4886
1760726610362,1000.5089
1760726610382,1000.52844
1760726610402,1000.52985
1760726610422,1000.53375
1760726610443,1000.54767
1760726610462,1000.5061
1760726610482,1000.4983
1760726610502,1000.52576
1760726610522,1000.53064
1760726610543,1000.5064
1760726610563,1000.5483
1760726610582,1000.52985
1760726610602,1000.53815
1760726610622,1000.5494
1760726610642,1000.5045
1760726610663,1000.542
1760726610682,1000.4966
1760726610703,1000.50946
1760726610722,1000.5197
1760726610742,1000.51013
1760726610763,1000.53564
1760726610783,1000.5123
1760726610802,1000.51624
1760726610822,1000.4997
1760726610843,1000.5192
1760726610862,1000.5414
1760726610883,1000.5042
1760726610903,1000.524
1760726610922,1000.5192
1760726610942,1000.52094
1760726610962,1000.5119
1760726610982,1000.5056
1760726611003,1000.5078
1760726611022,1000.512
1760726611042,1000.5186
1760726611063,1000.52704
1760726611083,1000.5042
1760726611102,1000.53406
1760726611123,1000.5197
1760726611142,1000.5181
1760726611162,1000.52203
1760726611182,1000.5178
1760726611202,1000.5375
1760726611223,1000.5072
1760726611242,1000.51294
1760726611262,1000.53156
1760726611282,1000.5264
1760726611302,1000.51013
1760726611323,1000.5142
1760726611343,1000.50006
1760726611362,1000.5086
1760726611382,1000.5008
1760726611402,1000.52423
1760726611423,1000.5036
1760726611443,1000.53204
1760726611464,1000.50574
1760726611482,1000.4953
1760726611502,1000.5217
1760726611522,1000.5026
1760726611542,1000.51025
1760726611563,1000.5114
1760726611583,1000.52234
1760726611602,1000.5103
1760726611622,1000.52
1760726611642,1000.52075
1760726611662,1000.5181
1760726611683,1000.5335
1760726611702,1000.5031
1760726611722,1000.5189
1760726611742,1000.5073
1760726611762,1000.5142
1760726611783,1000.4998
1760726611802,1000.52344
1760726611822,1000.5106
1760726611842,1000.52
1760726611862,1000.52783
1760726611883,1000.53424
1760726611903,1000.53925
1760726611923,1000.52795
1760726611942,1000.5089
1760726611962,1000.52515
1760726611982,1000.4891
1760726612003,1000.5115
1760726612023,1000.5092
1760726612042,1000.5145
1760726612062,1000.5134
1760726612083,1000.52313
1760726612103,1000.5131
1760726612123,1000.53296
1760726612142,1000.5084
1760726612162,1000.51483
1760726612183,1000.53796
1760726612202,1000.4978
1760726612223,1000.519
1760726612243,1000.5189
1760726612262,1000.51825
1760726612282,1000.4972
1760726612302,1000.51434
1760726612323,1000.5097
1760726612343,1000.4989
1760726612363,1000.5153
1760726612382,1000.53125
1760726612402,1000.52185
1760726612422,1000.52094
1760726612443,1000.51733
1760726612463,1000.5119
1760726612483,1000.4989
1760726612502,1000.4992
1760726612522,1000.5019
1760726612542,1000.51733
1760726612563,1000.5125
1760726612584,1000.50305
1760726612602,1000.5206
1760726612622,1000.4783
1760726612642,1000.5059
1760726612662,1000.5061
1760726612683,1000.53046
1760726612702,1000.53815
1760726612723,1000.52466
1760726612742,1000.5056
1760726612762,1000.51733
1760726612783,1000.5095
1760726612803,1000.4975
1760726612822,1000.4914
1760726612842,1000.517
1760726612862,1000.5172
1760726612883,1000.4992
1760726612903,1000.5086
1760726612922,1000.5172
1760726612942,1000.4939
1760726612962,1000.52014
1760726612982,1000.4967
1760726613003,1000.51086
1760726613023,1000.4875
1760726613042,1000.4872
1760726613062,1000.5073
1760726613082,1000.48627
1760726613102,1000.5343
1760726613122,1000.52856
1760726613143,1000.5052
1760726613162,1000.5053
1760726613182,1000.5225
1760726613202,1000.5031
1760726613222,1000.5103
1760726613243,1000.51904
1760726613263,1000.5214
1760726613282,1000.5197
1760726613302,1000.5153
1760726613322,1000.5069
1760726613343,1000.5067
1760726613363,1000.49133
1760726613382,1000.5092
1760726613402,1000.51044
1760726613422,1000.503
1760726613443,1000.5042
1760726613463,1000.5081
1760726613483,1000.4956
1760726613502,1000.4967
1760726613523,1000.4924
1760726613542,1000.4883
1760726613563,1000.4967
1760726613583,1000.50964
1760726613602,1000.51843
1760726613622,1000.5134
1760726613642,1000.52594
1760726613662,1000.52094
1760726613682,1000.52295
1760726613703,1000.5032
1760726613722,1000.4914
1760726613742,1000.5181
1760726613762,1000.5072
1760726613782,1000.503
1760726613803,1000.4984
1760726613823,1000.47186
1760726613842,1000.505
1760726613862,1000.5081
1760726613882,1000.51843
1760726613903,1000.5039
1760726613923,1000.48346
1760726613943,1000.5125
1760726613962,1000.52625
1760726613982,1000.52344
1760726614002,1000.4959
1760726614024,1000.4975
1760726614043,1000.4822
1760726614062,1000.53174
1760726614082,1000.51404
1760726614102,1000.51874
1760726614122,1000.5178
1760726614143,1000.48553
1760726614162,1000.5253
1760726614183,1000.5106
1760726614202,1000.5133
1760726614223,1000.5134
1760726614242,1000.5111
1760726614263,1000.5106
1760726614282,1000.5031
1760726614302,1000.51733
1760726614322,1000.5114
1760726614343,1000.51935
1760726614363,1000.5153
1760726614382,1000.51434
1760726614402,1000.52094
1760726614422,1000.51843
1760726614442,1000.4906
1760726614463,1000.50995
1760726614484,1000.5042
1760726614502,1000.5097
1760726614523,1000.5078
1760726614542,1000.51843
1760726614562,1000.5161
1760726614583,1000.5192
1760726614604,1000.5072
1760726614622,1000.52466
1760726614642,1000.515
1760726614662,1000.48236
1760726614682,1000.5002
1760726614703,1000.51
1760726614722,1000.5051
1760726614742,1000.5128
1760726614762,1000.5008
1760726614782,1000.5006
1760726614803,1000.5031
1760726614823,1000.5078
1760726614842,1000.5128
1760726614862,1000.4864
1760726614882,1000.5128
1760726614902,1000.4928
1760726614922,1000.4986
1760726614942,1000.51685
1760726614963,1000.51
1760726614982,1000.5039
1760726615003,1000.52673
1760726615023,1000.5087
1760726615044,1000.5075
1760726615062,1000.4914
1760726615082,1000.5122
1760726615102,1000.5012
1760726615122,1000.51794
1760726615143,1000.5072
1760726615164,1000.523
1760726615183,1000.4922
1760726615202,1000.52594
1760726615222,1000.51013
1760726615242,1000.5298
1760726615263,1000.51013
1760726615282,1000.4997
1760726615302,1000.48126
1760726615322,1000.4963
1760726615342,1000.4939
1760726615362,1000.5081
1760726615383,1000.4911
1760726615402,1000.4919
1760726615422,1000.5014
1760726615442,1000.52466
1760726615463,1000.4936
1760726615483,1000.5092
1760726615502,1000.4911
1760726615522,1000.5134
1760726615542,1000.5067
1760726615563,1000.5034
1760726615582,1000.5112
1760726615603,1000.5014
1760726615622,1000.52216
1760726615642,1000.53375
1760726615662,1000.5239
1760726615682,1000.52203
1760726615703,1000.54565
1760726615723,1000.5094
1760726615742,1000.488
1760726615762,1000.4903
1760726615782,1000.4991
1760726615802,1000.4867
1760726615823,1000.53674
1760726615842,1000.51013
1760726615862,1000.50903
1760726615882,1000.4973
1760726615902,1000.5075
1760726615923,1000.4983
1760726615943,1000.5041
1760726615962,1000.51
1760726615982,1000.5178
1760726616002,1000.4908
1760726616023,1000.5114
1760726616043,1000.46625
1760726616062,1000.4913
1760726616082,1000.48346
1760726616102,1000.5225
1760726616122,1000.4956
1760726616142,1000.46533
1760726616163,1000.512
1760726616182,1000.4977
1760726616202,1000.5036
1760726616222,1000.5014
1760726616243,1000.497
1760726616262,1000.512
1760726616283,1000.5061
1760726616302,1000.48346
1760726616322,1000.4928
1760726616342,1000.5123
1760726616363,1000.48126
1760726616383,1000.5025
1760726616402,1000.52594
1760726616422,1000.5097
1760726616442,1000.5048
1760726616462,1000.51794
1760726616483,1000.48444
1760726616504,1000.4902
1760726616522,1000.4864
1760726616542,1000.5075
1760726616562,1000.4973
1760726616582,1000.4864
1760726616602,1000.4794
1760726616623,1000.5058
1760726616642,1000.5128
1760726616662,1000.51154
1760726616682,1000.4945
1760726616702,1000.4925
1760726616723,1000.5004
1760726616742,1000.5114
1760726616762,1000.5117
1760726616782,1000.48065
1760726616803,1000.51764
1760726616823,1000.512
1760726616844,1000.51373
1760726616863,1000.4825
1760726616882,1000.4964
1760726616902,1000.4995
1760726616923,1000.5197
1760726616943,1000.52
1760726616962,1000.5039
1760726616982,1000.5178
1760726617002,1000.47284
1760726617023,1000.4947
1760726617042,1000.51025
1760726617063,1000.49927
1760726617082,1000.4983
1760726617102,1000.4909
1760726617122,1000.4958
1760726617142,1000.4953
1760726617163,1000.4858
1760726617184,1000.52124
1760726617202,1000.5084
1760726617222,1000.4991
1760726617242,1000.4969
1760726617262,1000.51843
1760726617283,1000.5086
1760726617302,1000.4986
1760726617322,1000.4919
1760726617342,1000.51904
1760726617362,1000.48846
1760726617383,1000.5068
1760726617403,1000.4991
1760726617422,1000.4914
1760726617442,1000.503
1760726617462,1000.5078
1760726617482,1000.5108
1760726617503,1000.5056
1760726617522,1000.5103
1760726617542,1000.5111
1760726617562,1000.5034
1760726617582,1000.47845
1760726617602,1000.51
1760726617623,1000.5
1760726617642,1000.4973
1760726617662,1000.5062
1760726617683,1000.4978
1760726617702,1000.5106
1760726617723,1000.5065
1760726617743,1000.5012
1760726617762,1000.4905
1760726617782,1000.51953
1760726617802,1000.5133
1760726617822,1000.5189
1760726617843,1000.5073
1760726617862,1000.53595
1760726617882,1000.4967
1760726617902,1000.4972
1760726617922,1000.52185
1760726617943,1000.4987
1760726617963,1000.5056
1760726617982,1000.5069
1760726618003,1000.51154
1760726618022,1000.5056
1760726618042,1000.51843
1760726618063,1000.5078
1760726618082,1000.4864
1760726618102,1000.51733
1760726618122,1000.5045
1760726618142,1000.53577
1760726618162,1000.4739
1760726618183,1000.52405
1760726618202,1000.5075
1760726618222,1000.5119
1760726618243,1000.4953
1760726618262,1000.4953
1760726618283,1000.533
1760726618303,1000.5173
1760726618322,1000.51013
1760726618342,1000.5134
1760726618362,1000.5491
1760726618382,1000.52295
1760726618403,1000.5158
1760726618422,1000.508
1760726618442,1000.4973
1760726618462,1000.51733
1760726618482,1000.5117
1760726618502,1000.5067
1760726618523,1000.49
1760726618542,1000.5125
1760726618562,1000.52734
1760726618582,1000.5072
1760726618602,1000.53235
1760726618624,1000.5156
1760726618642,1000.47955
1760726618662,1000.502
1760726618682,1000.5161
1760726618702,1000.4913
1760726618723,1000.5024
1760726618743,1000.51324
1760726618762,1000.5028
1760726618782,1000.5236
1760726618802,1000.5042
1760726618822,1000.4933
1760726618843,1000.5223
1760726618863,1000.5359
1760726618882,1000.52515
1760726618902,1000.5217
1760726618922,1000.53107
1760726618943,1000.50574
1760726618963,1000.5058
1760726618982,1000.515
1760726619002,1000.5197
1760726619023,1000.5181
1760726619042,1000.52313
1760726619063,1000.5075
1760726619083,1000.5181
1760726619102,1000.52576
1760726619122,1000.5083
1760726619142,1000.5153
1760726619162,1000.5058
1760726619182,1000.4869
1760726619202,1000.52014
1760726619222,1000.4947
1760726619242,1000.5009
1760726619262,1000.5167
1760726619282,1000.51984
1760726619303,1000.50085
1760726619322,1000.52014
1760726619342,1000.52155
1760726619362,1000.5214
1760726619382,1000.495
1760726619403,1000.52594
1760726619423,1000.52295
1760726619442,1000.507
1760726619462,1000.53986
1760726619482,1000.4861
1760726619502,1000.4978
1760726619523,1000.5086
1760726619542,1000.5156
1760726619562,1000.5239
1760726619582,1000.51
1760726619603,1000.5008
1760726619623,1000.5003
1760726619643,1000.4866
1760726619662,1000.51935
1760726619682,1000.4883
1760726619702,1000.4997
1760726619722,1000.5
1760726619742,1000.5094
1760726619762,1000.5098
1760726619782,1000.5034
1760726619802,1000.52423
1760726619822,1000.5064
1760726619842,1000.51886
1760726619864,1000.5092
1760726619882,1000.51404
1760726619902,1000.5239
1760726619923,1000.4919
1760726619942,1000.53204
1760726619964,1000.5206
1760726619983,1000.53033
1760726620003,1000.4725
1760726620022,1000.4978
1760726620042,1000.4995
1760726620063,1000.5073
1760726620083,1000.5031
1760726620103,1000.488
1760726620122,1000.5006
1760726620142,1000.52563
1760726620162,1000.5053
1760726620182,1000.505
1760726620203,1000.5041
1760726620222,1000.5175
1760726620242,1000.4989
1760726620262,1000.515
1760726620282,1000.4947
1760726620303,1000.4992
1760726620323,1000.5097
1760726620342,1000.5067
1760726620362,1000.4917
1760726620382,1000.5156
1760726620402,1000.5158
1760726620423,1000.50366
1760726620442,1000.4819
1760726620462,1000.4952
1760726620482,1000.4972
1760726620502,1000.495
1760726620523,1000.4872
1760726620543,1000.4919
1760726620562,1000.5092
1760726620582,1000.4891
1760726620604,1000.5145
1760726620622,1000.505
1760726620643,1000.46844
1760726620662,1000.46906
1760726620682,1000.4961
1760726620702,1000.4856
1760726620723,1000.4856
1760726620743,1000.4906
1760726620764,1000.4677
1760726620782,1000.4786
1760726620802,1000.4833
1760726620822,1000.4775
1760726620843,1000.4537
1760726620863,1000.4545
1760726620883,1000.48785
1760726620902,1000.46893
1760726620922,1000.4455
1760726620942,1000.4508
1760726620963,1000.4522
1760726620984,1000.4517
1760726621002,1000.4495
1760726621022,1000.4494
1760726621042,1000.45825
1760726621062,1000.4561
1760726621083,1000.47565
1760726621103,1000.443
1760726621122,1000.4433
1760726621142,1000.45593
1760726621162,1000.4275
1760726621183,1000.4322
1760726621203,1000.425
1760726621222,1000.4348
1760726621242,1000.4373
1760726621262,1000.4392
1760726621282,1000.4313
1760726621303,1000.41766
1760726621323,1000.4277
1760726621342,1000.4089
1760726621362,1000.41156
1760726621382,1000.4384
1760726621402,1000.3883
1760726621423,1000.4061
1760726621444,1000.40735
1760726621462,1000.40106
1760726621482,1000.3766
1760726621502,1000.3922
1760726621523,1000.4029
1760726621543,1000.3764
1760726621563,1000.36096
1760726621582,1000.3909
1760726621603,1000.355
1760726621622,1000.385
1760726621642,1000.33997
1760726621663,1000.346
1760726621682,1000.3717
1760726621702,1000.3703
1760726621722,1000.3831
1760726621742,1000.3233
1760726621763,1000.3272
1760726621783,1000.34607
1760726621802,1000.3242
1760726621822,1000.3286
1760726621842,1000.3111
1760726621862,1000.29517
1760726621883,1000.3028
1760726621902,1000.3214
1760726621922,1000.3137
1760726621942,1000.313
1760726621962,1000.308
1760726621983,1000.2788
1760726622003,1000.28625
1760726622022,1000.2914
1760726622042,1000.29736
1760726622062,1000.27936
1760726622082,1000.27374
1760726622103,1000.2725
1760726622122,1000.267
1760726622142,1000.26953
1760726622162,1000.27795
1760726622182,1000.23627
1760726622203,1000.2648
1760726622223,1000.24176
1760726622242,1000.2464
1760726622263,1000.22906
1760726622282,1000.21954
1760726622303,1000.2308
1760726622323,1000.2445
1760726622342,1000.2034
1760726622362,1000.21564
1760726622382,1000.20593
1760726622402,1000.20013
1760726622423,1000.2086
1760726622443,1000.20984
1760726622462,1000.21576
1760726622482,1000.1895
1760726622502,1000.1886
1760726622523,1000.1958
1760726622543,1000.193
1760726622563,1000.18134
1760726622582,1000.1714
1760726622602,1000.16455
1760726622622,1000.15717
1760726622642,1000.14825
1760726622663,1000.15576
1760726622682,1000.1384
1760726622702,1000.1364
1760726622722,1000.1301
1760726622742,1000.128
1760726622763,1000.1292
1760726622783,1000.1248
1760726622802,1000.14624
1760726622822,1000.1194
1760726622842,1000.11127
1760726622863,1000.09393
1760726622883,1000.09296
1760726622902,1000.08435
1760726622922,1000.0864
1760726622942,1000.0617
1760726622963,1000.0591
1760726622982,1000.08344
1760726623003,1000.0761
1760726623022,1000.0572
1760726623042,1000.08734
1760726623062,1000.0656
1760726623082,1000.07623
1760726623102,1000.0511
1760726623123,1000.0511
1760726623142,1000.0436
1760726623162,1000.0627
1760726623182,1000.03467
1760726623203,1000.03174
1760726623223,1000.0208
1760726623242,1000.0552
1760726623262,1000.015
1760726623282,1000.0211
1760726623302,1000.01685
1760726623323,1000.0265
1760726623343,1000.0304
1760726623362,1000.0098
1760726623382,999.95844
1760726623402,999.9983
1760726623423,999.9963
1760726623443,1000.0017
1760726623464,999.97406
1760726623482,999.9894
1760726623502,999.9991
1760726623522,999.95374
1760726623543,999.97754
1760726623563,999.99866
1760726623582,999.9578
1760726623602,999.9778
1760726623622,999.96
1760726623642,999.937
1760726623662,999.9498
1760726623683,999.964
1760726623703,999.91956
1760726623722,999.9267
1760726623742,999.92126
1760726623762,999.9183
1760726623784,999.92377
1760726623802,999.91016
1760726623822,999.88934
1760726623842,999.90094
1760726623862,999.91174
1760726623882,999.89124
1760726623904,999.89154
1760726623923,999.8989
1760726623942,999.8867
1760726623962,999.877
1760726623982,999.8709
1760726624003,999.8706
1760726624023,999.8734
1760726624042,999.8606
1760726624062,999.8767
1760726624082,999.83966
1760726624103,999.8467
1760726624123,999.85846
1760726624142,999.85455
1760726624162,999.84314
1760726624182,999.82654
1760726624202,999.8464
1760726624224,999.83655
1760726624243,999.83014
1760726624262,999.83704
1760726624282,999.8039
1760726624302,999.8016
1760726624322,999.7961
1760726624343,999.8181
1760726624362,999.8206
1760726624382,999.78827
1760726624402,999.78455
1760726624422,999.79346
1760726624442,999.7994
1760726624463,999.78064
1760726624482,999.7994
1760726624502,999.7672
1760726624522,999.76935
1760726624542,999.7545
1760726624563,999.7522
1760726624583,999.7461
1760726624602,999.73737
1760726624622,999.7473
1760726624642,999.7478
1760726624663,999.71954
1760726624683,999.75
1760726624702,999.71045
1760726624722,999.737
1760726624742,999.71716
1760726624762,999.7461
1760726624783,999.73706
1760726624803,999.68286
1760726624822,999.71155
1760726624842,999.71423
1760726624862,999.6926
1760726624883,999.70044
1760726624903,999.72723
1760726624922,999.6838
1760726624942,999.70044
1760726624963,999.6817
1760726624982,999.6752
1760726625002,999.70856
1760726625023,999.6916
1760726625042,999.6873
1760726625062,999.65393
1760726625082,999.6816
1760726625102,999.65967
1760726625123,999.65344
1760726625143,999.65155
1760726625162,999.64624
1760726625182,999.6705
1760726625202,999.6312
1760726625222,999.6372
1760726625243,999.6233
1760726625262,999.628
1760726625282,999.63794
1760726625303,999.6206
1760726625323,999.59454
1760726625343,999.6313
1760726625364,999.60095
1760726625382,999.59045
1760726625403,999.59674
1760726625422,999.577
1760726625442,999.5673
1760726625463,999.586
1760726625482,999.5675
1760726625502,999.58966
1760726625522,999.568
1760726625542,999.5706
1760726625563,999.5666
1760726625583,999.55597
1760726625602,999.5567
1760726625622,999.5458
1760726625642,999.5458
1760726625662,999.5439
1760726625683,999.5122
1760726625703,999.5288
1760726625722,999.54456
1760726625742,999.5439
1760726625762,999.5428
1760726625782,999.5403
1760726625803,999.5513
1760726625822,999.5167
1760726625842,999.5189
1760726625862,999.5153
1760726625882,999.5339
1760726625903,999.49866
1760726625923,999.50555
1760726625942,999.4959
1760726625962,999.5064
1760726625982,999.48846
1760726626002,999.5064
1760726626023,999.4888
1760726626042,999.48126
1760726626062,999.4892
1760726626082,999.47986
1760726626102,999.4747
1760726626123,999.43835
1760726626143,999.4714
1760726626162,999.4517
1760726626182,999.46014
1760726626202,999.40906
1760726626222,999.42377
1760726626243,999.40436
1760726626263,999.4262
1760726626282,999.438
1760726626302,999.40485
1760726626323,999.40375
1760726626343,999.41754
1760726626363,999.40436
1760726626382,999.4158
1760726626402,999.40594
1760726626422,999.39044
1760726626442,999.38544
1760726626463,999.38794
1760726626483,999.3538
1760726626503,999.3864
1760726626522,999.3922
1760726626542,999.34784
1760726626562,999.3805
1760726626583,999.3747
1760726626602,999.3666
1760726626626,999.3658
1760726626642,999.34326
1760726626662,999.3486
1760726626682,999.34033
1760726626703,999.34607
1760726626722,999.3375
1760726626742,999.3091
1760726626762,999.3055
1760726626782,999.34576
1760726626804,999.32983
1760726626823,999.31067
1760726626842,999.32153
1760726626863,999.3077
1760726626882,999.28674
1760726626903,999.3027
1760726626923,999.3017
1760726626942,999.28546
1760726626962,999.27985
1760726626982,999.26263
1760726627002,999.25653
1760726627023,999.26825
1760726627043,999.2589
1760726627062,999.28204
1760726627082,999.2547
1760726627102,999.2617
1760726627122,999.2573
1760726627142,999.26154
1760726627162,999.2389
1760726627182,999.22327
1760726627202,999.2278
1760726627222,999.225
1760726627242,999.2093
1760726627263,999.2111
1760726627282,999.2
1760726627302,999.1961
1760726627323,999.18
1760726627342,999.1989
1760726627363,999.2017
1760726627384,999.20624
1760726627402,999.20575
1760726627422,999.1909
1760726627442,999.1811
1760726627463,999.1862
1760726627483,999.173
1760726627502,999.1839
1760726627522,999.17236
1760726627542,999.1786
1760726627562,999.16077
1760726627583,999.16174
1760726627604,999.15295
1760726627623,999.1392
1760726627642,999.14124
1760726627662,999.15674
1760726627682,999.17267
1760726627703,999.14545
1760726627723,999.12604
1760726627742,999.13794
1760726627762,999.14594
1760726627782,999.13654
1760726627802,999.1486
1760726627823,999.1205
1760726627842,999.14404
1760726627862,999.1258
1760726627882,999.1155
1760726627902,999.1234
1760726627923,999.10767
1760726627943,999.1138
1760726627962,999.1047
1760726627982,999.09924
1760726628002,999.09875
1760726628022,999.0783
1760726628043,999.085
1760726628062,999.09955
1760726628082,999.0553
1760726628102,999.09076
1760726628122,999.08374
1760726628142,999.0756
1760726628163,999.07007
1760726628182,999.0781
1760726628202,999.0681
1760726628222,999.0723
1760726628242,999.0725
1760726628263,999.0603
1760726628283,999.0767
1760726628302,999.0584
1760726628322,999.08594
1760726628342,999.09106
1760726628362,999.1141
1760726628383,999.1147
1760726628402,999.10657
1760726628422,999.1247
1760726628442,999.1298
1760726628462,999.14575
1760726628483,999.1749
1760726628503,999.1728
1760726628522,999.1703
1760726628542,999.1901
1760726628562,999.16595
1760726628582,999.16425
1760726628602,999.15265
1760726628622,999.15857
1760726628642,999.08984
1760726628662,999.0372
1760726628682,999.02716
1760726628702,998.9542
1760726628723,998.90076
1760726628742,998.8684
1760726628763,998.8539
1760726628782,998.8205
1760726628802,998.83466
1760726628823,998.81805
1760726628843,998.8628
1760726628862,998.84875
1760726628882,998.8695
1760726628902,998.8642
1760726628923,998.8581
1760726628943,998.88
1760726628962,998.8672
1760726628982,998.8706
1760726629002,998.8778
1760726629022,998.8806
1760726629043,998.8766
1760726629063,998.88995
1760726629082,998.89655
1760726629102,998.8869
1760726629123,998.8733
1760726629142,998.8761
1760726629163,998.8826
1760726629182,998.8755
1760726629202,998.8728
1760726629222,998.8745
1760726629242,998.90436
1760726629263,998.8971
1760726629283,998.8556
1760726629303,998.90155
1760726629322,998.8787
1760726629342,998.8753
1760726629362,998.8766
1760726629383,998.8772
1760726629403,998.8705
1760726629422,998.8722
1760726629442,998.8833
1760726629462,998.8616
1760726629483,998.8716
1760726629503,998.8805
1760726629523,998.85126
1760726629542,998.887
1760726629562,998.8883
1760726629582,998.8786
1760726629603,998.8862
1760726629623,998.8875
1760726629642,998.8776
1760726629662,998.89716
1760726629682,998.90985
1760726629703,998.90643
1760726629723,998.90686
1760726629742,998.8878
1760726629762,998.91376
1760726629782,998.88544
1760726629802,998.89923
1760726629823,998.9182
1760726629843,998.91907
1760726629862,998.9428
1760726629882,998.89374
1760726629902,998.9366
1760726629922,998.938
1760726629943,998.928
1760726629963,998.91583
1760726629982,998.9495
1760726630003,999.01263
1760726630022,999.04065
1760726630042,999.0123
1760726630062,998.91034
