1760725491233,1000.6206
1760725491254,1000.63727
1760725491273,1000.54767
1760725491293,1000.4442
1760725491313,1000.3511
1760725491333,1000.3544
1760725491354,1000.35596
1760725491373,1000.34576
1760725491393,1000.3036
1760725491414,1000.2214
1760725491433,1000.1947
1760725491454,1000.2322
1760725491474,1000.2997
1760725491493,1000.2445
1760725491513,1000.3022
1760725491533,1000.4461
1760725491553,1000.5544
1760725491574,1000.5622
1760725491594,1000.5157
1760725491613,1000.66656
1760725491633,1000.6859
1760725491654,1000.6758
1760725491674,1000.85486
1760725491694,1001.0553
1760725491713,1001.14264
1760725491733,1001.1658
1760725491753,1001.1117
1760725491773,1001.09735
1760725491794,1001.1082
1760725491814,1001.10284
1760725491833,1001.0517
1760725491853,1001.0108
1760725491873,1001.03937
1760725491895,1001.0508
1760725491915,1001.0492
1760725491933,1001.0051
1760725491953,1000.9366
1760725491974,1000.8627
1760725491994,1000.8775
1760725492014,1000.8009
1760725492035,1000.7329
1760725492053,1000.7367
1760725492073,1000.72064
1760725492094,1000.6755
1760725492114,1000.6022
1760725492134,1000.4902
1760725492155,1000.36774
1760725492173,1000.27734
1760725492193,1000.22174
1760725492215,1000.22705
1760725492234,1000.215
1760725492254,1000.1592
1760725492273,1000.1111
1760725492293,1000.1108
1760725492313,1000.1286
1760725492333,1000.16565
1760725492354,1000.20514
1760725492374,1000.18207
1760725492393,1000.23206
1760725492413,1000.1475
1760725492433,1000.0678
1760725492454,999.9905
1760725492474,999.925
1760725492493,999.90625
1760725492514,999.96765
1760725492533,999.9542
1760725492553,1000.01263
1760725492574,1000.0265
1760725492594,1000.05347
1760725492614,1000.0556
1760725492634,1000.09845
1760725492654,1000.07733
1760725492674,1000.0839
1760725492695,1000.08936
1760725492715,1000.1269
1760725492733,1000.1214
1760725492753,1000.15216
1760725492773,1000.188
1760725492793,1000.20966
1760725492814,1000.20294
1760725492834,1000.2425
1760725492853,1000.2413
1760725492873,1000.27094
1760725492894,1000.3127
1760725492914,1000.3033
1760725492934,1000.29376
1760725492953,1000.3183
1760725492974,1000.3127
1760725492994,1000.29376
1760725493014,1000.3278
1760725493034,1000.34106
1760725493053,1000.33325
1760725493073,1000.3542
1760725493093,1000.3572
1760725493114,1000.34656
1760725493136,1000.3692
1760725493154,1000.3766
1760725493173,1000.3903
1760725493193,1000.387
1760725493213,1000.44653
1760725493233,1000.4561
1760725493254,1000.5519
1760725493274,1000.60913
1760725493293,1000.66437
1760725493313,1000.71405
1760725493333,1000.6128
1760725493354,1000.5784
1760725493374,1000.551
1760725493393,1000.4963
1760725493413,1000.46564
1760725493433,1000.4503
1760725493453,1000.40533
1760725493474,1000.4222
1760725493495,1000.4316
1760725493513,1000.41986
1760725493533,1000.4483
1760725493553,1000.4423
1760725493573,1000.47406
1760725493594,1000.50665
1760725493615,1000.6061
1760725493633,1000.7428
1760725493653,1000.88654
1760725493674,1000.8762
1760725493694,1000.83344
1760725493714,1000.72314
1760725493733,1000.59717
1760725493753,1000.58704
1760725493773,1000.60297
1760725493793,1000.6294
1760725493814,1000.60645
1760725493834,1000.5682
1760725493853,1000.59015
1760725493873,1000.6014
1760725493893,1000.5637
1760725493913,1000.53314
1760725493934,1000.572
1760725493954,1000.59705
1760725493973,1000.6763
1760725493994,1000.6408
1760725494013,1000.617
1760725494034,1000.5026
1760725494055,1000.4622
1760725494073,1000.53094
1760725494094,1000.52313
1760725494113,1000.48065
1760725494133,1000.47437
1760725494154,1000.46625
1760725494175,1000.59576
1760725494193,1000.7442
1760725494214,1000.8211
1760725494233,1000.8786
1760725494254,1000.91113
1760725494274,1000.9586
1760725494294,1000.9961
1760725494313,1001.0378
1760725494333,1000.96716
1760725494354,1001.2381
1760725494374,1001.47736
1760725494394,1001.3848
1760725494413,1001.1725
1760725494434,1001.0708
1760725494453,1001.0675
1760725494474,1001.4822
1760725494494,1001.72034
1760725494514,1001.4241
1760725494533,1001.40845
1760725494553,1001.52606
1760725494573,1001.96533
1760725494594,1002.8844
1760725494615,1003.6194
1760725494634,1003.9313
1760725494654,1004.04846
1760725494674,1004.01483
1760725494694,1003.90485
1760725494714,1003.73444
1760725494734,1003.5728
1760725494753,1003.46466
1760725494773,1003.6147
1760725494793,1003.8219
1760725494814,1004.1189
1760725494834,1003.8932
1760725494853,1003.7427
1760725494873,1002.84546
1760725494894,1002.3103
1760725494914,1001.77844
1760725494935,1001.0582
1760725494955,1000.6502
1760725494973,1000.3067
1760725494993,999.96594
1760725495013,999.9422
1760725495034,999.8711
1760725495054,999.85486
1760725495073,999.79877
1760725495093,999.8795
1760725495114,1000.0472
1760725495139,1000.2434
1760725495154,1000.55115
1760725495174,1000.70514
1760725495193,1000.7523
1760725495213,1000.83734
1760725495233,1000.9319
1760725495253,1000.98267
1760725495274,1001.09265
1760725495294,1001.05817
1760725495313,1000.9995
1760725495333,1000.89764
1760725495353,1000.6853
1760725495374,1000.58514
1760725495394,1000.5381
1760725495414,1000.3867
1760725495433,1000.2377
1760725495454,1000.15576
1760725495473,1000.0161
1760725495494,999.8568
1760725495514,999.85187
1760725495533,999.84564
1760725495553,999.7889
1760725495574,999.7619
1760725495594,999.6589
1760725495614,999.5867
1760725495633,999.5861
1760725495653,999.5656
1760725495673,999.72845
1760725495693,999.90015
1760725495714,1000.1039
1760725495734,1000.5028
1760725495753,1001.07294
1760725495773,1001.58344
1760725495793,1001.98376
1760725495813,1002.1083
1760725495834,1002.14984
1760725495854,1002.3323
1760725495873,1002.61127
1760725495894,1002.7592
1760725495914,1003.3611
1760725495934,1002.47
1760725495954,1001.9107
1760725495973,1001.40533
1760725495994,1000.92267
1760725496014,1000.5475
1760725496033,1000.04767
1760725496054,999.6748
1760725496075,999.36334
1760725496093,999.267
1760725496113,999.39575
1760725496134,999.52423
1760725496153,999.65466
1760725496174,999.64984
1760725496195,999.79016
1760725496214,999.97015
1760725496233,1000.3342
1760725496253,1000.6869
1760725496273,1000.85376
1760725496294,1001.07196
1760725496313,1001.3103
1760725496333,1001.4855
1760725496353,1001.6203
1760725496373,1001.5014
1760725496394,1001.2977
1760725496415,1001.1309
1760725496434,1000.9858
1760725496453,1000.8156
1760725496473,1000.5119
1760725496494,1000.3672
1760725496514,1000.3042
1760725496534,1000.0541
1760725496553,999.6948
1760725496573,999.4391
1760725496594,999.34717
1760725496614,999.3114
1760725496635,999.2312
1760725496654,999.1911
1760725496673,999.1975
1760725496694,999.28125
1760725496714,999.4386
1760725496734,999.628
1760725496754,999.9081
1760725496773,1000.3167
1760725496793,1000.8844
1760725496814,1001.3275
1760725496834,1001.6386
1760725496854,1001.7253
1760725496873,1001.8002
1760725496893,1001.8695
1760725496913,1002.1155
1760725496933,1002.5864
1760725496954,1002.64825
1760725496974,1002.7821
1760725496993,1002.3248
1760725497013,1001.47577
1760725497033,1000.90533
1760725497053,1000.3706
1760725497074,1000.0604
1760725497094,999.6058
1760725497113,999.1091
1760725497136,999.0792
1760725497153,999.1945
1760725497173,999.3625
1760725497194,999.58
1760725497213,999.6887
1760725497234,999.72186
1760725497253,999.7481
1760725497273,999.84625
1760725497294,1000.14496
1760725497314,1000.4939
1760725497333,1000.64813
1760725497353,1000.8511
1760725497373,1000.9987
1760725497394,1001.0381
1760725497414,1000.9003
1760725497435,1000.78735
1760725497453,1000.65674
1760725497473,1000.5516
1760725497493,1000.48065
1760725497514,1000.4551
1760725497534,1000.54596
1760725497553,1000.58685
1760725497573,1000.46405
1760725497593,1000.3787
1760725497613,1000.09656
1760725497634,999.8172
1760725497653,999.7639
1760725497674,999.815
1760725497693,999.7595
1760725497713,999.6364
1760725497734,999.6294
1760725497754,999.71216
1760725497773,999.8173
1760725497793,1000.0072
1760725497813,1000.3187
1760725497833,1000.725
1760725497854,1001.15674
1760725497875,1001.51306
1760725497894,1001.7562
1760725497913,1001.8713
1760725497933,1001.90546
1760725497954,1001.84186
1760725497974,1001.76953
1760725497993,1001.8741
1760725498013,1002.40656
1760725498034,1003.1147
1760725498054,1002.4233
1760725498075,1002.5625
1760725498095,1001.7025
1760725498113,1001.452
1760725498133,1000.9531
1760725498154,1000.5592
1760725498174,1000.0656
1760725498194,999.7602
1760725498213,999.59216
1760725498235,999.42236
1760725498253,999.4963
1760725498273,999.5472
1760725498294,999.53143
1760725498314,999.559
1760725498333,999.6959
1760725498353,999.8909
1760725498373,1000.2388
1760725498394,1000.46783
1760725498414,1000.65375
1760725498434,1000.86383
1760725498453,1001.02124
1760725498473,1001.09906
1760725498493,1001.09827
1760725498514,1001.07263
1760725498535,1000.9874
1760725498553,1000.8014
1760725498573,1000.7658
1760725498593,1000.6705
1760725498613,1000.5447
1760725498634,1000.4472
1760725498654,1000.2709
1760725498674,1000.01794
1760725498694,999.57294
1760725498713,999.4391
1760725498736,999.47455
1760725498755,999.3636
1760725498774,999.3039
1760725498793,999.3862
1760725498813,999.5689
1760725498833,999.7364
1760725498855,999.92505
1760725498875,1000.2663
1760725498893,1000.7236
1760725498913,1001.15784
1760725498933,1001.52374
1760725498954,1001.7919
1760725498974,1001.8905
1760725498994,1001.9216
1760725499014,1002.1333
1760725499033,1002.5519
1760725499053,1003.08923
1760725499074,1003.4277
1760725499094,1002.89386
1760725499114,1002.0073
1760725499133,1001.572
1760725499153,1000.9967
1760725499173,1000.6778
1760725499194,1000.1402
1760725499214,999.59674
1760725499233,999.28766
1760725499253,999.095
1760725499273,998.92377
1760725499293,998.9991
1760725499314,999.1234
1760725499334,999.2377
1760725499353,999.43
1760725499373,999.58716
1760725499393,999.8059
1760725499413,1000.08655
1760725499434,1000.3525
1760725499453,1000.5086
1760725499473,1000.64325
1760725499493,1000.7908
1760725499513,1000.84674
1760725499534,1000.8148
1760725499555,1000.70764
1760725499574,1000.5542
1760725499593,1000.4267
1760725499613,1000.4408
1760725499633,1000.5056
1760725499654,1000.41656
1760725499673,1000.41156
1760725499693,1000.34265
1760725499713,999.9989
1760725499733,999.64185
1760725499754,999.57904
1760725499774,999.5569
1760725499793,999.5658
1760725499813,999.51373
1760725499833,999.5178
1760725499854,999.567
1760725499874,999.7092
1760725499894,999.9312
1760725499913,1000.1763
1760725499933,1000.5516
1760725499953,1001.0455
1760725499974,1001.52234
1760725499994,1001.78125
1760725500013,1001.96765
1760725500033,1002.04846
1760725500053,1002.0689
1760725500075,1002.0617
1760725500094,1002.27264
1760725500114,1002.7541
1760725500133,1003.3236
1760725500154,1002.6689
1760725500174,1002.7358
1760725500194,1001.7411
1760725500214,1001.35486
1760725500233,1000.8539
1760725500253,1000.48346
1760725500273,999.9222
1760725500294,999.5061
1760725500314,999.1973
1760725500334,998.91907
1760725500353,998.7483
1760725500373,998.92017
1760725500394,999.0578
1760725500414,999.2544
1760725500434,999.3842
1760725500455,999.59595
1760725500473,999.85876
1760725500493,1000.13403
1760725500513,1000.41205
1760725500534,1000.7103
1760725500554,1000.8016
1760725500574,1000.92487
1760725500593,1000.8978
1760725500613,1000.87
1760725500633,1000.6525
1760725500654,1000.45654
1760725500675,1000.4917
1760725500694,1000.54877
1760725500713,1000.59076
1760725500733,1000.5084
1760725500754,1000.39453
1760725500774,1000.2616
1760725500793,1000.02686
1760725500813,999.71875
1760725500833,999.4869
1760725500854,999.4486
1760725500874,999.3869
1760725500894,999.39325
1760725500913,999.40375
1760725500934,999.3204
1760725500953,999.41815
1760725500973,999.53107
1760725500994,999.80237
1760725501014,1000.2028
1760725501033,1000.58124
1760725501053,1001.02576
1760725501073,1001.45935
1760725501094,1001.7587
1760725501114,1001.92
1760725501134,1001.9783
1760725501154,1002.02673
1760725501174,1002.22565
1760725501193,1002.6172
1760725501213,1003.0758
1760725501234,1003.105
1760725501253,1002.4426
1760725501273,1002.3131
1760725501293,1001.61
1760725501313,1000.9472
1760725501334,1000.4148
1760725501354,1000.0556
1760725501373,999.6283
1760725501394,999.3192
1760725501413,999.03925
1760725501434,998.7755
1760725501455,998.7371
1760725501473,998.8975
1760725501493,999.09393
1760725501513,999.2428
1760725501533,999.428
1760725501554,999.6201
1760725501574,999.8442
1760725501594,1000.1453
1760725501613,1000.34717
1760725501634,1000.4995
1760725501654,1000.627
1760725501674,1000.6817
1760725501694,1000.705
1760725501713,1000.71655
1760725501734,1000.6755
1760725501754,1000.5701
1760725501774,1000.4335
1760725501795,1000.3035
1760725501813,1000.2551
1760725501833,1000.2542
1760725501853,1000.29486
1760725501874,1000.17487
1760725501895,999.9405
1760725501914,999.8492
1760725501935,999.71405
1760725501953,999.5467
1760725501974,999.4547
1760725501994,999.41626
1760725502014,999.3452
1760725502033,999.39484
1760725502054,999.4487
1760725502074,999.45233
1760725502094,999.4484
1760725502114,999.58575
1760725502135,999.7013
1760725502153,999.9369
1760725502174,1000.39044
1760725502194,1000.8883
1760725502214,1001.28906
1760725502235,1001.6485
1760725502253,1001.88763
1760725502273,1002.0497
1760725502293,1002.15765
1760725502313,1002.23846
1760725502334,1002.2913
1760725502354,1002.25116
1760725502373,1002.1658
1760725502393,1002.1305
1760725502414,1002.38513
1760725502434,1002.90436
1760725502454,1003.21625
1760725502475,1003.76886
1760725502493,1002.9967
1760725502513,1002.3325
1760725502534,1001.6308
1760725502554,1001.1854
1760725502574,1000.79443
1760725502593,1000.2114
1760725502613,999.71094
1760725502634,999.32874
1760725502654,999.02094
1760725502674,998.7444
1760725502695,998.4927
1760725502713,998.41437
1760725502734,998.53827
1760725502753,998.7403
1760725502774,998.9456
1760725502794,999.05505
1760725502813,999.03357
1760725502833,999.20544
1760725502853,999.39484
1760725502874,999.5822
1760725502894,999.7693
1760725502914,999.919
1760725502933,1000.0422
1760725502953,1000.1364
1760725502973,1000.1152
1760725502994,999.9919
1760725503015,999.8139
1760725503035,999.66797
1760725503054,999.5575
1760725503073,999.5186
1760725503093,999.46606
1760725503114,999.5172
1760725503135,999.59235
1760725503154,999.7917
1760725503173,999.9255
1760725503194,999.8722
1760725503214,999.8694
1760725503234,999.90015
1760725503254,999.82513
1760725503273,999.6122
1760725503293,999.5062
1760725503313,999.58075
1760725503333,999.71155
1760725503354,999.83606
1760725503373,999.9509
1760725503393,999.97906
1760725503413,1000.0444
1760725503433,1000.1244
1760725503454,1000.19055
1760725503474,1000.2319
1760725503493,1000.22064
1760725503513,1000.1742
1760725503533,1000.1241
1760725503553,1000.10345
1760725503574,1000.0841
1760725503594,1000.05786
1760725503614,1000.0566
1760725503633,1000.125
1760725503653,1000.20685
1760725503674,1000.2958
1760725503694,1000.36755
1760725503713,1000.4286
1760725503733,1000.5108
1760725503753,1000.68
1760725503773,1000.9911
1760725503794,1001.15515
1760725503814,1001.10767
1760725503833,1000.6822
1760725503853,1000.3103
1760725503873,1000.4338
1760725503894,1000.21234
1760725503914,999.7491
1760725503933,999.5442
1760725503953,999.3719
1760725503974,999.42377
1760725503994,999.6489
1760725504014,999.84094
1760725504035,999.96155
1760725504053,1000.1325
1760725504073,1000.2353
1760725504093,1000.3233
1760725504113,1000.46234
1760725504135,1000.5542
1760725504154,1000.61633
1760725504173,1000.6719
1760725504193,1000.6678
1760725504213,1000.7452
1760725504234,1000.7861
1760725504254,1000.90796
1760725504273,1000.9295
1760725504293,1000.9358
1760725504313,1000.9359
1760725504333,1000.97266
1760725504354,1000.8991
1760725504374,1000.911
1760725504393,1000.89655
1760725504414,1000.8005
1760725504433,1000.6791
1760725504454,1000.63544
1760725504474,1000.7428
1760725504493,1000.91064
1760725504514,1001.0189
1760725504533,1001.09436
1760725504554,1000.9136
1760725504574,1000.6218
1760725504595,1000.3706
1760725504614,1000.16565
1760725504633,999.96484
1760725504654,999.8081
1760725504675,999.77454
1760725504695,999.7319
1760725504715,999.6931
1760725504734,999.6373
1760725504754,999.6334
1760725504773,999.6986
1760725504793,999.77295
1760725504814,999.88745
1760725504833,1000.0037
1760725504853,1000.27423
1760725504873,1000.59204
1760725504893,1000.9397
1760725504914,1001.30426
1760725504934,1001.6993
1760725504954,1001.975
1760725504973,1002.0722
1760725504994,1002.1781
1760725505014,1002.2725
1760725505034,1002.35443
1760725505055,1002.4116
1760725505073,1002.4416
1760725505093,1002.4206
1760725505113,1002.7606
1760725505134,1003.631
1760725505155,1003.4329
1760725505174,1004.05237
1760725505193,1003.32654
1760725505213,1002.9462
1760725505234,1001.9894
1760725505254,1001.27783
1760725505275,1000.78314
1760725505294,1000.308
1760725505313,999.8591
1760725505333,999.48096
1760725505354,999.08484
1760725505374,998.8706
1760725505394,998.6208
1760725505413,998.5103
1760725505433,998.53937
1760725505453,998.6256
1760725505474,998.8543
1760725505494,999.1916
1760725505513,999.45514
1760725505533,999.69904
1760725505553,999.98517
1760725505574,1000.2064
1760725505594,1000.279
1760725505615,1000.3513
1760725505634,1000.45044
1760725505653,1000.5051
1760725505675,1000.5714
1760725505694,1000.5469
1760725505715,1000.51984
1760725505733,1000.4355
1760725505753,1000.4444
1760725505773,1000.3042
1760725505793,1000.1658
1760725505814,1000.11194
1760725505834,1000.1954
1760725505853,1000.3072
1760725505874,1000.22
1760725505893,1000.09216
1760725505914,999.8967
1760725505934,999.6272
1760725505954,999.42596
1760725505973,999.2383
1760725505993,999.15704
1760725506013,999.1897
1760725506034,999.1811
1760725506054,999.07904
1760725506073,999.03485
1760725506094,999.0772
1760725506114,999.0661
1760725506133,999.0647
1760725506154,999.18494
1760725506175,999.4078
1760725506193,999.8228
1760725506214,1000.3164
1760725506233,1000.8616
1760725506254,1001.4182
1760725506274,1001.8103
1760725506293,1001.9972
1760725506313,1002.1202
1760725506333,1002.22565
1760725506353,1002.2584
1760725506374,1002.2572
1760725506395,1002.1996
1760725506413,1002.14154
1760725506433,1002.07874
1760725506453,1002.41345
1760725506474,1003.21643
1760725506494,1003.52264
1760725506514,1003.33923
1760725506534,1003.1802
1760725506553,1002.2956
1760725506573,1001.5495
1760725506594,1001.0112
1760725506615,1000.4611
1760725506635,999.8716
1760725506653,999.46313
1760725506673,999.08044
1760725506694,998.7325
1760725506714,998.41125
1760725506735,998.2956
1760725506754,998.3284
1760725506773,998.483
1760725506793,998.73376
1760725506813,998.9808
1760725506834,999.2677
1760725506853,999.4266
1760725506873,999.688
1760725506893,1000.0417
1760725506914,1000.1306
1760725506934,1000.177
1760725506954,1000.2336
1760725506973,1000.3111
1760725506993,1000.34314
1760725507014,1000.34546
1760725507034,1000.27844
1760725507055,1000.2196
1760725507073,1000.2014
1760725507094,1000.09216
1760725507114,1000.02045
1760725507134,1000.0439
1760725507154,1000.1094
1760725507174,1000.0275
1760725507193,999.9231
1760725507213,999.7366
1760725507233,999.53577
1760725507254,999.3856
1760725507274,999.30096
1760725507294,999.3095
1760725507313,999.28625
1760725507333,999.26404
1760725507353,999.1831
1760725507374,999.10706
1760725507394,999.10876
1760725507414,999.1525
1760725507433,999.1744
1760725507453,999.262
1760725507473,999.4255
1760725507494,999.835
1760725507514,1000.41656
1760725507533,1000.9375
1760725507553,1001.46735
1760725507573,1001.818
1760725507593,1002.008
1760725507614,1002.16626
1760725507633,1002.29095
1760725507654,1002.35486
1760725507674,1002.35516
1760725507694,1002.34357
1760725507714,1002.2634
1760725507735,1002.1501
1760725507753,1002.1191
1760725507773,1002.4736
1760725507793,1003.0062
1760725507813,1003.47437
1760725507834,1003.3674
1760725507855,1002.63544
1760725507873,1002.15295
1760725507893,1001.56903
1760725507913,1001.0442
1760725507934,1000.4761
1760725507954,999.9089
1760725507974,999.497
1760725507993,999.16125
1760725508013,998.84985
1760725508034,998.5658
1760725508054,998.3797
1760725508074,998.3503
1760725508094,998.4924
1760725508113,998.6406
1760725508136,998.7914
1760725508154,998.9794
1760725508175,999.15173
1760725508193,999.3805
1760725508213,999.665
1760725508233,999.7628
1760725508254,999.8533
1760725508275,1000.0588
1760725508294,1000.22205
1760725508313,1000.29095
1760725508333,1000.3261
1760725508353,1000.38654
1760725508373,1000.32983
1760725508395,1000.25964
1760725508414,1000.10223
1760725508433,1000.02716
1760725508454,1000.0447
1760725508474,1000.175
1760725508494,1000.08435
1760725508514,999.98065
1760725508533,999.7956
1760725508553,999.53235
1760725508574,999.33484
1760725508593,999.28436
1760725508614,999.1792
1760725508634,999.1034
1760725508653,999.01874
1760725508673,998.9172
1760725508694,998.89825
1760725508714,998.95703
1760725508735,998.96674
1760725508756,999.0681
1760725508773,999.1358
1760725508793,999.3619
1760725508814,999.7966
1760725508834,1000.3252
1760725508854,1000.78357
1760725508873,1001.1795
1760725508893,1001.4611
1760725508913,1001.63513
1760725508933,1001.8013
1760725508954,1001.8733
1760725508975,1001.9093
1760725508993,1001.90216
1760725509013,1001.97015
1760725509033,1001.95844
1760725509054,1001.9105
1760725509074,1001.76733
1760725509093,1001.87
1760725509113,1002.65326
1760725509134,1003.11127
1760725509154,1002.8895
1760725509174,1003.31104
1760725509194,1002.56146
1760725509213,1002.14624
1760725509233,1001.41797
1760725509253,1000.8094
1760725509274,1000.2517
1760725509294,999.8728
1760725509314,999.5272
1760725509333,999.1914
1760725509353,998.8764
1760725509373,998.4997
1760725509394,998.2646
1760725509414,998.21326
1760725509433,998.3005
1760725509453,998.47516
1760725509473,998.6948
1760725509494,999.053
1760725509514,999.24384
1760725509535,999.4322
1760725509553,999.6411
1760725509574,999.8809
1760725509594,999.9984
1760725509614,1000.10016
1760725509634,1000.21796
1760725509654,1000.2386
1760725509674,1000.3086
1760725509695,1000.3244
1760725509714,1000.3486
1760725509735,1000.33795
1760725509754,1000.35046
1760725509773,1000.3769
1760725509793,1000.36237
1760725509813,1000.3059
1760725509834,1000.22626
1760725509855,1000.14343
1760725509875,1000.1966
1760725509893,1000.3225
1760725509914,1000.1836
1760725509933,1000.053
1760725509954,999.9545
1760725509974,999.78125
1760725509993,999.6245
1760725510013,999.40594
1760725510034,999.3175
1760725510054,999.27576
1760725510074,999.2087
1760725510094,999.19696
1760725510115,999.0772
1760725510134,998.9828
1760725510153,998.9628
1760725510174,998.96844
1760725510194,999.0937
1760725510213,999.3086
1760725510233,999.59784
1760725510253,999.8656
1760725510273,1000.3522
1760725510293,1001.01764
1760725510314,1001.52576
1760725510333,1001.7717
1760725510353,1001.91345
1760725510373,1002.10956
1760725510394,1002.2322
1760725510415,1002.26086
1760725510435,1002.2581
1760725510453,1002.1719
1760725510473,1002.1014
1760725510493,1002.0062
1760725510514,1002.1809
1760725510534,1003.0271
1760725510553,1003.6345
1760725510573,1003.3783
1760725510594,1003.6244
1760725510614,1002.79736
1760725510634,1002.47186
1760725510655,1001.83093
1760725510674,1001.2011
1760725510693,1000.5528
1760725510714,999.91266
1760725510734,999.3903
1760725510755,998.99146
1760725510773,998.6799
1760725510793,998.3636
1760725510813,998.08563
1760725510833,997.97156
1760725510854,998.03046
1760725510874,998.2305
1760725510893,998.41797
1760725510913,998.6697
1760725510933,998.947
1760725510953,999.14935
1760725510974,999.4553
1760725510995,999.6707
1760725511014,999.71466
1760725511033,999.77344
1760725511054,999.85345
1760725511074,999.89716
1760725511094,999.96216
1760725511113,1000.002
1760725511133,1000.0016
1760725511153,999.9819
1760725511174,999.97485
1760725511194,999.9533
1760725511215,999.9444
1760725511234,999.89404
1760725511253,999.8162
1760725511273,999.78326
1760725511293,999.76953
1760725511314,999.8404
1760725511333,999.8728
1760725511354,999.8702
1760725511373,999.7617
1760725511393,999.6169
1760725511414,999.5153
1760725511435,999.3757
1760725511453,999.2297
1760725511473,999.0622
1760725511493,999.01953
1760725511513,999.0772
1760725511534,999.09796
1760725511555,999.139
1760725511573,999.0627
1760725511593,998.96924
1760725511613,998.9447
1760725511634,998.9747
1760725511657,999.128
1760725511673,999.3822
1760725511694,999.64764
1760725511713,1000.1174
1760725511735,1000.7367
1760725511754,1001.2584
1760725511775,1001.54224
1760725511793,1001.71814
1760725511813,1001.84094
1760725511833,1001.89154
1760725511853,1001.8908
1760725511874,1001.8798
1760725511893,1001.7537
1760725511913,1001.67487
1760725511933,1001.89514
1760725511953,1002.6811
1760725511975,1002.6011
1760725511995,1002.9917
1760725512014,1001.9983
1760725512033,1001.6794
1760725512053,1000.8161
1760725512073,1000.29846
1760725512094,999.8851
1760725512114,999.4867
1760725512134,999.1861
1760725512154,998.7975
1760725512174,998.4194
1760725512194,998.3177
1760725512215,998.392
1760725512233,998.53314
1760725512253,998.7422
1760725512273,998.9905
1760725512293,999.1731
1760725512313,999.3184
1760725512334,999.5342
1760725512353,999.7541
1760725512373,1000.04065
1760725512393,1000.2292
1760725512414,1000.3253
1760725512434,1000.43463
1760725512455,1000.50964
1760725512474,1000.5
1760725512494,1000.4739
1760725512514,1000.42096
1760725512534,1000.4228
1760725512554,1000.3627
1760725512573,1000.28687
1760725512594,1000.1664
1760725512614,1000.04486
1760725512634,999.97626
1760725512654,999.97406
1760725512675,999.9555
1760725512693,999.933
1760725512713,999.83093
1760725512734,999.6926
1760725512754,999.51746
1760725512775,999.3686
1760725512793,999.34436
1760725512814,999.40295
1760725512833,999.2239
1760725512853,999.0889
1760725512874,999.0087
1760725512894,998.9531
1760725512913,999.02795
1760725512933,999.0644
1760725512953,999.1276
1760725512974,999.21045
1760725512994,999.3289
1760725513015,999.6101
1760725513033,1000.0002
1760725513053,1000.46906
1760725513073,1000.9219
1760725513094,1001.3136
1760725513114,1001.5856
1760725513133,1001.72125
1760725513153,1001.77716
1760725513174,1001.83936
1760725513196,1001.85315
1760725513214,1001.8575
1760725513235,1001.8113
1760725513253,1001.6956
1760725513273,1001.65
1760725513293,1001.90283
1760725513313,1002.6191
1760725513334,1002.805
1760725513353,1003.0734
1760725513373,1002.8792
1760725513393,1002.3539
1760725513413,1001.84454
1760725513434,1001.25415
1760725513455,1000.6383
1760725513473,1000.21643
1760725513493,999.77
1760725513513,999.4336
1760725513533,999.0694
1760725513555,998.73596
1760725513574,998.4757
1760725513593,998.28217
1760725513613,998.3713
1760725513634,998.6213
1760725513654,998.80927
1760725513675,998.95197
1760725513693,999.0681
1760725513714,999.3781
1760725513734,999.6878
1760725513754,999.91516
1760725513774,1000.02936
1760725513794,1000.1395
1760725513813,1000.28485
1760725513833,1000.33264
1760725513853,1000.3614
1760725513874,1000.3806
1760725513894,1000.34125
1760725513914,1000.2317
1760725513933,1000.16266
1760725513954,1000.10565
1760725513974,1000.03955
1760725513994,999.9297
1760725514014,999.8175
1760725514034,999.8239
1760725514053,999.92236
1760725514073,999.9309
1760725514094,999.76044
1760725514114,999.60547
1760725514135,999.46405
1760725514153,999.382
1760725514173,999.34344
1760725514195,999.2472
1760725514214,999.1276
1760725514235,999.0142
1760725514254,998.95703
1760725514273,998.89545
1760725514293,998.8058
1760725514314,998.7361
1760725514334,998.65533
1760725514354,998.6611
1760725514373,998.8811
1760725514393,998.955
1760725514413,999.0217
1760725514434,999.0062
1760725514454,998.97906
1760725514473,999.08936
1760725514493,999.298
1760725514513,999.5686
1760725514534,999.7489
1760725514554,999.9189
1760725514574,1000.07007
1760725514593,1000.1195
1760725514613,1000.1939
1760725514633,1000.25903
1760725514654,1000.3142
1760725514675,1000.4111
1760725514696,1000.5497
1760725514714,1000.6326
1760725514733,1000.6984
1760725514754,1000.8239
1760725514774,1000.8275
1760725514794,1000.71075
1760725514813,1000.40533
1760725514834,1000.0623
1760725514854,1000.21564
1760725514873,999.92267
1760725514894,999.53143
1760725514914,999.3143
1760725514933,999.16235
1760725514954,999.16205
1760725514973,999.1714
1760725514994,999.1142
1760725515015,999.2647
1760725515033,999.5069
1760725515053,999.63934
1760725515074,999.6766
1760725515094,999.6894
1760725515114,999.7673
1760725515134,999.8364
1760725515153,999.90344
1760725515174,999.9233
1760725515193,999.95905
1760725515214,999.9866
1760725515235,1000.0019
1760725515254,999.92584
1760725515274,999.90594
1760725515293,999.8928
1760725515313,999.9489
1760725515333,1000.0059
1760725515354,999.9821
1760725515374,999.98596
1760725515393,999.8839
1760725515413,1000.10547
1760725515433,1000.2864
1760725515454,1000.2394
1760725515474,1000.23486
1760725515493,1000.248
1760725515513,1000.2562
1760725515533,1000.15607
1760725515554,999.95044
1760725515574,999.90515
1760725515594,999.97437
1760725515613,1000.0
1760725515633,1000.09796
1760725515654,1000.1697
1760725515674,1000.10156
1760725515695,1000.02625
1760725515713,1000.0472
1760725515733,1000.0583
1760725515754,1000.08484
1760725515773,1000.0547
1760725515795,1000.0354
1760725515814,1000.0748
1760725515833,1000.0803
1760725515853,1000.1417
1760725515873,1000.1914
1760725515894,1000.33826
1760725515914,1000.52704
1760725515933,1000.6944
1760725515953,1000.7314
1760725515973,1000.8275
1760725515993,1000.9288
1760725516014,1001.06323
1760725516035,1001.1563
1760725516053,1001.2286
1760725516073,1000.6092
1760725516093,1000.0986
1760725516113,1000.258
1760725516134,999.9391
1760725516153,999.5361
1760725516175,999.3297
1760725516194,999.3122
1760725516214,999.5706
1760725516234,999.87726
1760725516254,1000.1892
1760725516274,1000.3223
1760725516294,1000.28314
1760725516313,1000.25653
1760725516333,1000.35767
1760725516354,1000.52277
1760725516375,1000.6878
1760725516393,1000.71484
1760725516414,1000.68054
1760725516433,1000.67346
1760725516454,1000.7715
1760725516475,1000.79645
1760725516493,1000.79266
1760725516513,1000.71967
1760725516533,1000.65985
1760725516553,1000.66266
1760725516574,1000.64453
1760725516594,1000.51373
1760725516614,1000.4219
1760725516633,1000.40784
1760725516654,1000.46014
1760725516674,1000.5775
1760725516694,1000.68634
1760725516716,1000.6714
1760725516734,1000.59656
1760725516754,1000.4284
1760725516774,1000.21533
1760725516795,999.9966
1760725516814,999.83344
1760725516833,999.6786
1760725516853,999.53125
1760725516874,999.5115
1760725516893,999.47485
1760725516914,999.3547
1760725516935,999.2465
1760725516953,999.27234
1760725516973,999.3756
1760725516994,999.4725
1760725517014,999.6987
1760725517035,1000.0172
1760725517054,1000.34436
1760725517074,1000.6353
1760725517093,1000.96606
1760725517114,1001.2917
1760725517134,1001.5989
1760725517155,1001.8391
1760725517174,1001.90765
1760725517193,1001.9508
1760725517214,1001.96545
1760725517234,1001.9953
1760725517254,1001.97205
1760725517275,1001.8543
1760725517295,1001.71075
1760725517313,1001.6869
1760725517334,1002.13904
1760725517354,1002.9255
1760725517374,1002.91455
1760725517393,1003.22845
1760725517413,1002.67017
1760725517433,1002.2047
1760725517453,1001.64795
1760725517474,1001.13306
1760725517495,1000.63513
1760725517513,1000.08325
1760725517533,999.6252
1760725517553,999.2617
1760725517573,998.8847
1760725517594,998.46
1760725517613,998.275
1760725517633,998.27094
1760725517653,998.3906
1760725517673,998.52795
1760725517694,998.7299
1760725517714,998.98596
1760725517733,999.1456
1760725517753,999.39484
1760725517774,999.70264
1760725517794,999.9564
1760725517814,1000.08344
1760725517834,1000.124
1760725517853,1000.178
1760725517873,1000.2453
1760725517893,1000.26953
1760725517914,1000.2502
1760725517934,1000.1486
1760725517953,1000.1003
1760725517974,1000.1128
1760725517993,1000.0591
1760725518013,1000.0634
1760725518034,1000.21295
1760725518055,1000.22284
1760725518073,1000.0651
1760725518093,999.7981
1760725518114,999.64813
1760725518134,999.4419
1760725518154,999.2212
1760725518173,999.09705
1760725518193,998.9461
1760725518213,998.90985
1760725518234,998.95575
1760725518254,998.8973
1760725518275,998.87274
1760725518294,998.92377
1760725518313,998.9547
1760725518333,999.0822
1760725518354,999.21625
1760725518374,999.4524
1760725518394,999.86365
1760725518413,1000.32153
1760725518433,1000.8061
1760725518454,1001.2739
1760725518474,1001.548
1760725518494,1001.69806
1760725518514,1001.77563
1760725518533,1001.8284
1760725518553,1001.88513
1760725518574,1001.85516
1760725518594,1001.8992
1760725518614,1001.99133
1760725518633,1002.22406
1760725518654,1002.627
1760725518674,1002.95374
1760725518694,1003.1706
1760725518715,1002.93536
1760725518733,1002.1686
1760725518754,1001.4919
1760725518773,1000.9331
1760725518794,1000.45935
1760725518813,999.9539
1760725518834,999.4535
1760725518853,999.02435
1760725518873,998.6159
1760725518893,998.27966
1760725518913,998.1278
1760725518934,998.21936
1760725518954,998.4263
1760725518973,998.6142
1760725518993,998.77405
1760725519014,998.8886
1760725519034,999.0818
1760725519054,999.4316
1760725519074,999.7587
1760725519093,999.8881
1760725519114,999.97235
1760725519133,1000.04736
1760725519154,1000.0736
1760725519175,1000.0297
1760725519193,999.96704
1760725519213,999.90936
1760725519234,999.86096
1760725519254,999.8361
1760725519275,999.8017
1760725519294,999.77844
1760725519313,999.85156
1760725519334,999.79846
1760725519353,999.7612
1760725519374,999.5735
1760725519394,999.3162
1760725519413,999.1867
1760725519433,999.1247
1760725519453,999.02716
1760725519473,998.9913
1760725519494,998.9372
1760725519514,998.8655
1760725519533,998.8817
1760725519553,998.9194
1760725519573,998.97577
1760725519594,999.0522
1760725519615,999.1813
1760725519634,999.41736
1760725519653,999.8038
1760725519674,1000.2509
1760725519693,1000.7434
1760725519714,1001.22394
1760725519735,1001.5715
1760725519754,1001.71265
1760725519773,1001.7736
1760725519794,1001.8058
1760725519813,1001.76624
1760725519834,1001.71014
1760725519853,1001.6106
1760725519873,1001.52936
1760725519893,1001.59827
1760725519913,1001.9495
1760725519934,1002.7747
1760725519954,1002.6948
1760725519973,1002.95044
1760725519993,1002.8088
1760725520013,1002.26544
1760725520034,1001.64905
1760725520054,1001.1233
1760725520074,1000.5021
1760725520093,999.9981
1760725520113,999.5659
1760725520133,999.10065
1760725520155,998.7692
1760725520175,998.44904
1760725520193,998.15656
1760725520213,998.1
1760725520234,998.15967
1760725520253,998.3016
1760725520273,998.5236
1760725520294,998.7068
1760725520313,998.96204
1760725520333,999.2424
1760725520353,999.52216
1760725520374,999.78174
1760725520394,999.91943
1760725520413,999.96985
1760725520433,1000.01514
1760725520453,1000.1156
1760725520474,1000.1372
1760725520494,1000.075
1760725520515,1000.0722
1760725520534,1000.0158
1760725520554,1000.03467
1760725520573,1000.04517
1760725520594,1000.0042
1760725520614,999.8766
1760725520636,999.85
1760725520653,999.83594
1760725520675,999.67487
1760725520694,999.58844
1760725520714,999.5011
1760725520735,999.3548
1760725520753,999.1856
1760725520773,999.11017
1760725520794,999.03455
1760725520813,998.942
1760725520834,998.8528
1760725520854,998.8181
1760725520874,998.8077
1760725520893,998.8206
1760725520913,998.83075
1760725520934,998.8824
1760725520954,999.01263
1760725520973,999.27924
1760725520993,999.7322
1760725521014,1000.21906
1760725521033,1000.77466
1760725521054,1001.26404
1760725521074,1001.5462
1760725521093,1001.6925
1760725521113,1001.71295
1760725521134,1001.77454
1760725521153,1001.8281
1760725521174,1001.8756
1760725521195,1002.0403
1760725521213,1002.4428
1760725521234,1003.07623
1760725521254,1003.16516
1760725521274,1003.26013
1760725521294,1002.3914
1760725521313,1001.9405
1760725521333,1001.15564
1760725521353,1000.6267
1760725521373,1000.10876
1760725521394,999.594
1760725521414,999.1609
1760725521433,998.7911
1760725521453,998.3834
1760725521473,998.1189
1760725521494,998.0788
1760725521514,998.1267
1760725521534,998.28174
1760725521553,998.5039
1760725521573,998.84265
1760725521594,999.03204
1760725521614,999.2075
1760725521634,999.51746
1760725521653,999.79486
1760725521673,999.9772
1760725521693,1000.09717
1760725521714,1000.13
1760725521734,1000.1364
1760725521755,1000.16315
1760725521773,1000.1348
1760725521794,1000.0633
1760725521815,999.97235
1760725521833,999.8784
1760725521854,999.85443
1760725521873,999.84326
1760725521893,999.83405
1760725521913,999.6973
1760725521934,999.618
1760725521954,999.59955
1760725521974,999.4651
1760725521993,999.3317
1760725522013,999.15784
1760725522033,999.1467
1760725522054,999.02264
1760725522074,998.92035
1760725522095,998.82434
1760725522114,998.76404
1760725522133,998.77325
1760725522154,998.83295
1760725522174,998.8853
1760725522195,998.94965
1760725522214,999.1337
1760725522233,999.4292
1760725522253,999.9309
1760725522274,1000.5444
1760725522294,1001.1359
1760725522316,1001.47864
1760725522333,1001.65686
1760725522353,1001.8214
1760725522373,1001.91846
1760725522393,1002.03375
1760725522414,1002.08435
1760725522434,1002.1083
1760725522453,1002.2089
1760725522473,1002.5709
1760725522493,1003.15234
1760725522514,1003.56055
1760725522534,1003.3052
1760725522554,1003.77313
1760725522573,1002.71686
1760725522593,1002.21875
1760725522614,1001.6036
1760725522634,1000.84564
1760725522655,1000.2182
1760725522673,999.67487
1760725522693,999.1978
1760725522713,998.83405
1760725522734,998.4256
1760725522757,998.0901
1760725522773,997.8836
1760725522793,997.8275
1760725522814,997.9434
1760725522833,998.1273
1760725522854,998.40106
1760725522875,998.6373
1760725522893,998.8322
1760725522913,999.0839
1760725522934,999.4167
1760725522954,999.6184
1760725522974,999.71313
1760725522993,999.8181
1760725523014,999.875
1760725523034,999.9333
1760725523053,999.95703
1760725523074,999.916
1760725523094,999.8681
1760725523114,999.85156
1760725523133,999.8034
1760725523154,999.7509
1760725523174,999.6359
1760725523194,999.58527
1760725523215,999.66736
1760725523233,999.8088
1760725523253,999.7322
1760725523273,999.6156
1760725523294,999.52905
1760725523315,999.3898
1760725523333,999.14575
1760725523353,998.89374
1760725523373,998.79236
1760725523393,998.6906
1760725523414,998.6623
1760725523435,998.6737
1760725523453,998.6781
1760725523473,998.65216
1760725523493,998.6297
1760725523514,998.7114
1760725523534,998.83514
1760725523554,998.9844
1760725523573,999.2944
1760725523593,999.72406
1760725523613,1000.1225
1760725523634,1000.5463
1760725523654,1000.93097
1760725523673,1001.2289
1760725523693,1001.4302
1760725523714,1001.495
1760725523734,1001.5517
1760725523754,1001.5164
1760725523775,1001.5158
1760725523793,1001.6223
1760725523814,1002.0767
1760725523833,1002.84393
1760725523854,1002.6972
1760725523874,1002.932
1760725523893,1002.29126
1760725523913,1001.9278
1760725523934,1001.47455
1760725523954,1001.08813
1760725523974,1000.5088
1760725523995,1000.0068
1760725524013,999.6166
1760725524033,999.2942
1760725524054,999.0664
1760725524074,998.7445
1760725524094,998.3996
1760725524114,998.18
1760725524134,998.0725
1760725524154,998.15436
1760725524174,998.3544
1760725524194,998.5656
1760725524215,998.8438
1760725524234,999.1213
1760725524253,999.395
1760725524274,999.6237
1760725524294,999.8683
1760725524314,999.9503
1760725524335,999.96796
1760725524353,999.96796
1760725524373,999.97156
1760725524393,1000.015
1760725524414,1000.10077
1760725524434,1000.1323
1760725524453,1000.15497
1760725524473,1000.15967
1760725524493,1000.13934
1760725524515,1000.0969
1760725524534,1000.0542
1760725524555,999.9825
1760725524574,999.9406
1760725524593,999.9467
1760725524613,1000.0041
1760725524634,1000.02966
1760725524654,999.95624
1760725524673,999.83563
1760725524694,999.6736
1760725524713,999.47516
1760725524733,999.2994
1760725524754,999.1406
1760725524775,998.9431
1760725524793,998.78204
1760725524814,998.6269
1760725524834,998.54596
1760725524853,998.5495
1760725524874,998.55975
1760725524894,998.6015
1760725524913,998.5692
1760725524933,998.66296
1760725524953,998.7505
1760725524974,998.9256
1760725524994,999.0724
1760725525013,999.367
1760725525033,999.84064
1760725525054,1000.38
1760725525073,1000.84845
1760725525094,1001.23883
1760725525114,1001.49194
1760725525133,1001.6486
1760725525153,1001.73596
1760725525174,1001.79346
1760725525194,1001.88763
1760725525214,1001.92017
1760725525234,1001.90875
1760725525253,1001.872
1760725525273,1001.9775
1760725525294,1002.52435
1760725525314,1003.253
1760725525334,1002.6633
1760725525353,1003.2056
1760725525373,1002.5611
1760725525393,1002.2453
1760725525414,1001.5325
1760725525434,1000.79047
1760725525455,1000.09656
1760725525473,999.6322
1760725525494,999.21906
1760725525513,998.8542
1760725525534,998.4897
1760725525554,998.21594
1760725525573,997.9245
1760725525593,997.84784
1760725525613,997.9325
1760725525634,998.16626
1760725525654,998.4154
1760725525675,998.6187
1760725525694,998.8028
1760725525713,999.01483
1760725525733,999.34033
1760725525754,999.5153
1760725525774,999.6082
1760725525794,999.7463
1760725525813,999.8095
1760725525833,999.8642
1760725525853,999.9906
1760725525874,999.9976
1760725525894,999.9379
1760725525914,999.89514
1760725525933,999.76843
1760725525953,999.60065
1760725525975,999.41077
1760725525994,999.39764
1760725526014,999.5094
1760725526033,999.4952
1760725526053,999.3677
1760725526073,999.3253
1760725526094,999.2297
1760725526114,999.1003
1760725526134,999.0189
1760725526153,998.90533
1760725526173,998.7497
1760725526196,998.59155
1760725526214,998.5134
1760725526235,998.4468
1760725526254,998.40076
1760725526273,998.4489
1760725526293,998.53217
1760725526314,998.6395
1760725526334,998.7592
1760725526354,998.7359
1760725526373,998.77405
1760725526393,998.8837
1760725526413,999.10016
1760725526434,999.2914
1760725526454,999.43823
1760725526474,999.5494
1760725526493,999.6372
1760725526514,999.64185
1760725526534,999.71594
1760725526557,999.87
1760725526574,1000.03986
1760725526593,1000.0644
1760725526614,1000.1169
1760725526634,1000.115
1760725526653,1000.34204
1760725526674,1000.5418
1760725526694,1000.5495
1760725526713,1000.0684
1760725526734,999.7039
1760725526754,999.8819
1760725526774,999.5178
1760725526794,999.09326
1760725526814,998.90875
1760725526834,998.8792
1760725526854,999.0037
1760725526874,999.0047
1760725526894,999.0016
1760725526914,999.15875
1760725526933,999.3812
1760725526954,999.4536
1760725526973,999.5178
1760725526994,999.68146
1760725527014,999.8656
1760725527033,999.9372
1760725527053,999.8776
1760725527074,999.91266
1760725527094,999.9319
1760725527114,999.9327
1760725527134,999.94794
1760725527153,999.91846
1760725527174,999.84827
1760725527194,999.8778
1760725527214,999.9339
1760725527234,999.9333
1760725527254,999.96875
1760725527273,999.90094
1760725527294,999.8831
1760725527314,1000.15643
1760725527334,1000.3098
1760725527354,1000.1628
1760725527373,1000.10077
1760725527393,999.9987
1760725527413,999.7394
1760725527433,999.53687
1760725527455,999.44714
1760725527475,999.3657
1760725527493,999.3759
1760725527513,999.4841
1760725527534,999.5159
1760725527554,999.4356
1760725527574,999.5183
1760725527593,999.72034
1760725527613,999.97955
1760725527633,1000.1422
1760725527654,1000.4208
1760725527674,1000.8709
1760725527695,1001.3594
1760725527713,1001.77966
1760725527733,1002.0602
1760725527753,1002.2714
1760725527774,1002.435
1760725527795,1002.6186
1760725527814,1002.7458
1760725527835,1002.8134
1760725527853,1002.9003
1760725527874,1002.9906
1760725527893,1003.0494
1760725527914,1003.2424
1760725527933,1003.77454
1760725527953,1003.9398
1760725527974,1004.2236
1760725527994,1004.42236
1760725528014,1002.9611
1760725528034,1002.0399
1760725528053,1001.20654
1760725528073,1000.5875
1760725528094,999.9983
1760725528114,999.30066
1760725528135,998.71674
1760725528154,998.3881
1760725528174,998.063
1760725528194,997.77454
1760725528214,997.6683
1760725528234,997.65515
1760725528255,997.79047
1760725528273,997.9362
1760725528294,998.15204
1760725528314,998.497
1760725528336,998.7403
1760725528354,998.9419
1760725528373,999.0073
1760725528394,999.09796
1760725528413,999.2484
1760725528433,999.3836
1760725528454,999.3938
1760725528475,999.42523
1760725528493,999.39374
1760725528513,999.3614
1760725528533,999.3176
1760725528553,999.3272
1760725528574,999.3788
1760725528595,999.4422
1760725528613,999.52094
1760725528633,999.45575
1760725528654,999.3097
1760725528674,999.1236
1760725528694,998.927
1760725528713,998.82935
1760725528733,998.8228
1760725528753,998.7333
1760725528774,998.5583
1760725528794,998.4757
1760725528814,998.55536
1760725528834,998.6317
1760725528853,998.77905
1760725528874,998.96423
1760725528894,999.2478
1760725528914,999.6504
1760725528933,1000.0861
1760725528954,1000.58
1760725528974,1001.02606
1760725528993,1001.3364
1760725529014,1001.4814
1760725529034,1001.55884
1760725529053,1001.6163
1760725529073,1001.618
1760725529094,1001.60077
1760725529114,1001.618
1760725529134,1001.89435
1760725529155,1002.2689
1760725529173,1002.70544
1760725529193,1003.8239
1760725529214,1002.8975
1760725529235,1002.57684
1760725529254,1001.78296
1760725529273,1001.0117
1760725529294,1000.57544
1760725529315,999.8826
1760725529334,999.27844
1760725529354,998.71985
1760725529374,998.2422
1760725529393,997.96185
1760725529414,997.7659
1760725529433,997.71985
1760725529453,997.8088
1760725529474,998.03326
1760725529493,998.26764
1760725529513,998.48517
1760725529533,998.71375
1760725529553,998.9934
1760725529574,999.33014
1760725529594,999.5415
1760725529613,999.5628
1760725529633,999.6061
1760725529653,999.65814
1760725529673,999.6328
1760725529694,999.60486
1760725529714,999.5683
1760725529734,999.46875
1760725529755,999.40497
1760725529773,999.3525
1760725529794,999.373
1760725529814,999.4304
1760725529833,999.5011
1760725529853,999.45844
1760725529874,999.3867
1760725529893,999.2541
1760725529914,999.0562
1760725529934,998.91077
1760725529953,998.8964
1760725529973,998.83405
1760725529994,998.71063
1760725530014,998.65125
1760725530034,998.57544
1760725530053,998.5695
1760725530073,998.6262
1760725530095,998.70984
1760725530113,998.7878
1760725530134,998.91046
1760725530154,999.1442
1760725530174,999.5772
1760725530193,1000.03125
1760725530213,1000.52484
1760725530233,1000.995
1760725530253,1001.3296
1760725530274,1001.48346
1760725530293,1001.52795
1760725530313,1001.5803
1760725530333,1001.5603
1760725530353,1001.6169
1760725530374,1001.60956
1760725530401,1001.6339
1760725530423,1001.5822
1760725530433,1001.5495
1760725530446,1001.55096
1760725530466,1001.8088
1760725530488,1002.32
1760725530506,1003.0134
1760725530526,1002.64874
1760725530546,1002.72125
1760725530566,1002.0524
1760725530587,1001.46375
1760725530606,1000.89404
1760725530626,1000.21533
1760725530646,999.5549
1760725530666,999.05
1760725530687,998.6638
1760725530706,998.2594
1760725530726,997.97705
1760725530746,997.70935
1760725530766,997.65576
1760725530786,997.7358
1760725530807,997.84515
1760725530826,998.09076
1760725530846,998.4266
1760725530867,998.7586
1760725530887,999.0264
1760725530907,999.2028
1760725530928,999.3907
1760725530947,999.45624
1760725530967,999.5425
1760725530987,999.66016
1760725531008,999.7204
1760725531028,999.68286
1760725531047,999.60455
1760725531067,999.46686
1760725531087,999.4194
1760725531107,999.41016
1760725531127,999.3931
1760725531148,999.46796
1760725531167,999.45575
1760725531187,999.315
1760725531207,999.1933
1760725531226,999.03516
1760725531247,998.8763
1760725531268,998.78406
1760725531287,998.6763
1760725531307,998.5623
1760725531327,998.54156
1760725531348,998.5677
1760725531368,998.572
1760725531387,998.52606
1760725531407,998.4908
1760725531427,998.57983
1760725531447,998.6694
1760725531467,998.826
1760725531488,999.19354
1760725531506,999.6145
1760725531526,1000.0527
1760725531547,1000.4869
1760725531569,1000.938
1760725531588,1001.2721
1760725531607,1001.39966
1760725531627,1001.51984
1760725531646,1001.64343
1760725531668,1001.6711
1760725531687,1001.7424
1760725531708,1001.7523
1760725531726,1001.9317
1760725531746,1002.4203
1760725531767,1002.97314
1760725531787,1003.0767
1760725531808,1003.21893
1760725531828,1002.4266
1760725531847,1001.813
1760725531867,1001.1753
1760725531887,1000.5128
1760725531907,999.91144
1760725531928,999.4038
1760725531947,999.03534
1760725531967,998.58655
1760725531987,998.27893
1760725532007,998.0025
1760725532028,997.8463
1760725532048,997.83936
1760725532066,997.9978
1760725532087,998.19763
1760725532107,998.39923
1760725532127,998.61707
1760725532148,998.64954
1760725532167,998.7364
1760725532187,998.985
1760725532207,999.21295
1760725532228,999.3119
1760725532247,999.4169
1760725532268,999.52496
1760725532286,999.5694
1760725532306,999.5783
1760725532327,999.64734
1760725532347,999.6337
1760725532367,999.58124
1760725532387,999.45514
1760725532406,999.41095
1760725532427,999.4409
1760725532447,999.6255
1760725532467,999.5667
1760725532488,999.35223
1760725532506,999.1936
1760725532526,999.0666
1760725532547,998.9359
1760725532567,998.7438
1760725532588,998.71094
1760725532608,998.67505
1760725532627,998.6022
1760725532647,998.5483
1760725532667,998.5076
1760725532687,998.5128
1760725532708,998.4865
1760725532727,998.4288
1760725532747,998.4958
1760725532767,998.6262
1760725532787,998.82733
1760725532807,999.17664
1760725532828,999.69617
1760725532847,1000.2388
1760725532867,1000.73737
1760725532887,1001.1003
1760725532907,1001.269
1760725532928,1001.3234
1760725532947,1001.3525
1760725532967,1001.3148
1760725532987,1001.33044
1760725533007,1001.3361
1760725533027,1001.3223
1760725533048,1001.2165
1760725533067,1001.2911
1760725533087,1001.96625
1760725533107,1002.63513
1760725533127,1002.02124
1760725533147,1002.92377
1760725533168,1002.2652
1760725533187,1002.1025
1760725533206,1001.39
1760725533227,1000.65845
1760725533247,999.993
1760725533268,999.4862
1760725533287,999.02905
1760725533307,998.6769
1760725533327,998.3542
1760725533347,998.01544
1760725533368,997.7803
1760725533388,997.72797
1760725533407,997.8125
1760725533426,998.0025
1760725533447,998.2503
1760725533467,998.47955
1760725533490,998.65924
1760725533507,998.8964
1760725533527,999.15796
1760725533547,999.3208
1760725533567,999.3825
1760725533588,999.4495
1760725533609,999.5191
1760725533627,999.59174
1760725533648,999.6306
1760725533667,999.63403
1760725533687,999.6169
1760725533707,999.5503
1760725533728,999.49023
1760725533747,999.45984
1760725533767,999.42487
1760725533788,999.4266
1760725533808,999.2569
1760725533828,999.1312
1760725533847,998.983
1760725533867,998.8614
1760725533888,998.71655
1760725533907,998.65686
1760725533927,998.5745
1760725533948,998.51935
1760725533967,998.5136
1760725533987,998.52295
1760725534007,998.45966
1760725534027,998.48987
1760725534048,998.5119
1760725534067,998.5592
1760725534087,998.65375
1760725534107,998.7647
1760725534127,999.052
1760725534147,999.5652
1760725534168,1000.3329
1760725534188,1000.998
1760725534207,1001.5478
1760725534228,1001.813
1760725534247,1002.0158
1760725534268,1002.2323
1760725534288,1002.33716
1760725534307,1002.4236
1760725534327,1002.3817
1760725534347,1002.28796
1760725534367,1002.22125
1760725534388,1002.3282
1760725534407,1002.78345
1760725534427,1003.58264
1760725534448,1003.1174
1760725534467,1003.3989
1760725534487,1002.6478
1760725534508,1002.0812
1760725534527,1001.33826
1760725534548,1000.66125
1760725534566,999.9366
1760725534587,999.3583
1760725534608,998.7714
1760725534627,998.4075
1760725534647,998.04877
1760725534667,997.69763
1760725534687,997.4639
1760725534707,997.3278
1760725534727,997.36414
1760725534746,997.5756
1760725534767,997.8859
1760725534786,998.15424
1760725534807,998.4183
1760725534827,998.6517
1760725534848,998.8877
1760725534867,999.0339
1760725534887,999.09924
1760725534907,999.1939
1760725534928,999.3231
1760725534947,999.4762
1760725534967,999.52405
1760725534987,999.53577
1760725535008,999.59827
1760725535027,999.6295
1760725535048,999.6284
1760725535068,999.5975
1760725535087,999.5647
1760725535107,999.5197
1760725535128,999.3847
1760725535147,999.33484
1760725535167,999.3741
1760725535188,999.48846
1760725535207,999.4252
1760725535227,999.28015
1760725535247,999.1158
1760725535267,998.94385
1760725535288,998.7853
1760725535307,998.64966
1760725535328,998.46216
1760725535347,998.2764
1760725535367,998.15485
1760725535388,998.15155
1760725535408,998.1259
1760725535427,998.1188
1760725535447,998.1266
1760725535468,998.14984
1760725535487,998.237
1760725535508,998.3892
1760725535527,998.5239
1760725535546,998.78143
1760725535567,999.21686
1760725535587,999.73016
1760725535607,1000.31854
1760725535627,1000.7957
1760725535646,1001.0588
1760725535666,1001.20966
1760725535686,1001.30237
1760725535707,1001.33655
1760725535727,1001.3244
1760725535746,1001.35187
1760725535767,1001.33813
1760725535786,1001.4625
1760725535807,1001.9475
1760725535828,1002.50055
1760725535847,1002.4895
1760725535867,1002.6791
1760725535887,1002.28217
1760725535907,1001.77014
1760725535927,1001.15393
1760725535948,1000.46265
1760725535968,999.807
1760725535987,999.3192
1760725536006,998.84344
1760725536026,998.4305
1760725536047,998.145
1760725536067,997.72626
1760725536087,997.5608
1760725536106,997.60565
1760725536126,997.71545
1760725536146,997.9403
1760725536167,998.15796
1760725536187,998.4233
1760725536206,998.66547
1760725536226,998.9122
1760725536246,999.21124
1760725536266,999.4283
1760725536287,999.5262
1760725536308,999.6482
1760725536326,999.7261
1760725536346,999.7533
1760725536366,999.7861
1760725536387,999.7555
1760725536407,999.65533
1760725536427,999.6323
1760725536446,999.6128
1760725536467,999.54236
1760725536486,999.4486
1760725536507,999.3595
1760725536527,999.3129
1760725536547,999.4356
1760725536566,999.39703
1760725536586,999.26434
1760725536607,999.2144
1760725536627,999.10016
1760725536646,998.9236
1760725536666,998.7534
1760725536686,998.67236
1760725536706,998.59534
1760725536727,998.3838
1760725536748,998.24915
1760725536767,998.15906
1760725536787,998.0814
1760725536807,998.0458
1760725536827,998.13
1760725536848,998.27344
1760725536868,998.4662
1760725536887,998.483
1760725536907,998.5041
1760725536927,998.5631
1760725536948,998.7991
1760725536967,999.05304
1760725536987,999.1864
1760725537008,999.2427
1760725537027,999.2523
1760725537047,999.3067
1760725537067,999.355
1760725537088,999.41156
1760725537107,999.4336
1760725537127,999.5189
1760725537147,999.60187
1760725537167,999.6951
1760725537188,999.8647
1760725537207,1000.0676
1760725537227,1000.33795
1760725537248,1000.6364
1760725537267,1000.8067
1760725537287,1000.53796
1760725537309,1000.0644
1760725537327,1000.08844
1760725537347,999.91455
1760725537367,999.4266
1760725537387,999.2503
1760725537408,999.3133
1760725537428,999.2825
1760725537447,998.9338
1760725537467,998.6895
1760725537487,998.75903
1760725537507,998.83844
1760725537528,998.881
1760725537547,999.0645
1760725537567,999.3214
1760725537587,999.52
1760725537607,999.6312
1760725537627,999.67633
1760725537648,999.60675
1760725537667,999.6189
1760725537687,999.6276
1760725537707,999.6411
1760725537727,999.72736
1760725537748,999.77325
1760725537768,999.76935
1760725537787,999.6926
1760725537807,999.59247
1760725537827,999.565
1760725537847,999.5251
1760725537868,999.40063
1760725537888,999.3206
1760725537907,999.3608
1760725537927,999.305
1760725537947,999.3536
1760725537968,999.6747
1760725537988,999.7622
1760725538007,999.70984
1760725538029,999.86
1760725538047,999.90424
1760725538067,999.8123
1760725538088,999.5605
1760725538107,999.21954
1760725538127,998.9925
1760725538147,998.8848
1760725538167,998.84454
1760725538188,998.84985
1760725538208,998.84467
1760725538228,998.8828
1760725538247,998.9514
1760725538267,999.0842
1760725538287,999.2025
1760725538308,999.32
1760725538327,999.4981
1760725538347,999.8489
1760725538367,1000.26904
1760725538387,1000.8278
1760725538407,1001.3152
1760725538428,1001.6623
1760725538447,1001.9014
1760725538467,1002.0728
1760725538487,1002.225
1760725538507,1002.45825
1760725538528,1002.6275
1760725538548,1002.7873
1760725538566,1002.83765
1760725538587,1002.89484
1760725538607,1002.9628
1760725538627,1003.003
1760725538648,1003.2859
1760725538667,1003.7333
1760725538688,1004.20685
1760725538707,1004.27344
1760725538727,1003.83594
1760725538748,1003.22144
1760725538768,1002.2658
1760725538787,1001.52594
1760725538807,1000.66235
1760725538827,999.8197
1760725538848,999.21326
1760725538868,998.7384
1760725538887,998.2958
1760725538907,997.9894
1760725538927,997.71204
1760725538947,997.4367
1760725538967,997.3014
1760725538988,997.2155
1760725539008,997.2672
1760725539027,997.42017
1760725539047,997.64014
1760725539067,997.8884
1760725539087,998.06335
1760725539108,998.18463
1760725539127,998.3283
1760725539148,998.5053
1760725539167,998.6428
1760725539188,998.7396
1760725539208,998.8422
1760725539227,998.9277
1760725539247,999.02515
1760725539267,999.0419
1760725539287,999.0547
1760725539307,999.0414
1760725539329,998.9767
1760725539347,998.8836
1760725539367,998.7972
1760725539387,998.8542
1760725539407,999.0189
1760725539428,998.96484
1760725539447,998.84515
1760725539466,998.8197
1760725539487,998.68
1760725539507,998.51013
1760725539528,998.45074
1760725539548,998.3281
1760725539567,998.195
1760725539587,998.1967
1760725539607,998.20685
1760725539627,998.245
1760725539647,998.27045
1760725539668,998.2979
1760725539687,998.36237
1760725539707,998.4967
1760725539727,998.7562
1760725539747,999.0614
1760725539768,999.4194
1760725539787,999.83124
1760725539806,1000.15454
1760725539827,1000.53284
1760725539847,1000.8228
1760725539868,1000.9774
1760725539888,1001.08795
1760725539907,1001.1669
1760725539927,1001.21204
1760725539947,1001.21454
1760725539967,1001.2492
1760725539988,1001.5587
1760725540007,1002.32764
1760725540027,1002.33325
1760725540048,1002.82733
1760725540067,1002.29846
1760725540087,1001.9519
1760725540108,1001.16516
1760725540127,1000.6403
1760725540147,1000.0447
1760725540167,999.5062
1760725540187,999.0061
1760725540208,998.6792
1760725540228,998.3959
1760725540247,998.1636
1760725540267,997.8878
1760725540287,997.75
1760725540307,997.7863
1760725540327,997.90155
1760725540348,998.03094
1760725540367,998.1828
1760725540387,998.51984
1760725540407,998.72577
1760725540427,998.8766
1760725540448,999.07153
1760725540467,999.2463
1760725540487,999.322
1760725540507,999.35376
1760725540527,999.39984
1760725540548,999.4585
1760725540567,999.4942
1760725540586,999.5042
1760725540607,999.5053
1760725540627,999.46814
1760725540647,999.45624
1760725540668,999.4226
1760725540687,999.39734
1760725540707,999.3123
1760725540727,999.28455
1760725540747,999.2989
1760725540767,999.3311
1760725540788,999.3591
1760725540808,999.4611
1760725540827,999.3792
1760725540847,999.15186
1760725540867,998.97327
1760725540888,998.79315
1760725540907,998.65106
1760725540927,998.5019
1760725540947,998.40576
1760725540967,998.35
1760725540987,998.3747
1760725541008,998.3688
1760725541027,998.3339
1760725541047,998.3205
1760725541067,998.3173
1760725541088,998.40106
1760725541108,998.53656
1760725541128,998.72595
1760725541147,998.965
1760725541167,999.2675
1760725541187,999.8139
1760725541207,1000.38684
1760725541228,1000.8212
1760725541248,1001.0705
1760725541267,1001.1869
1760725541287,1001.2508
1760725541307,1001.29877
1760725541328,1001.3353
1760725541348,1001.3666
1760725541367,1001.40765
1760725541388,1001.40735
1760725541407,1001.47107
1760725541427,1001.7492
1760725541448,1001.9525
1760725541467,1002.2336
1760725541487,1003.1181
1760725541508,1002.1336
1760725541527,1001.95264
1760725541547,1001.2981
1760725541568,1000.7512
1760725541587,1000.3236
1760725541607,999.7459
1760725541628,999.1722
1760725541647,998.7294
1760725541668,998.36743
1760725541688,998.13983
1760725541707,997.8155
1760725541727,997.53296
1760725541747,997.4944
1760725541768,997.58673
1760725541787,997.7003
1760725541807,997.95764
1760725541827,998.26263
1760725541847,998.51794
1760725541867,998.673
1760725541887,998.90985
1760725541908,999.1096
1760725541927,999.24
1760725541947,999.32874
1760725541967,999.35156
1760725541988,999.39
1760725542008,999.4481
1760725542027,999.4878
1760725542048,999.452
1760725542067,999.41125
1760725542088,999.39905
1760725542108,999.3789
1760725542128,999.29376
1760725542148,999.21783
1760725542167,999.20953
1760725542187,999.23267
1760725542207,999.2286
1760725542228,999.14014
1760725542248,999.04236
1760725542267,998.89185
1760725542287,998.69904
1760725542307,998.622
1760725542327,998.56384
1760725542348,998.4592
1760725542367,998.39044
1760725542387,998.3072
1760725542407,998.22485
1760725542427,998.2261
1760725542448,998.25195
1760725542468,998.3546
1760725542487,998.4373
1760725542507,998.65283
1760725542527,998.92017
1760725542548,999.4794
1760725542568,1000.09955
1760725542587,1000.6178
1760725542607,1001.0417
1760725542627,1001.3489
1760725542647,1001.54016
1760725542667,1001.6442
1760725542688,1001.717
1760725542707,1001.78467
1760725542727,1001.78876
1760725542747,1001.77435
1760725542767,1001.79407
1760725542788,1002.11017
1760725542807,1002.675
1760725542827,1003.07623
1760725542847,1002.8039
1760725542867,1003.08484
1760725542887,1002.271
1760725542908,1001.8056
1760725542928,1001.16235
1760725542947,1000.40234
1760725542967,999.753
1760725542987,999.14874
1760725543008,998.6665
1760725543028,998.2446
1760725543047,997.89844
1760725543067,997.6127
1760725543087,997.33154
1760725543107,997.22406
1760725543129,997.3032
1760725543148,997.3834
1760725543167,997.4844
1760725543188,997.7569
1760725543207,998.08673
1760725543228,998.41077
1760725543248,998.59235
1760725543268,998.7438
1760725543288,998.88934
1760725543308,998.9817
1760725543327,999.0986
1760725543348,999.1287
1760725543367,999.165
1760725543388,999.2042
1760725543407,999.2511
1760725543427,999.26624
1760725543448,999.2475
1760725543468,999.2125
1760725543488,999.1822
1760725543507,999.09436
1760725543527,999.0055
1760725543547,998.9808
1760725543568,999.06757
1760725543588,999.18335
1760725543607,999.1022
1760725543627,999.0514
1760725543647,998.91907
1760725543667,998.72797
1760725543687,998.56085
1760725543707,998.4313
1760725543727,998.45703
1760725543748,998.4216
1760725543767,998.32983
1760725543788,998.23785
1760725543809,998.2193
1760725543827,998.1847
1760725543846,998.2864
1760725543868,998.3052
1760725543887,998.4269
1760725543908,998.5127
1760725543927,998.6047
1760725543948,998.8644
1760725543967,999.26404
1760725543987,999.78345
1760725544007,1000.2531
1760725544028,1000.727
1760725544047,1000.987
1760725544067,1001.1253
1760725544087,1001.1906
1760725544107,1001.2378
1760725544127,1001.237
1760725544148,1001.22485
1760725544167,1001.2445
1760725544188,1001.6722
1760725544206,1002.51764
1760725544228,1002.2042
1760725544248,1002.29517
1760725544268,1002.3811
1760725544287,1001.9305
1760725544307,1001.2467
1760725544327,1000.40875
1760725544348,999.7153
1760725544368,999.30524
1760725544387,998.9536
1760725544407,998.6395
1760725544427,998.2872
1760725544447,997.9233
1760725544468,997.66754
1760725544487,997.54266
1760725544507,997.6161
1760725544527,997.76764
1760725544547,997.9825
1760725544567,998.2564
1760725544588,998.53467
1760725544607,998.6717
1760725544627,998.8661
1760725544648,999.02954
1760725544667,999.2128
1760725544687,999.3666
1760725544708,999.4947
1760725544727,999.5175
1760725544746,999.6144
1760725544767,999.70123
1760725544787,999.63837
1760725544808,999.6208
1760725544827,999.59467
1760725544847,999.5728
1760725544867,999.5128
1760725544887,999.45874
1760725544907,999.40576
1760725544928,999.31775
1760725544947,999.2561
1760725544967,999.0861
1760725544987,998.97705
1760725545007,998.84216
1760725545027,998.6468
1760725545047,998.46643
1760725545067,998.3077
1760725545087,998.21185
1760725545107,998.14685
1760725545127,998.0783
1760725545148,998.08826
1760725545167,998.10187
1760725545187,998.1389
1760725545207,998.15656
1760725545227,998.27844
1760725545247,998.53345
1760725545268,998.9891
1760725545287,999.4539
1760725545307,1000.02264
1760725545327,1000.64435
1760725545347,1001.03705
1760725545368,1001.20355
1760725545387,1001.3184
1760725545407,1001.33514
1760725545428,1001.32904
1760725545447,1001.28705
1760725545467,1001.4993
1760725545488,1001.8809
1760725545507,1002.53937
1760725545527,1002.6389
1760725545547,1002.4966
1760725545567,1001.8184
1760725545587,1001.1869
1760725545608,1000.6025
1760725545627,1000.04047
1760725545647,999.4369
1760725545668,998.9478
1760725545688,998.5694
1760725545708,998.1875
1760725545728,997.79016
1760725545747,997.46674
1760725545767,997.4365
1760725545787,997.51904
1760725545807,997.62805
1760725545828,997.7545
1760725545847,998.03375
1760725545867,998.3801
1760725545887,998.6209
1760725545907,998.77423
1760725545928,998.9431
1760725545948,999.0817
1760725545967,999.1955
1760725545987,999.3097
1760725546007,999.3697
1760725546027,999.40735
1760725546048,999.3549
1760725546067,999.35547
1760725546087,999.3256
1760725546107,999.2428
1760725546127,999.1025
1760725546148,998.9574
1760725546167,998.9347
1760725546187,998.9936
1760725546207,998.9391
1760725546227,998.8017
1760725546247,998.71344
1760725546268,998.6285
1760725546287,998.6014
1760725546307,998.64185
1760725546327,998.59265
1760725546347,998.4306
1760725546367,998.2961
1760725546388,998.198
1760725546407,998.1503
1760725546427,998.16846
1760725546447,998.242
1760725546467,998.40076
1760725546488,998.5164
1760725546507,998.77124
1760725546527,999.40656
1760725546547,1000.2445
1760725546567,1000.8234
1760725546587,1001.15436
1760725546608,1001.3093
1760725546627,1001.3776
1760725546648,1001.3633
1760725546667,1001.308
1760725546687,1001.27344
1760725546708,1001.1912
1760725546728,1001.3511
1760725546747,1001.8784
1760725546767,1002.6589
1760725546787,1002.9422
1760725546807,1002.7511
1760725546827,1002.4124
1760725546846,1001.69
1760725546866,1001.1852
1760725546886,1000.5006
1760725546906,999.8147
1760725546927,999.22534
1760725546948,998.672
1760725546966,998.2339
1760725546987,997.84436
1760725547007,997.46326
1760725547028,997.3979
1760725547048,997.4458
1760725547067,997.6114
1760725547087,997.798
1760725547106,998.14874
1760725547127,998.4391
1760725547148,998.7735
1760725547168,999.0735
1760725547187,999.1828
1760725547206,999.21436
1760725547227,999.302
1760725547247,999.41034
1760725547267,999.44366
1760725547288,999.45404
1760725547306,999.38983
1760725547326,999.3102
1760725547347,999.27014
1760725547367,999.2135
1760725547388,999.1393
1760725547408,999.057
1760725547427,999.01794
1760725547447,999.1845
1760725547467,999.21783
1760725547487,999.1254
1760725547508,999.01575
1760725547527,998.923
1760725547547,998.8033
1760725547567,998.6208
1760725547587,998.47296
1760725547608,998.4077
1760725547626,998.3736
1760725547647,998.1614
1760725547667,997.8016
1760725547687,997.6753
1760725547707,997.83466
1760725547728,997.91
1760725547747,998.0709
1760725547767,998.1686
1760725547787,998.068
1760725547807,998.08795
1760725547828,998.3933
1760725547848,999.0011
1760725547867,999.3063
1760725547887,999.4936
1760725547907,999.5783
1760725547927,999.52014
1760725547948,999.5522
1760725547967,999.6344
1760725547987,999.7
1760725548007,999.72186
1760725548027,999.6816
1760725548048,999.6973
1760725548068,999.7898
1760725548087,999.9175
1760725548107,1000.0433
1760725548127,1000.3098
1760725548147,1000.09406
1760725548168,999.94525
1760725548187,1000.2764
1760725548208,999.80304
1760725548227,999.04626
1760725548247,998.9953
1760725548267,998.90784
1760725548288,998.5807
1760725548308,998.4967
1760725548328,998.59546
1760725548347,998.4895
1760725548367,998.4969
1760725548388,998.6629
1760725548408,998.91364
1760725548427,998.9905
1760725548447,999.03625
1760725548467,999.01654
1760725548489,999.0447
1760725548508,999.03424
1760725548527,999.0689
1760725548547,999.09924
1760725548567,999.14185
1760725548587,999.14233
1760725548607,999.0851
1760725548628,998.9948
1760725548647,998.9175
1760725548667,998.9398
1760725548687,998.95966
1760725548707,998.955
1760725548728,998.91736
1760725548747,999.01404
1760725548767,999.2089
1760725548787,999.3139
1760725548807,999.2311
1760725548827,999.19434
1760725548848,999.06244
1760725548867,998.85376
1760725548887,998.85
1760725548908,998.97284
1760725548927,999.02454
1760725548947,998.9973
1760725548968,999.0815
1760725548987,999.08716
1760725549007,998.9384
1760725549027,998.83295
1760725549047,998.9381
1760725549068,999.19464
1760725549097,999.4969
1760725549107,999.7567
1760725549126,1000.15106
1760725549147,1000.6091
1760725549167,1001.08514
1760725549188,1001.3649
1760725549208,1001.48157
1760725549227,1001.6022
1760725549247,1001.6813
1760725549267,1001.78925
1760725549288,1001.9341
1760725549307,1001.9911
1760725549327,1002.0375
1760725549347,1002.13544
1760725549367,1002.1828
1760725549387,1002.2311
1760725549408,1002.38855
1760725549427,1002.54486
1760725549447,1002.5131
1760725549467,1002.58374
1760725549487,1003.22034
1760725549508,1003.42346
1760725549528,1003.33417
1760725549547,1002.9495
1760725549567,1001.95435
1760725549587,1000.8583
1760725549607,1000.0589
1760725549628,999.4581
1760725549647,998.8592
1760725549667,998.26404
1760725549687,997.76764
1760725549707,997.4855
1760725549728,997.26544
1760725549748,997.1281
1760725549767,997.09106
1760725549787,997.1197
1760725549807,997.2406
1760725549827,997.4359
1760725549848,997.6499
1760725549867,997.9414
1760725549887,998.20795
1760725549907,998.38794
1760725549927,998.4467
1760725549948,998.52655
1760725549968,998.6811
1760725549987,998.78625
1760725550007,998.89374
1760725550027,998.97906
1760725550048,998.9875
1760725550068,998.93567
1760725550088,998.9575
1760725550107,998.97565
1760725550127,998.9319
1760725550147,998.9398
1760725550167,998.98236
1760725550188,998.93756
1760725550208,998.83075
1760725550227,998.66846
1760725550247,998.4536
1760725550267,998.2992
1760725550287,998.173
1760725550309,998.0369
1760725550327,997.9725
1760725550347,997.8689
1760725550367,997.84155
1760725550387,997.78314
1760725550408,997.74445
1760725550427,997.77704
1760725550447,997.8614
1760725550468,997.97565
1760725550487,998.08795
1760725550508,998.196
1760725550528,998.3867
1760725550547,998.6339
1760725550567,999.09985
1760725550587,999.58405
1760725550607,999.96655
1760725550628,1000.3684
1760725550648,1000.6517
1760725550667,1000.72
1760725550687,1000.8528
1760725550707,1000.89264
1760725550728,1000.9423
1760725550748,1000.95795
1760725550767,1000.9241
1760725550787,1000.9252
1760725550807,1001.2583
1760725550827,1001.90436
1760725550848,1001.8311
1760725550868,1001.967
1760725550887,1002.0089
1760725550907,1001.47845
1760725550927,1000.77423
1760725550947,1000.1067
1760725550967,999.565
1760725550988,999.0761
1760725551007,998.64124
1760725551027,998.2944
1760725551047,997.9938
1760725551068,997.67816
1760725551088,997.45026
1760725551108,997.40704
1760725551127,997.5142
1760725551147,997.73047
1760725551167,997.9003
1760725551187,998.0641
1760725551208,998.255
1760725551227,998.4958
1760725551247,998.82
1760725551267,999.0089
1760725551287,999.03174
1760725551307,999.02905
1760725551328,999.13983
1760725551347,999.21967
1760725551367,999.21185
1760725551387,999.21674
1760725551408,999.1608
1760725551428,999.11334
1760725551447,999.1011
1760725551467,999.04346
1760725551487,999.0117
1760725551507,998.96014
1760725551529,998.96356
1760725551548,998.9983
1760725551568,998.95013
1760725551588,998.7239
1760725551607,998.5556
1760725551627,998.3756
1760725551648,998.2377
1760725551667,998.1328
1760725551687,998.09814
1760725551707,998.0598
1760725551727,998.1141
1760725551748,998.07733
1760725551768,998.0875
1760725551787,998.1195
1760725551807,998.09216
1760725551827,998.16125
1760725551848,998.2703
1760725551868,998.4927
1760725551887,998.90717
1760725551907,999.45654
1760725551927,999.9216
1760725551947,1000.3719
1760725551967,1000.7408
1760725551989,1000.95953
1760725552008,1001.1025
1760725552027,1001.1933
1760725552048,1001.22595
1760725552067,1001.1969
1760725552087,1001.20953
1760725552107,1001.1926
1760725552127,1001.51953
1760725552148,1001.8961
1760725552167,1002.09485
1760725552188,1002.46967
1760725552208,1002.15875
1760725552227,1001.3655
1760725552247,1000.5584
1760725552267,999.9253
1760725552287,999.4462
1760725552308,998.9338
1760725552328,998.4316
1760725552347,998.115
1760725552367,997.77673
1760725552387,997.48126
1760725552407,997.3364
1760725552428,997.35345
1760725552447,997.4495
1760725552467,997.6206
1760725552487,997.82513
1760725552507,998.0737
1760725552527,998.33344
1760725552548,998.4917
1760725552568,998.72015
1760725552588,998.89966
1760725552607,998.9786
1760725552627,999.0378
1760725552647,999.0517
1760725552668,999.10876
1760725552687,999.0728
1760725552707,998.9987
1760725552727,998.96857
1760725552747,998.93774
1760725552768,998.96735
1760725552787,998.9778
1760725552807,998.96844
1760725552827,998.9314
1760725552847,998.8389
1760725552868,998.6827
1760725552888,998.4942
1760725552907,998.4442
1760725552927,998.37
1760725552947,998.29297
1760725552968,998.1783
1760725552987,998.1639
1760725553007,998.17126
1760725553027,998.09357
1760725553048,998.04156
1760725553067,998.0528
1760725553088,998.1819
1760725553108,998.3624
1760725553127,998.53046
1760725553147,998.9075
1760725553167,999.5572
1760725553188,1000.257
1760725553208,1000.86017
1760725553227,1001.1789
1760725553247,1001.28687
1760725553267,1001.3767
1760725553287,1001.3794
1760725553308,1001.3984
1760725553328,1001.4201
1760725553347,1001.7672
1760725553367,1002.41547
1760725553387,1002.27954
1760725553407,1002.1675
1760725553428,1002.0383
1760725553448,1001.3357
1760725553467,1000.6064
1760725553487,999.8791
1760725553507,999.28986
1760725553528,998.8688
1760725553548,998.4909
1760725553567,998.1292
1760725553587,997.625
1760725553607,997.35876
1760725553627,997.3106
1760725553647,997.35223
1760725553668,997.4458
1760725553687,997.6312
1760725553707,997.8253
1760725553727,998.0602
1760725553747,998.15643
1760725553768,998.4359
1760725553788,998.7333
1760725553807,998.9398
1760725553827,999.03174
1760725553847,999.14154
1760725553868,999.21625
1760725553888,999.34283
1760725553907,999.3178
1760725553928,999.20734
1760725553947,999.1194
1760725553967,999.0076
1760725553987,998.93805
1760725554008,998.8738
1760725554027,998.96906
1760725554047,999.0466
1760725554067,998.8514
1760725554087,998.6205
1760725554108,998.4465
1760725554127,998.3045
1760725554147,998.27734
1760725554167,998.2364
1760725554187,998.2008
1760725554207,998.06177
1760725554228,997.9882
1760725554247,997.96265
1760725554267,997.9442
1760725554287,998.0236
1760725554308,998.185
1760725554328,998.4229
1760725554347,998.8706
1760725554367,999.53705
1760725554387,1000.1264
1760725554407,1000.6373
1760725554428,1000.9506
1760725554448,1001.10223
1760725554467,1001.1686
1760725554487,1001.1223
1760725554507,1001.09766
1760725554527,1001.41266
1760725554547,1001.90326
1760725554568,1002.5381
1760725554588,1002.1322
1760725554607,1002.5045
1760725554627,1001.2656
1760725554647,1000.7067
1760725554667,1000.05237
1760725554687,999.4914
1760725554707,998.90717
1760725554727,998.53906
1760725554747,998.21405
1760725554767,997.8053
1760725554788,997.4733
1760725554807,997.3939
1760725554827,997.5608
1760725554847,997.7386
1760725554867,997.84564
1760725554888,998.01013
1760725554907,998.22845
1760725554927,998.5659
1760725554947,998.84283
1760725554967,999.03906
1760725554988,999.1484
1760725555009,999.2822
1760725555028,999.44794
1760725555047,999.512
1760725555067,999.5545
1760725555087,999.4313
1760725555108,999.2754
1760725555128,999.1198
1760725555147,999.02234
1760725555167,999.0069
1760725555187,998.9931
1760725555207,999.0008
1760725555228,998.8839
1760725555247,998.7314
1760725555267,998.54407
1760725555287,998.2861
1760725555307,998.04517
1760725555327,997.90424
1760725555348,997.8892
1760725555367,997.9317
1760725555387,997.8583
1760725555406,997.85016
1760725555427,997.88153
1760725555447,997.93634
1760725555467,998.10486
1760725555487,998.25995
1760725555507,998.57935
1760725555527,999.14484
1760725555548,999.7861
1760725555567,1000.3489
1760725555587,1000.7986
1760725555606,1001.02515
1760725555627,1001.1273
1760725555647,1001.22595
1760725555668,1001.21906
1760725555688,1001.2447
1760725555708,1001.4416
1760725555727,1002.18
1760725555747,1002.873
1760725555768,1001.7455
1760725555788,1002.49927
1760725555807,1001.02924
1760725555828,1000.48737
1760725555848,999.79596
1760725555867,999.1842
1760725555888,998.5894
1760725555908,998.25543
1760725555927,997.96436
1760725555947,997.57764
1760725555968,997.3139
1760725555987,997.25653
1760725556008,997.3938
1760725556028,997.59015
1760725556047,997.77563
1760725556067,997.9997
1760725556087,998.26373
1760725556107,998.5597
1760725556128,998.7796
1760725556147,998.9342
1760725556167,999.0089
1760725556187,999.08905
1760725556207,999.1092
1760725556228,999.0839
1760725556248,998.9891
1760725556267,998.8828
1760725556287,998.8258
1760725556307,998.8145
1760725556327,998.85986
1760725556348,998.8776
1760725556367,998.9503
1760725556388,998.85175
1760725556406,998.65674
1760725556428,998.50446
1760725556447,998.3267
1760725556468,998.12
1760725556487,997.9997
1760725556506,997.9183
1760725556526,997.8173
1760725556548,997.8731
1760725556569,997.8881
1760725556587,997.9892
1760725556607,998.0853
1760725556627,998.26044
1760725556647,998.61237
1760725556668,999.1647
1760725556687,999.76263
1760725556707,1000.34186
1760725556727,1000.7047
1760725556747,1000.8722
1760725556767,1000.9889
1760725556788,1001.0464
1760725556808,1001.0
1760725556827,1001.04346
1760725556847,1001.59796
1760725556867,1002.52423
1760725556888,1001.601
1760725556908,1002.77216
1760725556927,1001.58685
1760725556947,1001.28986
1760725556968,1000.2619
1760725556987,999.52234
1760725557007,998.9367
1760725557028,998.49066
1760725557047,998.1703
1760725557066,997.8016
1760725557087,997.4003
1760725557107,997.3219
1760725557128,997.3741
1760725557147,997.47125
1760725557168,997.64343
1760725557189,997.8109
1760725557207,998.0122
1760725557227,998.25397
1760725557248,998.5527
1760725557267,998.77423
1760725557287,998.9205
1760725557307,999.04987
1760725557327,999.20184
1760725557347,999.2388
1760725557368,999.2424
1760725557387,999.22577
1760725557408,999.1097
1760725557427,999.02625
1760725557448,998.9442
1760725557468,998.96643
1760725557487,998.9545
1760725557507,998.8684
1760725557527,998.7647
1760725557547,998.65564
1760725557567,998.5444
1760725557588,998.40234
1760725557607,998.2395
1760725557627,998.1206
1760725557647,997.97125
1760725557667,997.9178
1760725557687,997.89606
1760725557707,997.84955
1760725557727,997.83405
1760725557747,997.84265
1760725557767,997.9125
1760725557787,998.1608
1760725557807,998.5946
1760725557827,999.10986
1760725557847,999.6984
1760725557867,1000.26013
1760725557887,1000.6805
1760725557907,1000.8317
1760725557928,1000.9328
1760725557947,1001.0114
1760725557967,1001.0172
1760725557987,1001.0651
1760725558008,1001.3475
1760725558028,1002.12335
1760725558047,1002.63904
1760725558067,1002.5133
1760725558087,1003.3077
1760725558107,1001.78546
1760725558127,1001.26245
1760725558148,1000.3396
1760725558168,999.7922
1760725558187,999.253
1760725558207,998.7875
1760725558227,998.39905
1760725558248,998.0486
1760725558268,997.7059
1760725558287,997.35046
1760725558307,997.14935
1760725558327,997.063
1760725558348,997.1138
1760725558367,997.26184
1760725558388,997.46564
1760725558407,997.64264
1760725558427,997.66565
1760725558447,997.7522
1760725558468,998.0087
1760725558488,998.15643
1760725558508,998.26263
1760725558527,998.377
1760725558547,998.4995
1760725558567,998.66235
1760725558587,998.6661
1760725558607,998.5964
1760725558627,998.5147
1760725558647,998.41064
1760725558667,998.23206
1760725558687,998.03644
1760725558708,997.8778
1760725558727,997.82
1760725558747,997.91406
1760725558767,997.8206
1760725558787,997.7606
1760725558808,997.915
1760725558828,998.08167
1760725558847,998.0444
1760725558868,997.935
1760725558887,997.9439
1760725558907,998.00604
1760725558928,997.92847
1760725558947,997.7942
1760725558967,997.8214
1760725558987,997.8936
1760725559007,997.9586
1760725559027,997.97296
1760725559048,998.03674
1760725559067,998.09467
1760725559087,998.13934
1760725559107,998.1172
1760725559127,998.1962
1760725559148,998.6183
1760725559167,998.60345
1760725559187,998.4448
1760725559207,998.3206
1760725559227,998.35315
1760725559247,998.44794
1760725559267,998.5713
1760725559288,998.6838
1760725559307,998.7419
1760725559328,998.8119
1760725559347,998.71216
1760725559368,998.6583
1760725559389,998.643
1760725559407,998.8544
1760725559427,999.3686
1760725559447,999.7739
1760725559467,999.96497
1760725559488,999.77014
1760725559508,999.34766
1760725559527,998.71454
1760725559547,998.3875
1760725559567,998.34155
1760725559587,998.91473
1760725559608,999.32324
1760725559628,999.39264
1760725559647,999.6942
1760725559667,999.90314
1760725559687,999.8281
1760725559708,999.64703
1760725559727,999.568
1760725559747,999.72375
1760725559767,999.6891
1760725559787,999.3044
1760725559807,998.94653
1760725559828,998.7425
1760725559847,998.5131
1760725559867,998.52856
1760725559887,998.71814
1760725559907,998.7544
1760725559928,998.78235
1760725559947,998.8195
1760725559968,998.90955
1760725559987,999.02905
1760725560007,999.137
1760725560027,999.27234
1760725560048,999.3814
1760725560067,999.4169
1760725560087,999.452
1760725560107,999.40704
1760725560127,999.307
1760725560147,999.2972
1760725560168,999.2802
1760725560187,999.1942
1760725560207,999.0678
1760725560227,998.9278
1760725560247,998.82623
1760725560268,998.76776
1760725560287,998.66077
1760725560307,998.5491
1760725560328,998.3823
1760725560347,998.25653
1760725560368,998.2205
1760725560388,998.21344
1760725560408,998.28204
1760725560427,998.34924
1760725560447,998.3355
1760725560467,998.4136
1760725560487,998.41016
1760725560508,998.431
1760725560527,998.4747
1760725560547,998.53564
1760725560567,998.6145
1760725560588,998.78204
1760725560608,998.8772
1760725560627,998.748
1760725560647,998.6312
1760725560668,998.53156
1760725560687,998.53345
1760725560708,998.548
1760725560728,998.5154
1760725560747,998.52905
1760725560767,998.53467
1760725560787,998.5559
1760725560808,998.545
1760725560828,998.5535
1760725560847,998.58154
1760725560867,998.5817
1760725560887,998.60376
1760725560907,998.6231
1760725560927,998.6145
1760725560948,998.72974
1760725560967,998.8883
1760725560987,999.0189
1760725561007,999.3653
1760725561027,999.78094
1760725561047,1000.19904
1760725561068,1000.1764
1760725561087,1000.0709
1760725561107,1000.03235
1760725561127,1000.01044
1760725561148,1000.0583
1760725561168,1000.1323
1760725561187,1000.1928
1760725561207,1000.19904
1760725561228,1000.1261
1760725561247,999.8895
1760725561267,999.59595
1760725561288,999.3205
1760725561307,999.1781
1760725561327,999.14594
1760725561348,999.10406
1760725561367,998.9941
1760725561387,998.9495
1760725561407,999.35565
1760725561427,999.46533
1760725561447,999.447
1760725561468,999.3705
1760725561488,999.282
1760725561508,999.1445
1760725561527,999.0364
1760725561548,998.8539
1760725561567,998.5067
1760725561587,998.3642
1760725561607,998.33453
1760725561628,998.39465
1760725561647,998.4572
1760725561667,998.53217
1760725561687,998.4881
1760725561708,998.512
1760725561728,998.5466
1760725561747,998.53674
1760725561767,998.5722
1760725561787,998.67126
1760725561807,999.6397
1760725561827,999.067
1760725561848,998.8175
1760725561867,998.75653
1760725561887,998.76654
1760725561907,998.83234
1760725561930,998.8922
1760725561947,998.97675
1760725561966,998.9913
1760725561986,998.9394
1760725562006,999.02673
1760725562026,999.117
1760725562046,999.16077
1760725562067,999.11884
1760725562086,999.1155
1760725562106,999.15533
1760725562126,999.21265
1760725562146,999.1764
1760725562176,999.1542
1760725562187,999.11414
1760725562206,999.11017
1760725562226,999.10266
1760725562246,999.10046
1760725562266,999.0514
1760725562287,999.0611
1760725562307,999.10315
1760725562326,999.0044
1760725562346,998.8772
1760725562366,999.2511
1760725562387,999.6252
1760725562408,999.84686
1760725562426,999.6978
1760725562449,999.2236
1760725562466,999.0528
1760725562486,999.07544
1760725562507,999.02826
1760725562526,998.9841
1760725562546,999.02783
1760725562566,999.1186
1760725562586,999.1384
1760725562606,999.1276
1760725562627,999.10986
1760725562646,999.07263
1760725562666,999.06
1760725562686,999.10406
1760725562706,999.1255
1760725562727,999.09357
1760725562747,999.1223
1760725562766,999.17
1760725562786,999.16235
1760725562806,999.1767
1760725562827,999.1803
1760725562847,999.146
1760725562866,999.10516
1760725562886,999.07935
1760725562906,999.1272
1760725562927,999.14844
1760725562947,999.14014
1760725562967,999.08124
1760725562987,998.9589
1760725563006,998.95233
1760725563026,998.9437
1760725563046,998.8847
1760725563067,998.9039
1760725563087,998.9589
1760725563106,999.0062
1760725563127,999.1044
1760725563146,999.1359
1760725563167,999.1192
1760725563187,999.01654
1760725563207,998.96906
1760725563226,998.9434
1760725563246,999.0456
1760725563267,999.0444
1760725563287,999.10284
1760725563307,999.09467
1760725563327,999.1211
1760725563347,999.1334
1760725563367,999.0683
1760725563388,999.02563
1760725563408,999.01904
1760725563427,998.9861
1760725563447,998.9975
1760725563467,999.01904
1760725563488,999.02765
1760725563507,999.0559
1760725563527,999.0244
1760725563546,999.02716
1760725563566,999.0478
1760725563586,999.04846
1760725563606,999.0072
1760725563627,998.9983
1760725563646,998.96124
1760725563666,998.9481
1760725563686,998.927
1760725563706,998.9489
1760725563727,998.9902
1760725563747,999.02673
1760725563766,999.0502
1760725563786,999.0639
1760725563806,999.01294
1760725563827,998.97687
1760725563847,998.9423
1760725563868,998.92316
1760725563888,998.91315
1760725563908,998.9764
1760725563927,999.0111
1760725563947,999.0506
1760725563968,999.0809
1760725563987,999.0481
1760725564006,998.9925
1760725564026,999.02264
1760725564046,999.0534
1760725564067,999.0492
