1760725572859,999.108
1760725572879,999.1236
1760725572900,999.00476
1760725572919,999.0678
1760725572939,999.0075
1760725572959,998.85626
1760725572979,998.7408
1760725573000,998.6726
1760725573020,998.7559
1760725573039,998.8208
1760725573059,998.8575
1760725573079,998.84155
1760725573099,998.81903
1760725573120,998.8472
1760725573140,998.92316
1760725573159,998.97845
1760725573179,998.9178
1760725573199,998.8089
1760725573219,998.83954
1760725573240,998.95233
1760725573259,999.0581
1760725573279,999.22675
1760725573299,999.3464
1760725573319,999.4358
1760725573339,999.3986
1760725573360,999.3572
1760725573379,999.34845
1760725573399,999.4255
1760725573419,999.4459
1760725573439,999.4875
1760725573460,999.4924
1760725573480,999.3992
1760725573499,999.4303
1760725573519,999.4288
1760725573540,999.39624
1760725573560,999.3229
1760725573580,999.28735
1760725573599,999.26263
1760725573619,999.14325
1760725573639,998.9216
1760725573659,998.8197
1760725573680,998.8311
1760725573701,998.8591
1760725573719,998.885
1760725573739,998.8547
1760725573759,998.84265
1760725573780,998.7576
1760725573800,998.7703
1760725573819,998.76685
1760725573839,998.76733
1760725573859,998.72705
1760725573879,998.7239
1760725573900,998.6901
1760725573920,998.56494
1760725573939,998.47595
1760725573959,998.40125
1760725573980,998.3619
1760725574000,998.3906
1760725574021,998.4273
1760725574040,998.46515
1760725574059,998.4484
1760725574080,998.483
1760725574100,998.5164
1760725574119,998.5478
1760725574140,998.548
1760725574159,998.5578
1760725574179,998.6061
1760725574199,998.6489
1760725574220,998.65533
1760725574240,998.613
1760725574260,998.61096
1760725574279,998.60406
1760725574299,998.6174
1760725574319,998.64813
1760725574341,998.65594
1760725574361,998.63586
1760725574379,998.65454
1760725574399,998.6331
1760725574419,998.71155
1760725574439,998.7383
1760725574460,998.74
1760725574480,998.78625
1760725574500,998.7825
1760725574520,998.8139
1760725574540,998.8
1760725574560,998.8703
1760725574580,998.885
1760725574601,998.8474
1760725574619,998.84
1760725574639,998.83044
1760725574660,998.8034
1760725574680,998.83374
1760725574700,998.84937
1760725574720,998.8044
1760725574739,998.8025
1760725574762,998.8233
1760725574779,998.8511
1760725574799,998.85706
1760725574820,998.86096
1760725574839,998.8639
1760725574859,998.89923
1760725574879,998.91046
1760725574899,998.9422
1760725574920,998.96295
1760725574940,998.9911
1760725574959,999.0087
1760725574979,999.025
1760725574999,999.065
1760725575019,999.103
1760725575040,999.08325
1760725575059,999.1075
1760725575079,999.132
1760725575099,999.21796
1760725575119,999.305
1760725575140,999.3569
1760725575160,999.4511
1760725575179,999.48096
1760725575199,999.4969
1760725575219,999.4792
1760725575239,999.4252
1760725575260,999.3735
1760725575279,999.26825
1760725575300,999.16425
1760725575319,999.1325
1760725575339,999.29126
1760725575360,999.5651
1760725575381,999.4811
1760725575399,999.5711
1760725575419,999.9338
1760725575439,1000.33685
1760725575459,1000.6383
1760725575480,1000.7636
1760725575500,1000.52
1760725575519,1000.10187
1760725575539,1000.09686
1760725575560,1000.4489
1760725575580,1000.8533
1760725575601,1001.1981
1760725575619,1001.0403
1760725575639,1000.9317
1760725575659,1000.6933
1760725575680,1000.21625
1760725575700,999.744
1760725575721,999.4499
1760725575739,999.2889
1760725575759,999.16296
1760725575779,999.09985
1760725575799,999.01807
1760725575820,998.9911
1760725575839,999.03546
1760725575859,999.08716
1760725575879,998.9592
1760725575899,998.7481
1760725575920,998.66315
1760725575940,998.8229
1760725575960,998.89795
1760725575979,998.89624
1760725576000,999.0987
1760725576020,999.127
1760725576041,999.0947
1760725576060,999.0145
1760725576080,999.04
1760725576100,999.2465
1760725576119,999.5134
1760725576140,999.5584
1760725576160,999.7737
1760725576180,1000.2494
1760725576199,1000.64325
1760725576219,1000.63654
1760725576240,1000.59937
1760725576260,1000.52466
1760725576281,1000.3882
1760725576299,1000.32544
1760725576319,1000.2498
1760725576340,1000.1736
1760725576360,1000.10077
1760725576380,1000.042
1760725576399,999.8666
1760725576419,999.6955
1760725576440,999.5436
1760725576460,999.35596
1760725576480,999.21576
1760725576500,999.10364
1760725576519,998.9753
1760725576539,999.0192
1760725576560,999.1202
1760725576580,999.112
1760725576600,999.0492
1760725576620,999.07935
1760725576639,999.2125
1760725576659,999.33
1760725576679,999.4412
1760725576700,999.65924
1760725576720,999.9433
1760725576739,999.6395
1760725576764,999.15204
1760725576780,1000.1914
1760725576799,999.9267
1760725576820,999.9584
1760725576840,1000.00006
1760725576859,999.78845
1760725576879,999.77203
1760725576899,999.5842
1760725576919,999.2472
1760725576940,999.0022
1760725576959,998.9158
1760725576979,998.84296
1760725576999,998.7433
1760725577019,998.7427
1760725577040,998.78296
1760725577060,998.81836
1760725577079,998.8658
1760725577099,998.80237
1760725577119,998.6911
1760725577139,998.59796
1760725577160,998.5023
1760725577179,998.4241
1760725577199,998.3795
1760725577219,998.23047
1760725577239,998.33405
1760725577260,998.40546
1760725577280,998.5248
1760725577299,998.5325
1760725577319,998.5483
1760725577339,998.6575
1760725577359,998.6284
1760725577380,998.6867
1760725577400,998.6487
1760725577419,998.7294
1760725577440,999.0059
1760725577460,999.0742
1760725577480,999.12885
1760725577500,999.5288
1760725577519,999.9266
1760725577539,1000.4305
1760725577559,1000.54126
1760725577579,1000.5644
1760725577600,1000.4988
1760725577622,1000.3275
1760725577640,1000.10736
1760725577659,999.8606
1760725577680,999.58435
1760725577699,999.3572
1760725577720,999.1873
1760725577740,999.0692
1760725577759,999.0594
1760725577779,999.0119
1760725577800,998.9897
1760725577820,998.9277
1760725577840,998.90186
1760725577859,998.8511
1760725577879,998.8133
1760725577899,999.00903
1760725577919,999.1197
1760725577941,999.27454
1760725577961,999.3698
1760725577980,999.3364
1760725577999,999.29
1760725578020,999.3092
1760725578040,999.52606
1760725578060,999.7279
1760725578079,999.5725
1760725578100,999.4803
1760725578119,999.8756
1760725578140,999.70154
1760725578159,999.8265
1760725578180,999.66675
1760725578199,999.51953
1760725578219,999.6075
1760725578239,999.46594
1760725578260,999.235
1760725578280,999.0039
1760725578300,998.8272
1760725578320,998.7486
1760725578339,998.6856
1760725578359,998.6036
1760725578380,998.54956
1760725578400,998.5004
1760725578419,998.5128
1760725578439,998.53015
1760725578459,998.5792
1760725578480,998.4348
1760725578500,998.28674
1760725578521,998.261
1760725578540,998.3375
1760725578559,998.46533
1760725578580,998.5605
1760725578601,998.57544
1760725578620,998.6345
1760725578639,998.6984
1760725578659,998.762
1760725578680,998.8136
1760725578699,999.0058
1760725578720,999.1978
1760725578741,999.2285
1760725578759,999.4336
1760725578784,999.7402
1760725578799,999.90045
1760725578819,999.9916
1760725578840,1000.10236
1760725578859,1000.1297
1760725578880,1000.02765
1760725578899,999.83154
1760725578919,999.64453
1760725578940,999.5339
1760725578960,999.43536
1760725578979,999.34247
1760725578999,999.28107
1760725579019,999.1275
1760725579039,999.0189
1760725579060,998.90356
1760725579081,998.9322
1760725579099,998.8947
1760725579120,998.84564
1760725579139,998.8606
1760725579159,998.8475
1760725579180,998.8638
1760725579199,998.9403
1760725579219,999.0442
1760725579239,999.1897
1760725579259,999.3083
1760725579280,999.45966
1760725579300,999.4625
1760725579319,999.46454
1760725579339,999.6777
1760725579359,1000.09546
1760725579379,1000.03876
1760725579400,999.95123
1760725579421,999.8473
1760725579439,999.5139
1760725579459,999.41815
1760725579479,999.3908
1760725579500,999.1724
1760725579520,999.00903
1760725579540,998.8736
1760725579559,998.8003
1760725579580,998.78265
1760725579600,998.7353
1760725579620,998.7022
1760725579640,998.71564
1760725579659,998.70123
1760725579679,998.6758
1760725579699,998.6214
1760725579720,998.4592
1760725579740,998.35547
1760725579760,998.3145
1760725579779,998.3839
1760725579799,998.4761
1760725579820,998.47876
1760725579840,998.5775
1760725579860,998.75397
1760725579879,999.0098
1760725579899,998.97046
1760725579920,999.1763
1760725579940,999.4391
1760725579960,999.63727
1760725579981,999.87476
1760725579999,1000.1436
1760725580020,1000.2489
1760725580040,1000.33826
1760725580060,1000.48114
1760725580080,1000.36774
1760725580099,1000.1647
1760725580119,999.8306
1760725580139,999.6944
1760725580160,999.5403
1760725580180,999.47675
1760725580200,999.4797
1760725580220,999.46985
1760725580239,999.4345
1760725580259,999.2917
1760725580280,999.1984
1760725580300,999.1409
1760725580319,999.10657
1760725580339,999.03204
1760725580360,998.97034
1760725580380,998.9358
1760725580400,999.04565
1760725580420,999.14154
1760725580440,999.21295
1760725580459,999.15454
1760725580479,999.1326
1760725580499,999.3784
1760725580520,999.5753
1760725580541,999.40875
1760725580559,999.34357
1760725580579,999.79376
1760725580599,1000.72314
1760725580620,1000.0737
1760725580640,999.90784
1760725580659,999.65216
1760725580679,999.66156
1760725580699,999.5795
1760725580719,999.41486
1760725580740,999.2327
1760725580761,999.07526
1760725580779,999.01514
1760725580799,999.02765
1760725580819,998.98126
1760725580839,998.926
1760725580860,998.85126
1760725580879,998.7659
1760725580899,998.8237
1760725580919,998.8605
1760725580939,998.85156
1760725580960,998.71936
1760725580980,998.4686
1760725580999,998.4455
1760725581020,998.4383
1760725581039,998.5044
1760725581059,998.6744
1760725581080,998.8083
1760725581100,999.0309
1760725581120,999.1287
1760725581139,999.1138
1760725581159,999.2519
1760725581179,999.5701
1760725581200,999.76
1760725581219,999.97906
1760725581239,1000.34143
1760725581259,1000.39734
1760725581280,1000.2623
1760725581300,1000.20575
1760725581321,1000.2148
1760725581339,1000.14124
1760725581359,999.9239
1760725581380,999.8134
1760725581400,999.6937
1760725581420,999.6858
1760725581439,999.6972
1760725581460,999.65967
1760725581480,999.5745
1760725581500,999.4245
1760725581520,999.2984
1760725581540,999.1211
1760725581559,999.02844
1760725581579,998.9983
1760725581600,998.91016
1760725581620,998.8072
1760725581640,998.72046
1760725581660,998.7473
1760725581679,998.8772
1760725581699,998.9453
1760725581719,998.9844
1760725581739,998.9305
1760725581760,999.0139
1760725581779,999.2425
1760725581799,999.71454
1760725581819,999.5553
1760725581839,999.28174
1760725581860,999.90784
1760725581881,999.8915
1760725581899,999.64795
1760725581920,999.7034
1760725581939,999.312
1760725581960,999.17096
1760725581980,999.21234
1760725582000,999.08203
1760725582019,998.9288
1760725582039,998.92236
1760725582059,998.9442
1760725582080,998.9445
1760725582100,998.9456
1760725582121,998.89874
1760725582139,998.8772
1760725582159,998.83154
1760725582180,998.84204
1760725582200,998.9389
1760725582221,998.9448
1760725582239,998.8528
1760725582259,998.6883
1760725582279,998.5494
1760725582300,998.6387
1760725582320,998.71857
1760725582339,998.6234
1760725582359,998.82684
1760725582379,999.0675
1760725582399,999.21216
1760725582420,999.4225
1760725582440,999.6696
1760725582460,999.8805
1760725582479,1000.1303
1760725582500,1000.3798
1760725582519,1000.47437
1760725582540,1000.3514
1760725582559,1000.2625
1760725582580,1000.1044
1760725582599,999.9252
1760725582620,999.7247
1760725582639,999.5645
1760725582660,999.4255
1760725582679,999.34
1760725582699,999.29987
1760725582719,999.27826
1760725582740,999.27325
1760725582760,999.3325
1760725582780,999.34375
1760725582800,999.26263
1760725582819,999.1258
1760725582840,998.9459
1760725582860,998.83875
1760725582880,998.8228
1760725582899,998.9272
1760725582919,999.03986
1760725582939,999.2003
1760725582959,999.2939
1760725582980,999.28046
1760725583001,999.22235
1760725583019,999.3755
1760725583039,999.58295
1760725583060,999.28516
1760725583080,999.59143
1760725583101,999.90466
1760725583120,999.77673
1760725583139,999.8044
1760725583159,999.5578
1760725583179,999.2367
1760725583200,999.2498
1760725583221,999.1894
1760725583240,998.95795
1760725583259,998.9284
1760725583279,999.0008
1760725583299,999.02997
1760725583320,999.0471
1760725583340,999.02905
1760725583359,999.0002
1760725583379,998.882
1760725583399,998.7972
1760725583420,998.70984
1760725583440,998.7733
1760725583460,998.9436
1760725583480,999.0047
1760725583499,998.803
1760725583520,998.68
1760725583540,998.78204
1760725583560,998.7297
1760725583579,998.567
1760725583599,998.6273
1760725583620,998.77734
1760725583639,999.1072
1760725583660,999.47205
1760725583680,999.8745
1760725583699,1000.1
1760725583719,1000.1992
1760725583739,1000.28076
1760725583760,1000.3281
1760725583780,1000.2782
1760725583800,1000.22095
1760725583819,1000.0527
1760725583840,999.89545
1760725583859,999.6261
1760725583881,999.37317
1760725583900,999.1898
1760725583920,999.0517
1760725583940,998.97845
1760725583959,998.8752
1760725583980,998.8873
1760725584000,998.90686
1760725584019,998.95044
1760725584039,999.0123
1760725584060,999.08344
1760725584080,999.2067
1760725584100,999.22784
1760725584120,999.46094
1760725584139,999.72
1760725584159,999.83093
1760725584179,999.8075
1760725584200,999.842
1760725584220,1000.1464
1760725584241,999.9343
1760725584260,999.5705
1760725584279,999.6022
1760725584299,999.5545
1760725584320,999.33466
1760725584341,999.1316
1760725584359,998.8033
1760725584380,998.6711
1760725584399,998.7608
1760725584419,998.7903
1760725584440,998.6663
1760725584460,998.6318
1760725584479,998.66565
1760725584499,998.6912
1760725584520,998.6716
1760725584540,998.675
1760725584560,998.67737
1760725584579,998.6127
1760725584599,998.6033
1760725584619,998.6345
1760725584639,998.6856
1760725584659,998.8432
1760725584681,999.0213
1760725584699,999.33655
1760725584719,999.26013
1760725584739,998.96234
1760725584759,998.83344
1760725584780,998.6916
1760725584800,998.7104
1760725584819,999.02454
1760725584839,999.46924
1760725584859,999.6262
1760725584880,999.64795
1760725584900,999.59546
1760725584919,999.4384
1760725584939,999.41125
1760725584959,999.41315
1760725584980,999.5067
1760725585000,999.6133
1760725585020,999.75793
1760725585039,999.7455
1760725585060,999.64545
1760725585080,999.4842
1760725585100,999.3248
1760725585120,999.3112
1760725585140,999.46185
1760725585159,999.60046
1760725585179,999.6742
1760725585200,999.8028
1760725585220,999.86896
1760725585240,999.85016
1760725585260,999.60565
1760725585279,999.3314
1760725585299,999.3111
1760725585319,999.47455
1760725585340,999.04785
1760725585361,998.78906
1760725585379,999.03204
1760725585399,999.15564
1760725585419,999.16376
1760725585440,999.0992
1760725585460,999.1464
1760725585479,999.11346
1760725585499,999.1386
1760725585520,999.2111
1760725585540,999.1703
1760725585560,999.1867
1760725585581,999.19403
1760725585600,999.175
1760725585620,999.20184
1760725585639,999.1983
1760725585659,999.1972
1760725585680,999.1847
1760725585699,999.11017
1760725585719,998.9908
1760725585739,998.8633
1760725585760,998.7914
1760725585780,998.6878
1760725585801,998.52
1760725585819,998.46545
1760725585839,998.6806
1760725585859,999.0681
1760725585880,999.5036
1760725585900,999.4714
1760725585920,999.6606
1760725585939,999.6819
1760725585959,999.69763
1760725585980,999.65454
1760725586000,999.7703
1760725586020,1000.16174
1760725586039,1000.40155
1760725586060,1000.5117
1760725586079,1000.4925
1760725586100,1000.4794
1760725586120,1000.3702
1760725586141,1000.2519
1760725586159,1000.02124
1760725586179,999.73096
1760725586199,999.53015
1760725586220,999.3678
1760725586240,999.24457
1760725586260,999.1664
1760725586279,999.1989
1760725586300,999.1895
1760725586319,999.1955
1760725586340,999.15515
1760725586360,999.0959
1760725586379,998.9969
1760725586399,998.8186
1760725586419,998.7425
1760725586440,998.77856
1760725586460,999.1781
1760725586481,999.32916
1760725586500,999.2472
1760725586519,999.2086
1760725586540,999.3703
1760725586560,999.8178
1760725586580,999.9899
1760725586599,999.77875
1760725586620,999.96906
1760725586640,999.9847
1760725586659,999.97455
1760725586680,999.97595
1760725586700,999.6959
1760725586719,999.5145
1760725586739,999.46173
1760725586759,999.34424
1760725586779,999.33954
1760725586801,999.2957
1760725586819,999.15924
1760725586839,999.03314
1760725586859,998.9275
1760725586880,998.78796
1760725586900,998.7039
1760725586920,998.69
1760725586939,998.8667
1760725586959,998.6883
1760725586979,998.3594
1760725587001,998.4406
1760725587020,998.9342
1760725587041,999.0517
1760725587059,999.0806
1760725587080,999.40405
1760725587099,999.64264
1760725587120,1000.03564
1760725587141,1000.16034
1760725587159,1000.3622
1760725587179,1000.5694
1760725587199,1000.53406
1760725587220,1000.29486
1760725587240,1000.26154
1760725587261,1000.2569
1760725587279,1000.1281
1760725587300,1000.0378
1760725587319,999.88763
1760725587339,999.63403
1760725587360,999.3972
1760725587379,999.2656
1760725587399,999.1934
1760725587419,999.1364
1760725587439,999.04376
1760725587460,998.95825
1760725587481,998.87067
1760725587499,998.9239
1760725587519,998.9867
1760725587539,998.9531
1760725587560,998.8605
1760725587580,998.80145
1760725587601,998.99866
1760725587619,999.1589
1760725587640,999.0997
1760725587660,999.10486
1760725587679,999.1897
1760725587700,999.4775
1760725587719,1000.0517
1760725587739,1000.03735
1760725587760,999.6763
1760725587779,1000.39264
1760725587800,1000.08246
1760725587820,1000.09576
1760725587839,999.872
1760725587859,999.3558
1760725587880,999.3256
1760725587900,999.34186
1760725587920,999.07745
1760725587939,998.96185
1760725587959,998.97296
1760725587979,999.0491
1760725588000,999.03436
1760725588020,998.9534
1760725588041,998.8599
1760725588059,998.7333
1760725588079,998.6877
1760725588099,998.7042
1760725588120,998.6733
1760725588141,998.6911
1760725588160,998.6203
1760725588179,998.6711
1760725588199,998.6231
1760725588219,998.83655
1760725588240,998.8716
1760725588260,998.97015
1760725588279,998.89844
1760725588299,998.9753
1760725588319,998.9902
1760725588340,999.0625
1760725588360,999.3373
1760725588380,999.5232
1760725588399,999.84595
1760725588419,999.9353
1760725588439,1000.08405
1760725588460,1000.35516
1760725588481,1000.5292
1760725588499,1000.5006
1760725588519,1000.4586
1760725588539,1000.41626
1760725588560,1000.3166
1760725588580,1000.14496
1760725588600,999.8884
1760725588619,999.72675
1760725588640,999.5197
1760725588659,999.3733
1760725588679,999.23236
1760725588700,999.04706
1760725588720,998.9152
1760725588739,998.8717
1760725588759,998.9183
1760725588779,998.96014
1760725588800,998.9775
1760725588820,999.04047
1760725588839,999.1194
1760725588859,999.22076
1760725588879,999.27484
1760725588899,999.2292
1760725588920,999.40576
1760725588940,999.50757
1760725588959,999.52313
1760725588979,999.48737
1760725588999,999.4336
1760725589020,999.53217
1760725589041,999.2304
1760725589060,999.28076
1760725589080,999.71985
1760725589099,999.52625
1760725589120,999.97125
1760725589140,999.97046
1760725589160,999.67804
1760725589179,999.72375
1760725589199,999.70154
1760725589219,999.4953
1760725589239,999.3045
1760725589260,999.25116
1760725589280,999.20416
1760725589299,999.1841
1760725589319,999.1464
1760725589339,999.0783
1760725589360,999.0444
1760725589380,998.9967
1760725589399,998.8975
1760725589419,998.79517
1760725589439,998.7453
1760725589459,998.58716
1760725589480,998.5276
1760725589500,998.7488
1760725589519,999.0389
1760725589540,999.20514
1760725589560,999.5078
1760725589580,999.5878
1760725589600,999.3231
1760725589620,999.3689
1760725589640,999.39685
1760725589659,999.64984
1760725589679,999.83716
1760725589699,999.9489
1760725589720,1000.33453
1760725589740,1000.79706
1760725589760,1000.77185
1760725589779,1000.52594
1760725589799,1000.33453
1760725589820,1000.1083
1760725589840,999.926
1760725589859,999.85065
1760725589879,999.752
1760725589899,999.71875
1760725589920,999.63904
1760725589940,999.54407
1760725589959,999.48846
1760725589979,999.4503
1760725589999,999.48517
1760725590019,999.4959
1760725590040,999.34595
1760725590061,999.20764
1760725590079,999.20123
1760725590099,999.3811
1760725590120,999.53687
1760725590140,999.58344
1760725590160,999.5997
1760725590180,999.6347
1760725590199,999.6436
1760725590219,999.73456
1760725590240,999.91156
1760725590260,999.9305
1760725590280,999.9462
1760725590299,999.8122
1760725590319,1000.3069
1760725590339,1000.1453
1760725590359,999.66266
1760725590380,999.51416
1760725590400,999.48035
1760725590420,999.6859
1760725590439,999.54016
1760725590459,999.1719
1760725590480,998.9847
1760725590501,998.9954
1760725590520,998.9478
1760725590540,998.8655
1760725590560,998.85455
1760725590580,998.86
1760725590600,998.88983
1760725590621,998.9871
1760725590640,998.9861
1760725590660,998.8616
1760725590679,998.7659
1760725590699,998.6799
1760725590720,998.65
1760725590740,998.9268
1760725590760,998.84985
1760725590780,999.1301
1760725590799,999.2483
1760725590820,999.3741
1760725590840,999.5137
1760725590859,999.6955
1760725590880,999.95044
1760725590900,999.97174
1760725590920,1000.0894
1760725590940,1000.33
1760725590961,1000.3876
1760725590979,1000.4164
1760725590999,1000.3161
1760725591019,1000.10626
1760725591040,999.82
1760725591060,999.6244
1760725591079,999.4934
1760725591099,999.3909
1760725591119,999.2526
1760725591140,999.08765
1760725591159,998.90076
1760725591180,998.82416
1760725591199,998.8272
1760725591219,998.9386
1760725591239,999.0598
1760725591259,999.0733
1760725591280,999.08826
1760725591300,999.14667
1760725591319,999.40326
1760725591341,999.47095
1760725591359,999.40204
1760725591380,999.40295
1760725591400,999.6287
1760725591419,1000.0986
1760725591439,999.9333
1760725591460,999.47626
1760725591480,1000.5325
1760725591500,999.9018
1760725591520,999.7331
1760725591539,1000.10065
1760725591559,999.933
1760725591579,999.79987
1760725591600,999.6356
1760725591620,999.46735
1760725591640,999.39624
1760725591660,999.3872
1760725591679,999.41235
1760725591699,999.3942
1760725591720,999.238
1760725591740,999.1168
1760725591759,999.0605
1760725591779,999.0047
1760725591799,998.9936
1760725591819,998.90326
1760725591840,998.7814
1760725591860,998.63055
1760725591879,998.7031
1760725591899,999.0545
1760725591920,999.6144
1760725591940,999.53076
1760725591960,999.6039
1760725591980,999.6456
1760725591999,999.4247
1760725592019,999.40845
1760725592040,999.6906
1760725592060,999.893
1760725592081,999.9257
1760725592099,999.8834
1760725592119,999.9833
1760725592139,1000.2725
1760725592160,1000.3844
1760725592180,1000.3705
1760725592199,1000.2642
1760725592219,999.99
1760725592240,999.6877
1760725592260,999.4828
1760725592280,999.3035
1760725592300,999.22736
1760725592319,999.16345
1760725592339,999.07874
1760725592360,999.01624
1760725592380,998.9833
1760725592400,999.0008
1760725592420,999.1605
1760725592439,999.26984
1760725592460,999.285
1760725592479,999.3077
1760725592500,999.3242
1760725592520,999.3342
1760725592540,999.46423
1760725592559,999.89343
1760725592579,1000.3586
1760725592600,1000.0686
1760725592621,999.71533
1760725592641,1000.7351
1760725592660,1000.3787
1760725592679,999.9959
1760725592699,999.53143
1760725592720,999.47595
1760725592740,999.55853
1760725592759,999.6887
1760725592779,999.71204
1760725592799,999.53107
1760725592819,999.41766
1760725592840,999.3413
1760725592860,999.2476
1760725592879,999.2014
1760725592899,999.08704
1760725592919,998.9872
1760725592940,998.89435
1760725592960,999.062
1760725592980,999.2619
1760725592999,998.95233
1760725593019,998.6733
1760725593040,998.89813
1760725593060,999.08563
1760725593080,998.95795
1760725593100,999.01794
1760725593120,999.16565
1760725593139,999.15173
1760725593161,999.6136
1760725593180,999.85565
1760725593200,999.90344
1760725593219,999.9319
1760725593239,1000.09534
1760725593260,1000.15485
1760725593279,1000.09326
1760725593300,1000.06616
1760725593319,1000.1947
1760725593339,1000.2903
1760725593359,1000.27893
1760725593380,1000.2559
1760725593399,1000.21594
1760725593420,1000.1774
1760725593439,1000.1167
1760725593459,1000.09265
1760725593479,999.96674
1760725593499,999.86346
1760725593520,999.8127
1760725593540,999.765
1760725593559,999.8681
1760725593579,1000.0123
1760725593600,1000.1269
1760725593620,1000.1891
1760725593640,1000.23376
1760725593659,1000.38983
1760725593679,1000.4456
1760725593699,1000.6236
1760725593719,1000.6222
1760725593740,1000.1202
1760725593760,999.73285
1760725593779,1000.6958
1760725593799,999.753
1760725593819,999.79596
1760725593840,999.5719
1760725593860,999.1947
1760725593880,999.0229
1760725593899,998.9111
1760725593920,998.8622
1760725593939,998.89325
1760725593960,998.9573
1760725593980,999.01556
1760725593999,999.0645
1760725594019,999.01654
1760725594040,998.9936
1760725594060,999.0408
1760725594082,999.10406
1760725594101,999.0722
1760725594120,998.985
1760725594139,998.9575
1760725594160,999.295
1760725594179,999.8127
1760725594200,1000.0726
1760725594220,1000.03625
1760725594239,999.65015
1760725594259,999.4241
1760725594279,999.09717
1760725594300,998.8795
1760725594320,998.8839
1760725594339,999.1895
1760725594360,999.3286
1760725594380,999.3831
1760725594400,999.3581
1760725594420,999.39606
1760725594440,999.2967
1760725594459,999.34186
1760725594480,999.4764
1760725594500,999.5711
1760725594520,999.66406
1760725594541,999.6895
1760725594560,999.59576
1760725594579,999.5606
1760725594600,999.53827
1760725594620,999.6344
1760725594640,999.7541
1760725594661,999.9381
1760725594679,1000.0878
1760725594699,1000.1344
1760725594719,1000.29376
1760725594740,1000.3131
1760725594760,999.9205
1760725594779,999.16846
1760725594799,999.03705
1760725594819,999.377
1760725594840,998.993
1760725594860,998.69604
1760725594881,998.49164
1760725594899,998.5123
1760725594919,998.7526
1760725594939,998.85077
1760725594960,999.045
1760725594980,999.0489
1760725595000,999.06445
1760725595020,999.09375
1760725595039,999.15094
1760725595060,999.34625
1760725595080,999.4857
1760725595102,999.51636
1760725595119,999.5002
1760725595139,999.498
1760725595160,999.5062
1760725595179,999.49
1760725595200,999.4914
1760725595220,999.4768
1760725595239,999.4302
1760725595259,999.34534
1760725595279,999.4305
1760725595299,999.443
1760725595320,999.5048
1760725595340,999.72125
1760725595359,999.8039
1760725595379,999.7045
1760725595400,999.5644
1760725595420,999.53687
1760725595441,999.4853
1760725595459,999.5064
1760725595479,999.6116
1760725595499,999.5655
1760725595519,999.5475
1760725595540,999.6666
1760725595560,999.97943
1760725595579,1000.3247
1760725595599,1000.61096
1760725595620,1000.76
1760725595640,1000.698
1760725595660,1000.5178
1760725595679,1000.3142
1760725595699,1000.14514
1760725595719,999.96173
1760725595740,999.8325
1760725595760,999.70233
1760725595780,999.5725
1760725595799,999.46625
1760725595820,999.39825
1760725595839,999.3684
1760725595860,999.37
1760725595880,999.3569
1760725595901,999.3608
1760725595920,999.3375
1760725595939,999.3289
1760725595960,999.3711
1760725595980,999.44415
1760725596000,999.5868
1760725596019,999.77045
1760725596041,999.90906
1760725596060,999.9894
1760725596080,1000.1311
1760725596101,1000.52686
1760725596120,1000.39496
1760725596139,1000.29205
1760725596160,1000.6156
1760725596180,1000.9277
1760725596199,1000.5617
1760725596221,1000.37115
1760725596239,1000.2656
1760725596259,1000.3194
1760725596279,1000.1145
1760725596299,999.7477
1760725596320,999.5315
1760725596340,999.42474
1760725596359,999.35315
1760725596379,999.2594
1760725596399,999.1972
1760725596420,999.1386
1760725596440,999.11816
1760725596460,999.1767
1760725596479,999.27423
1760725596499,999.3489
1760725596519,999.195
1760725596540,999.21216
1760725596561,999.3904
1760725596579,999.4484
1760725596599,999.71155
1760725596620,999.8727
1760725596640,999.8767
1760725596660,999.9811
1760725596680,1000.3966
1760725596699,1000.6784
1760725596719,1000.40216
1760725596739,1000.46436
1760725596760,1000.64484
1760725596780,1000.5752
1760725596799,1000.4325
1760725596819,1000.2556
1760725596839,999.988
1760725596859,999.7061
1760725596880,999.52386
1760725596900,999.314
1760725596920,999.1266
1760725596939,999.02606
1760725596959,998.9536
1760725596979,998.97064
1760725597000,999.02936
1760725597019,999.10876
1760725597039,999.2006
1760725597060,999.09796
1760725597080,999.02905
1760725597100,999.2392
1760725597121,999.60724
1760725597139,999.53326
1760725597159,999.3764
1760725597179,999.66296
1760725597200,1000.15405
1760725597220,999.81006
1760725597240,999.9304
1760725597259,1001.0472
1760725597280,1000.8783
1760725597299,999.8781
1760725597320,999.83997
1760725597340,999.8328
1760725597359,999.7559
1760725597380,999.46783
1760725597399,999.2436
1760725597420,999.0687
1760725597440,998.96344
1760725597462,998.97736
1760725597479,999.0006
1760725597500,998.9264
1760725597520,998.82874
1760725597540,998.84674
1760725597560,998.8
1760725597579,998.78455
1760725597599,998.73987
1760725597619,998.6794
1760725597640,999.2339
1760725597660,999.66736
1760725597680,999.6669
1760725597699,999.51154
1760725597719,999.73346
1760725597739,999.9136
1760725597760,999.84546
1760725597780,1000.09186
1760725597800,1000.4033
1760725597819,1000.63153
1760725597840,1000.58075
1760725597859,1000.35657
1760725597880,1000.27167
1760725597901,1000.4607
1760725597919,1000.5062
1760725597939,1000.51904
1760725597960,1000.4245
1760725597979,1000.2573
1760725598000,999.9284
1760725598020,999.73846
1760725598039,999.6261
1760725598060,999.5436
1760725598080,999.40576
1760725598100,999.28094
1760725598120,999.2117
1760725598139,999.1273
1760725598160,999.1658
1760725598180,999.1884
1760725598199,999.17236
1760725598220,999.26764
1760725598241,999.4317
1760725598260,999.65326
1760725598279,999.673
1760725598299,999.59344
1760725598319,999.6213
1760725598340,999.72797
1760725598360,999.99347
1760725598380,1000.1272
1760725598399,1000.1436
1760725598419,999.9895
1760725598440,999.83044
1760725598461,1000.02295
1760725598479,1000.205
1760725598499,999.822
1760725598519,1000.28564
1760725598540,1000.22455
1760725598560,1000.011
1760725598580,1000.2454
1760725598599,1000.2567
1760725598619,999.993
1760725598641,999.70764
1760725598660,999.5775
1760725598680,999.5205
1760725598700,999.4888
1760725598719,999.4295
1760725598739,999.3703
1760725598759,999.33374
1760725598780,999.33673
1760725598800,999.3497
1760725598819,999.3303
1760725598839,999.2261
1760725598859,999.01434
1760725598879,998.86487
1760725598900,998.94934
1760725598920,999.30096
1760725598939,999.3486
1760725598959,999.64734
1760725598979,999.8176
1760725599000,999.7512
1760725599020,999.8198
1760725599039,1000.1133
1760725599059,1000.5003
1760725599079,1000.7286
1760725599100,1000.8544
1760725599120,1000.9377
1760725599140,1000.9014
1760725599159,1000.6845
1760725599179,1000.433
1760725599199,1000.2656
1760725599219,1000.1806
1760725599240,999.9679
1760725599259,999.79205
1760725599279,999.6647
1760725599299,999.5736
1760725599319,999.51373
1760725599341,999.4272
1760725599360,999.41095
1760725599380,999.39795
1760725599399,999.3253
1760725599420,999.1303
1760725599439,998.8914
1760725599460,998.895
1760725599481,999.1091
1760725599499,999.4764
1760725599519,999.3862
1760725599540,999.2523
1760725599560,999.26624
1760725599580,999.3144
1760725599599,999.46124
1760725599620,999.6384
1760725599640,999.78436
1760725599660,999.71564
1760725599681,999.58624
1760725599700,999.66376
1760725599719,999.78424
1760725599739,999.78796
1760725599759,999.6305
1760725599779,999.2333
1760725599800,999.16797
1760725599819,999.3628
1760725599839,999.65454
1760725599859,1000.4423
1760725599879,1000.4241
1760725599900,999.9994
1760725599920,999.7869
1760725599940,999.7464
1760725599959,999.70624
1760725599979,999.6367
1760725599999,999.57
1760725600020,999.5264
1760725600040,999.47754
1760725600060,999.53174
1760725600081,999.5535
1760725600100,999.5136
1760725600120,999.4469
1760725600140,999.3567
1760725600159,999.3127
1760725600180,999.3081
1760725600199,999.0553
1760725600219,998.9739
1760725600240,999.2018
1760725600260,999.4373
1760725600280,999.3361
1760725600299,999.4264
1760725600319,999.6194
1760725600339,999.8105
1760725600360,1000.08435
1760725600381,1000.28217
1760725600399,1000.4794
1760725600419,1000.52795
1760725600440,1000.4409
1760725600460,1000.5107
1760725600481,1000.6948
1760725600499,1000.8013
1760725600519,1000.78485
1760725600539,1000.6411
1760725600560,1000.52875
1760725600580,1000.39514
1760725600601,1000.22345
1760725600619,1000.1478
1760725600640,1000.0878
1760725600660,1000.0128
1760725600681,999.9495
1760725600700,999.8207
1760725600719,999.6858
1760725600739,999.4869
1760725600759,999.27704
1760725600779,999.2056
1760725600800,999.3271
1760725600820,999.5547
1760725600839,999.73267
1760725600859,999.7575
1760725600880,999.8209
1760725600899,999.8922
1760725600920,999.84564
1760725600940,999.9205
1760725600959,1000.3144
1760725600979,1000.3164
1760725600999,999.89484
1760725601020,1000.2597
1760725601040,1000.5371
1760725601060,1000.2406
1760725601079,1000.5136
1760725601100,999.89453
1760725601120,999.66736
1760725601140,999.7402
1760725601161,999.6252
1760725601181,999.3686
1760725601199,999.2272
1760725601219,999.1972
1760725601240,999.17737
1760725601260,999.21515
1760725601279,999.1384
1760725601299,999.122
1760725601319,999.1347
1760725601340,999.1237
1760725601360,999.10693
1760725601380,999.1518
1760725601399,999.28674
1760725601420,999.08374
1760725601440,999.1442
1760725601460,999.53625
1760725601480,999.5375
1760725601500,999.5811
1760725601519,999.6614
1760725601539,999.72455
1760725601559,999.9377
1760725601581,1000.1021
1760725601600,1000.23834
1760725601619,1000.40125
1760725601640,1000.58514
1760725601660,1000.5028
1760725601682,1000.3739
1760725601700,1000.4924
1760725601720,1000.6847
1760725601739,1000.6756
1760725601759,1000.6175
1760725601779,1000.5464
1760725601800,1000.35596
1760725601820,1000.1578
1760725601839,999.9933
1760725601859,999.8817
1760725601879,999.77893
1760725601899,999.6817
1760725601920,999.5748
1760725601940,999.4609
1760725601959,999.33923
1760725601979,999.2064
1760725601999,999.1291
1760725602019,999.06445
1760725602040,999.10486
1760725602060,999.24963
1760725602079,999.4358
1760725602099,999.4842
1760725602120,999.5964
1760725602140,999.6642
1760725602160,999.7551
1760725602179,999.79016
1760725602199,1000.15424
1760725602219,1000.4394
1760725602239,999.90814
1760725602260,999.87317
1760725602280,1000.92285
1760725602299,1000.5161
1760725602320,1000.65155
1760725602340,1000.2502
1760725602359,1000.02985
1760725602380,1000.1794
1760725602399,1000.0636
1760725602419,999.8328
1760725602440,999.6105
1760725602459,999.4498
1760725602480,999.40424
1760725602500,999.3665
1760725602520,999.24
1760725602539,998.9984
1760725602560,998.92017
1760725602580,998.97125
1760725602600,999.10144
1760725602621,999.03735
1760725602640,998.82654
1760725602660,999.0555
1760725602680,999.77844
1760725602699,999.8028
1760725602720,999.6297
1760725602739,999.5875
1760725602759,999.6242
1760725602779,999.7636
1760725602799,1000.0589
1760725602820,1000.35547
1760725602840,1000.308
1760725602860,1000.1411
1760725602879,1000.2458
1760725602899,1000.27295
1760725602920,1000.3514
1760725602940,1000.5081
1760725602960,1000.4878
1760725602979,1000.2556
1760725602999,1000.03674
1760725603019,999.8881
1760725603039,999.79626
1760725603060,999.8077
1760725603079,999.78845
1760725603099,999.7612
1760725603119,999.64685
1760725603140,999.5186
1760725603160,999.4377
1760725603183,999.34094
1760725603199,999.34924
1760725603219,999.4336
1760725603239,999.6311
1760725603259,999.79315
1760725603280,999.6689
1760725603299,999.6478
1760725603319,999.6819
1760725603339,999.7239
1760725603360,999.8622
1760725603379,1000.42926
1760725603400,1000.5154
1760725603419,999.8148
1760725603439,1001.3225
1760725603459,1000.6694
1760725603479,999.882
1760725603500,1000.0572
1760725603520,1000.2092
1760725603539,1000.1086
1760725603559,999.8033
1760725603580,999.45404
1760725603600,999.3486
1760725603620,999.3605
1760725603639,999.35547
1760725603659,999.29626
1760725603679,999.26263
1760725603699,999.1836
1760725603719,999.1208
1760725603740,999.09705
1760725603759,999.1873
1760725603779,999.2463
1760725603799,999.21936
1760725603820,999.2047
1760725603840,999.2545
1760725603859,999.35516
1760725603879,999.46985
1760725603899,999.6841
1760725603919,999.9981
1760725603940,1000.33203
1760725603960,1000.3651
1760725603979,1000.34204
1760725603999,1000.41705
1760725604019,1000.5108
1760725604040,1000.41705
1760725604060,1000.3773
1760725604080,1000.2569
1760725604099,1000.28326
1760725604119,1000.4725
1760725604140,1000.57294
1760725604160,1000.4327
1760725604180,1000.14703
1760725604199,999.9383
1760725604219,999.6658
1760725604239,999.483
1760725604260,999.45844
1760725604280,999.5753
1760725604300,999.7224
1760725604319,999.8073
1760725604339,999.8978
1760725604359,1000.0041
1760725604380,1000.47565
1760725604400,1001.1408
1760725604419,1001.4889
1760725604439,1001.6763
1760725604459,1001.90814
1760725604479,1002.0612
1760725604501,1002.03754
1760725604520,1001.85956
1760725604540,1001.6188
1760725604560,1001.0864
1760725604580,1000.2573
1760725604600,999.6211
1760725604620,999.5658
1760725604640,999.22906
1760725604659,998.88544
1760725604680,998.9402
1760725604699,998.84766
1760725604719,998.66205
1760725604740,998.6013
1760725604759,998.59235
1760725604779,998.72107
1760725604799,999.02765
1760725604820,999.16064
1760725604840,999.2438
1760725604860,999.29987
1760725604879,999.3503
1760725604899,999.4531
1760725604919,999.4828
1760725604939,999.47705
1760725604960,999.52844
1760725604979,999.4881
1760725604999,999.46204
1760725605019,999.3823
1760725605039,999.3708
1760725605060,999.4549
1760725605081,999.81396
1760725605099,1000.0469
1760725605120,999.89484
1760725605140,999.71173
1760725605160,999.59827
1760725605181,999.5307
1760725605199,999.66516
1760725605219,999.90906
1760725605239,1000.20575
1760725605259,1000.2034
1760725605280,1000.28577
1760725605301,1000.4761
1760725605319,1000.4387
1760725605339,1000.3325
1760725605359,1000.21466
1760725605380,1000.13934
1760725605400,999.9377
1760725605421,999.752
1760725605439,999.6208
1760725605459,999.48346
1760725605479,999.4153
1760725605500,999.4308
1760725605521,999.4677
1760725605540,999.46783
1760725605559,999.6227
1760725605579,999.72266
1760725605600,999.733
1760725605620,999.70123
1760725605640,999.65735
1760725605659,999.6905
1760725605679,999.70764
1760725605699,999.70483
1760725605719,999.6156
1760725605740,999.6766
1760725605760,999.89716
1760725605779,1000.1731
1760725605799,1000.6139
1760725605820,1000.54706
1760725605840,1000.08374
1760725605860,1000.53925
1760725605879,1000.805
1760725605899,1000.6766
1760725605920,1000.6153
1760725605940,1000.14874
1760725605960,999.89545
1760725605981,999.9364
1760725605999,999.7514
1760725606020,999.6047
1760725606039,999.4908
1760725606060,999.46515
1760725606080,999.48846
1760725606100,999.46857
1760725606119,999.4442
1760725606140,999.32935
1760725606160,999.2656
1760725606180,999.34
1760725606200,999.2455
1760725606219,999.01935
1760725606239,998.9811
1760725606259,999.33594
1760725606279,999.39905
1760725606300,999.4184
1760725606320,999.5747
1760725606339,999.5461
1760725606359,999.7559
1760725606379,1000.07404
1760725606400,1000.46295
1760725606420,1000.6107
1760725606439,1000.66425
1760725606459,1000.7584
1760725606480,1000.9319
1760725606500,1000.9367
1760725606520,1000.6383
1760725606540,1000.48016
1760725606559,1000.3142
1760725606579,1000.1155
1760725606599,999.96643
1760725606620,999.85596
1760725606640,999.776
1760725606660,999.6783
1760725606679,999.6234
1760725606700,999.59076
1760725606719,999.5461
1760725606739,999.53577
1760725606760,999.52673
1760725606779,999.5786
1760725606799,999.7567
1760725606819,999.8791
1760725606839,999.85846
1760725606860,999.82184
1760725606880,999.86615
1760725606899,1000.3002
1760725606919,1000.8611
1760725606939,1000.6903
1760725606960,1000.0311
1760725606980,1001.4819
1760725606999,1001.2466
1760725607019,1000.3775
1760725607039,1000.39905
1760725607059,1000.5689
1760725607080,1000.54
1760725607101,1000.1525
1760725607119,999.815
1760725607140,999.60046
1760725607159,999.52014
1760725607180,999.46564
1760725607200,999.40546
1760725607219,999.33936
1760725607239,999.2614
1760725607259,999.2394
1760725607279,999.32
1760725607300,999.22516
1760725607320,999.00684
1760725607339,999.27765
1760725607360,999.53564
1760725607379,999.7625
1760725607400,999.8572
1760725607420,999.77893
1760725607440,999.9714
1760725607460,1000.54205
1760725607479,1000.8828
1760725607499,1000.83966
1760725607520,1000.58826
1760725607540,1000.3839
1760725607559,1000.2391
1760725607579,1000.28107
1760725607599,1000.3592
1760725607620,1000.27704
1760725607641,1000.1403
1760725607660,999.97595
1760725607679,999.8206
1760725607700,999.6808
1760725607719,999.5606
1760725607739,999.3805
1760725607760,999.2442
1760725607779,999.13983
1760725607799,999.118
1760725607819,999.14514
1760725607840,999.3317
1760725607859,999.7596
1760725607880,999.9881
1760725607899,999.8778
1760725607919,999.6939
1760725607940,999.4628
1760725607960,999.4358
1760725607980,999.8554
1760725608001,1000.49396
1760725608020,1000.1862
1760725608039,999.8761
1760725608060,1000.6428
1760725608080,1001.28516
1760725608100,1000.7587
1760725608119,1000.33923
1760725608140,1000.40436
1760725608159,1000.3169
1760725608180,1000.10187
1760725608200,999.8664
1760725608220,999.73627
1760725608239,999.71893
1760725608259,999.6108
1760725608279,999.5081
1760725608300,999.4739
1760725608321,999.41077
1760725608339,999.2422
1760725608359,999.1953
1760725608379,999.4003
1760725608400,999.4375
1760725608420,999.2202
1760725608440,999.19696
1760725608460,999.64374
1760725608480,999.71936
1760725608499,999.65405
1760725608520,999.7247
1760725608540,999.7498
1760725608561,999.7088
1760725608579,999.8922
1760725608599,1000.3044
1760725608620,1000.4122
1760725608640,1000.6579
1760725608661,1001.1582
1760725608679,1001.14966
1760725608701,1000.9994
1760725608719,1000.9542
1760725608739,1000.8638
1760725608767,1000.67645
1760725608780,1000.52563
1760725608800,1000.40094
1760725608819,1000.3097
1760725608839,1000.14624
1760725608859,999.9437
1760725608880,999.8065
1760725608899,999.72217
1760725608919,999.74
1760725608940,999.7355
1760725608959,999.7377
1760725608980,999.73236
1760725609000,999.7289
1760725609019,999.7645
1760725609040,999.7739
1760725609059,999.795
1760725609080,999.78094
1760725609100,1000.1344
1760725609121,1000.33575
1760725609139,999.83575
1760725609160,999.8756
1760725609180,1001.36487
1760725609202,1001.0521
1760725609220,1000.1892
1760725609239,1000.1211
1760725609259,1000.34607
1760725609279,1000.4283
1760725609299,1000.0758
1760725609319,999.7552
1760725609340,999.5985
1760725609360,999.65186
1760725609380,999.77045
1760725609399,999.6892
1760725609419,999.6069
1760725609440,999.48096
1760725609459,999.3669
1760725609479,999.30237
1760725609499,999.3936
1760725609520,999.40704
1760725609540,999.4276
1760725609560,999.31793
1760725609579,999.3975
1760725609601,999.5717
1760725609620,999.39874
1760725609640,999.27423
1760725609660,999.5202
1760725609681,999.60126
1760725609700,999.6944
1760725609719,1000.1672
1760725609739,1000.5239
1760725609759,1000.66064
1760725609780,1000.76624
1760725609799,1000.84296
1760725609819,1000.76654
1760725609839,1000.84625
1760725609859,1000.84265
1760725609880,1000.695
1760725609901,1000.4235
1760725609919,1000.2314
1760725609939,1000.0439
1760725609959,1000.0053
1760725609979,1000.0339
1760725610000,1000.12714
1760725610019,1000.1694
1760725610040,1000.1489
1760725610059,1000.09467
1760725610080,999.96234
1760725610100,999.7917
1760725610120,999.6851
1760725610140,999.60297
1760725610159,999.6058
1760725610179,999.7103
1760725610200,999.8611
1760725610220,1000.0086
1760725610240,1000.03546
1760725610260,999.9448
1760725610279,999.94
1760725610299,1000.03577
1760725610320,1000.4099
1760725610340,1000.9911
1760725610361,1000.77466
1760725610379,1000.4359
1760725610399,1001.32983
1760725610419,1001.57404
1760725610440,1000.918
1760725610460,1000.70306
1760725610479,1000.20044
1760725610500,1000.257
1760725610519,1000.0706
1760725610540,999.72284
1760725610560,999.5364
1760725610579,999.4878
1760725610600,999.5658
1760725610620,999.6194
1760725610640,999.6805
1760725610661,999.6186
1760725610680,999.5573
1760725610699,999.5225
1760725610719,999.5456
1760725610739,999.6294
1760725610759,999.57684
1760725610780,999.4592
1760725610800,999.36
1760725610819,999.3092
1760725610839,999.28345
1760725610859,999.21173
1760725610880,999.3079
1760725610900,999.7419
1760725610919,999.6139
1760725610939,999.4989
1760725610959,999.4412
1760725610979,999.5675
1760725611000,999.71454
1760725611020,1000.17194
1760725611039,1000.40533
1760725611059,1000.33716
1760725611079,1000.39
1760725611100,1000.3723
1760725611120,1000.3242
1760725611139,1000.3169
1760725611159,1000.41064
1760725611179,1000.4808
1760725611200,1000.4334
1760725611220,1000.2548
1760725611240,1000.1081
1760725611259,1000.0458
1760725611279,1000.0623
1760725611299,1000.0669
1760725611320,1000.09326
1760725611340,1000.08154
1760725611360,1000.04767
1760725611379,999.90344
1760725611399,999.7517
1760725611419,999.58075
1760725611439,999.4828
1760725611460,999.4485
1760725611479,999.4972
1760725611499,999.745
1760725611520,999.83716
1760725611540,999.8797
1760725611560,999.8989
1760725611580,999.8259
1760725611600,999.8766
1760725611620,999.9959
1760725611640,1000.34436
1760725611660,1000.95
1760725611680,1000.4526
1760725611699,1000.1997
1760725611719,1001.58234
1760725611739,1001.34546
1760725611759,1000.8214
1760725611779,1000.8159
1760725611800,1000.4428
1760725611819,1000.3645
1760725611839,1000.22424
1760725611859,999.96564
1760725611882,999.83905
1760725611899,999.87366
1760725611920,999.8948
1760725611939,999.9348
1760725611959,999.8773
1760725611979,999.79407
1760725612000,999.7204
1760725612028,999.79987
1760725612050,999.90784
1760725612091,1000.02905
1760725612110,999.97797
1760725612131,999.97845
1760725612151,999.8375
1760725612171,999.71936
1760725612191,999.79065
1760725612211,999.8609
1760725612231,999.73846
1760725612252,999.7913
1760725612272,999.8291
1760725612291,999.84314
1760725612311,1000.0725
1760725612331,1000.1912
1760725612351,1000.3028
1760725612372,1000.29095
1760725612391,1000.3038
1760725612411,1000.3528
1760725612431,1000.2886
1760725612451,1000.26733
1760725612472,1000.4264
1760725612492,1000.5658
1760725612511,1000.4352
1760725612531,1000.1984
1760725612551,1000.0039
1760725612572,999.90765
1760725612592,999.91406
1760725612613,1000.0049
1760725612631,1000.0662
1760725612651,1000.15607
1760725612671,1000.22705
1760725612692,1000.2128
1760725612712,1000.16736
1760725612731,1000.1086
1760725612752,999.9536
1760725612771,999.88904
1760725612793,999.85
1760725612812,999.84906
1760725612832,999.8225
1760725612853,999.7878
1760725612871,999.72656
1760725612891,999.6873
1760725612912,999.65314
1760725612931,999.66797
1760725612951,999.78217
1760725612972,999.9423
1760725612991,1000.03284
1760725613011,999.96173
1760725613032,1000.06744
1760725613052,1000.3968
1760725613071,1000.8006
1760725613091,1000.3617
1760725613111,1000.21954
1760725613131,1001.29
1760725613152,1001.2464
1760725613172,1000.85126
1760725613192,1000.71606
1760725613211,1000.2522
1760725613231,1000.21344
1760725613252,1000.21405
1760725613272,999.9966
1760725613291,999.8016
1760725613311,999.7439
1760725613331,999.6367
1760725613351,999.6309
1760725613372,999.6863
1760725613392,999.71515
1760725613411,999.6822
1760725613431,999.6783
1760725613451,999.63
1760725613471,999.65607
1760725613492,999.76044
1760725613511,999.72156
1760725613531,999.59216
1760725613551,999.45935
1760725613571,999.2533
1760725613591,999.1381
1760725613611,999.6431
1760725613631,1000.09576
1760725613651,999.942
1760725613671,999.60187
1760725613691,999.57684
1760725613711,999.8407
1760725613732,1000.40027
1760725613751,1000.4861
1760725613771,1000.6945
1760725613791,1001.06903
1760725613811,1001.09406
1760725613832,1000.73773
1760725613851,1000.59216
1760725613872,1000.5553
1760725613891,1000.6216
1760725613911,1000.5264
1760725613932,1000.5117
1760725613952,1000.53986
1760725613971,1000.567
1760725613991,1000.572
1760725614011,1000.52814
1760725614032,1000.52
1760725614052,1000.4588
1760725614071,1000.28687
1760725614091,1000.09155
1760725614111,999.8633
1760725614132,999.7061
1760725614152,999.8231
1760725614172,1000.0529
1760725614191,1000.4267
1760725614211,1000.51843
1760725614231,1000.41437
1760725614252,1000.6237
1760725614272,1001.0481
1760725614292,1001.26654
1760725614311,1000.4886
1760725614332,1000.54626
1760725614351,1001.33575
1760725614372,1000.545
1760725614392,999.976
1760725614412,999.683
1760725614431,999.6384
1760725614452,999.6862
1760725614472,999.7972
1760725614492,999.70685
1760725614513,999.6958
1760725614532,999.7463
1760725614551,999.8783
1760725614572,999.7494
1760725614592,999.7378
1760725614612,999.7322
1760725614631,999.83453
1760725614651,999.8845
1760725614671,999.9284
1760725614691,999.92017
1760725614712,999.8325
1760725614733,999.7761
1760725614751,999.78986
1760725614771,1000.1028
1760725614791,1000.46063
1760725614812,1000.40234
1760725614831,1000.1711
1760725614852,1000.14154
1760725614871,1000.01544
1760725614891,999.78674
1760725614911,999.5519
1760725614932,999.40765
1760725614952,999.4309
1760725614972,999.5156
1760725614991,999.65076
1760725615012,999.8978
1760725615032,1000.1692
1760725615051,1000.33435
1760725615072,1000.3515
1760725615091,1000.3331
1760725615111,1000.27594
1760725615131,1000.2369
1760725615152,1000.1586
1760725615172,1000.09326
1760725615191,1000.0722
1760725615212,1000.0541
1760725615231,1000.0636
1760725615251,1000.10016
1760725615272,1000.0791
1760725615292,1000.10077
1760725615311,1000.1858
1760725615331,1000.28326
1760725615351,1000.41876
1760725615371,1000.6962
1760725615392,1001.10754
1760725615412,1001.379
1760725615431,1001.6639
1760725615451,1001.8097
1760725615472,1001.8217
1760725615492,1001.6916
1760725615512,1001.31805
1760725615531,1001.0062
1760725615551,1000.79626
1760725615571,1000.1375
1760725615592,999.72705
1760725615612,999.89124
1760725615632,999.8278
1760725615651,999.69653
1760725615671,999.6833
1760725615692,999.4506
1760725615712,999.1903
1760725615732,999.08826
1760725615751,999.1252
1760725615771,999.302
1760725615791,999.4245
1760725615812,999.5197
1760725615832,999.6169
1760725615852,999.7324
1760725615871,999.77234
1760725615891,999.7956
1760725615911,999.82935
1760725615932,999.95013
1760725615952,999.96484
1760725615972,999.92017
1760725615991,999.84265
1760725616011,999.78406
1760725616032,999.7576
1760725616052,999.7472
1760725616072,999.83936
1760725616091,999.8706
1760725616111,999.8131
1760725616131,999.9764
1760725616152,1000.08765
1760725616172,999.9579
1760725616193,999.84595
1760725616211,999.84436
1760725616231,999.595
1760725616251,999.45184
1760725616272,999.6961
1760725616292,999.8778
1760725616311,999.8781
1760725616331,999.88983
1760725616351,1000.1245
1760725616371,1000.41876
1760725616391,1000.5644
1760725616412,1000.3274
1760725616431,1000.0728
1760725616451,999.91455
1760725616471,999.8094
1760725616492,999.77893
1760725616512,999.709
1760725616532,999.5983
1760725616551,999.4981
1760725616571,999.4423
1760725616591,999.47174
1760725616612,999.5636
1760725616632,999.69476
1760725616652,999.8695
1760725616671,1000.0122
1760725616691,1000.14014
1760725616712,1000.1958
1760725616732,1000.25555
1760725616753,1000.3224
1760725616772,1000.48016
1760725616791,1000.6353
1760725616811,1000.7753
1760725616832,1000.79
1760725616852,1000.7585
1760725616871,1000.60596
1760725616891,1000.5031
1760725616911,1000.3794
1760725616931,1000.2427
1760725616952,1000.09076
1760725616972,999.9721
1760725616991,999.90265
1760725617011,1000.02606
1760725617031,1000.14905
1760725617052,1000.40125
1760725617072,1000.34875
1760725617092,1000.4478
1760725617112,1000.7955
1760725617132,1001.0595
1760725617152,1000.97437
1760725617172,1000.7861
1760725617192,1000.3864
1760725617211,1000.2686
1760725617232,1000.4003
1760725617251,1000.3237
1760725617271,1000.0822
1760725617292,999.9739
1760725617312,999.9837
1760725617332,1000.02435
1760725617351,999.9924
1760725617371,999.97015
1760725617391,999.9309
1760725617412,999.8711
1760725617431,999.89124
1760725617452,999.8663
1760725617471,999.7889
1760725617492,999.77014
1760725617512,999.682
1760725617532,999.5011
1760725617552,999.46545
1760725617571,999.54846
1760725617591,999.715
1760725617611,1000.04877
1760725617632,1000.1241
1760725617653,999.88983
1760725617671,999.8781
1760725617691,999.818
1760725617711,999.78174
1760725617732,1000.0297
1760725617752,1000.1022
1760725617771,1000.1856
1760725617791,1000.5503
1760725617811,1000.6951
1760725617831,1000.76154
1760725617852,1001.22736
1760725617872,1001.1675
1760725617891,1000.9497
1760725617911,1000.8283
1760725617931,1000.8292
1760725617952,1000.8641
1760725617972,1000.7559
1760725617992,1000.637
1760725618011,1000.54736
1760725618031,1000.3022
1760725618052,1000.0711
1760725618072,999.93164
1760725618093,999.846
1760725618111,999.83484
1760725618131,999.79346
1760725618151,999.6758
1760725618172,999.5378
1760725618192,999.5192
1760725618212,999.5955
1760725618231,999.7367
1760725618251,999.95264
1760725618271,999.85016
1760725618292,999.7514
1760725618312,999.95856
1760725618332,1000.063
1760725618351,1000.08905
1760725618371,1000.23236
1760725618392,1000.34393
1760725618413,1000.4068
1760725618432,1000.35925
1760725618453,1000.4445
1760725618471,1000.6409
1760725618492,1000.71533
1760725618513,1000.3906
1760725618532,1000.82
1760725618552,1000.40063
1760725618571,1000.3214
1760725618592,1000.46954
1760725618612,1000.6014
1760725618632,1000.659
1760725618653,1000.6026
1760725618672,1000.2456
1760725618691,1000.0422
1760725618711,1000.08405
1760725618732,1000.1046
1760725618752,1000.13654
1760725618772,1000.24414
1760725618791,1000.28485
1760725618812,1000.3261
1760725618832,1000.3967
1760725618852,1000.436
1760725618873,1000.4481
1760725618891,1000.40125
1760725618911,1000.3497
1760725618931,1000.32
1760725618952,1000.27216
1760725618973,1000.2008
1760725618992,1000.1472
1760725619012,1000.1262
1760725619032,1000.1284
1760725619052,1000.1047
1760725619072,1000.09216
1760725619092,1000.0836
1760725619111,1000.1258
1760725619131,1000.1025
1760725619152,1000.14044
1760725619172,1000.22736
1760725619192,1000.24835
1760725619212,1000.18304
1760725619231,1000.1372
1760725619251,1000.0495
1760725619271,999.89655
1760725619293,999.77844
1760725619312,999.8073
1760725619332,999.6852
1760725619351,999.59235
1760725619371,999.5723
1760725619391,999.5214
1760725619412,999.4786
1760725619432,999.46356
1760725619452,999.47345
1760725619471,999.59656
1760725619491,999.7572
1760725619512,1000.0214
1760725619532,1000.3321
1760725619552,1000.459
1760725619571,1000.39294
1760725619591,1000.6125
1760725619611,1000.8747
1760725619632,1001.0158
1760725619652,1001.1237
1760725619672,1001.12
1760725619691,1001.0641
1760725619712,1001.0016
1760725619732,1000.9266
1760725619752,1000.9342
1760725619772,1000.9373
1760725619791,1000.89124
1760725619811,1000.78467
1760725619831,1000.6981
1760725619852,1000.6128
1760725619872,1000.47894
1760725619892,1000.375
1760725619911,1000.26764
1760725619931,1000.1725
1760725619952,1000.1303
1760725619972,1000.2495
1760725619992,1000.4649
1760725620012,1000.5683
1760725620031,1000.6306
1760725620051,1000.70795
1760725620072,1000.5602
1760725620092,1000.3841
1760725620112,1000.4241
1760725620131,1000.435
1760725620151,1000.3659
1760725620172,1000.52313
1760725620192,1000.54626
1760725620212,1000.6326
1760725620232,1001.2009
1760725620251,1000.46906
1760725620272,1000.0753
1760725620292,1000.02576
1760725620312,1000.1222
1760725620332,1000.0708
1760725620351,999.83325
1760725620371,999.507
1760725620391,999.21674
1760725620411,999.0831
1760725620432,999.15173
1760725620452,999.381
1760725620471,999.6347
1760725620492,999.85095
1760725620511,999.96
1760725620532,999.8893
1760725620552,999.76245
1760725620572,999.7017
1760725620591,999.72876
1760725620613,999.8571
1760725620631,1000.02295
1760725620652,1000.1883
1760725620672,1000.23346
1760725620691,1000.26794
1760725620711,1000.2551
1760725620731,1000.19
1760725620752,1000.10736
1760725620772,1000.017
1760725620792,999.9822
1760725620812,999.9533
1760725620831,999.97266
1760725620852,999.9495
1760725620872,999.8811
1760725620893,999.7661
1760725620912,999.6408
1760725620931,999.5436
1760725620951,999.45514
1760725620972,999.4445
1760725620992,999.54
1760725621012,999.6312
1760725621032,999.8826
1760725621051,1000.21185
1760725621072,1000.33295
1760725621092,1000.32654
1760725621112,1000.33185
1760725621131,1000.3811
1760725621152,1000.508
1760725621172,1000.46515
1760725621192,1000.3561
1760725621211,1000.3088
1760725621233,1000.272
1760725621251,1000.15576
1760725621271,999.96765
1760725621291,999.78217
1760725621312,999.688
1760725621332,999.774
1760725621352,999.99
1760725621372,1000.1064
1760725621391,1000.1331
1760725621411,1000.2
1760725621431,1000.15924
1760725621453,1000.2261
1760725621471,1000.5108
1760725621491,1000.3769
1760725621511,999.9392
1760725621532,1001.4447
1760725621553,1001.5039
1760725621572,1001.3748
1760725621591,1000.9242
1760725621613,1000.185
1760725621631,1000.03534
1760725621652,1000.0534
1760725621672,1000.0023
1760725621691,999.96893
1760725621712,999.9183
1760725621731,999.9361
1760725621751,999.938
1760725621772,999.8849
1760725621793,999.9378
1760725621811,1000.04065
1760725621832,1000.04205
1760725621852,999.96094
1760725621872,999.8698
1760725621892,999.97217
1760725621911,1000.4317
1760725621931,1000.03125
1760725621951,999.5517
1760725621971,999.6275
1760725621992,1000.03326
1760725622012,1000.3615
1760725622031,1000.28577
1760725622051,1000.1936
1760725622071,1000.46155
1760725622092,1000.8077
1760725622113,1000.8695
1760725622132,1001.0229
1760725622151,1001.1944
1760725622172,1000.9455
1760725622191,1000.97205
1760725622212,1001.0557
1760725622232,1000.91437
1760725622251,1000.7086
1760725622272,1000.5097
1760725622292,1000.39264
1760725622311,1000.20593
1760725622332,1000.0641
1760725622351,1000.0156
1760725622371,999.91766
1760725622391,999.8572
1760725622411,999.8172
1760725622431,999.82684
1760725622452,999.7994
1760725622471,999.78076
1760725622491,999.855
1760725622511,1000.16565
1760725622531,1000.0538
1760725622552,999.96173
1760725622573,999.8793
1760725622592,999.72314
1760725622611,999.66956
1760725622631,1000.09045
1760725622651,1000.4244
1760725622672,1000.02563
1760725622693,1000.7519
1760725622711,1002.07623
1760725622731,1001.09155
1760725622751,1000.33466
1760725622772,1000.3889
1760725622792,1000.7639
1760725622811,1000.6752
1760725622831,1000.29126
1760725622851,1000.063
1760725622872,999.9284
1760725622892,999.94403
1760725622912,999.9294
1760725622932,999.9341
1760725622951,999.8722
1760725622971,999.8189
1760725622991,999.805
1760725623012,999.887
1760725623031,1000.14
1760725623052,1000.4856
1760725623071,999.9497
1760725623091,999.5811
1760725623112,999.8383
1760725623132,1000.21295
1760725623152,1000.4292
1760725623171,1000.28326
1760725623191,1000.2008
1760725623212,1000.308
1760725623232,1000.8042
1760725623253,1000.8575
1760725623272,1000.65955
1760725623292,1000.52405
1760725623311,1000.34357
1760725623332,1000.44867
1760725623353,1000.7825
1760725623372,1000.97156
1760725623391,1001.06
1760725623411,1000.9419
1760725623431,1000.75653
1760725623452,1000.6646
1760725623472,1000.61053
1760725623491,1000.5611
1760725623511,1000.5022
1760725623532,1000.3736
1760725623552,1000.3016
1760725623575,1000.14703
1760725623591,1000.01
1760725623612,999.9911
1760725623631,1000.0828
1760725623651,1000.13544
1760725623672,1000.2237
1760725623692,1000.22064
1760725623712,1000.15344
1760725623731,1000.1486
1760725623751,1000.1408
1760725623772,1000.1611
1760725623792,1000.3209
1760725623812,1000.6222
1760725623831,1000.4197
1760725623851,999.8028
1760725623872,1000.5117
1760725623892,1001.7573
1760725623912,1000.28217
1760725623931,1000.07935
1760725623951,1000.1478
1760725623971,1000.5056
1760725623992,1000.6409
1760725624012,1000.2983
1760725624033,999.97565
1760725624051,999.89874
1760725624071,999.97565
1760725624092,1000.08075
1760725624112,1000.03156
1760725624132,999.97784
1760725624151,999.90546
1760725624171,999.97375
1760725624192,1000.1105
1760725624212,1000.242
1760725624232,1000.2979
1760725624252,1000.2493
1760725624271,1000.1756
1760725624291,999.96747
1760725624311,999.85767
1760725624332,999.78284
1760725624352,999.838
1760725624372,1000.2081
1760725624391,1000.55
1760725624412,1000.35565
1760725624432,1000.2623
1760725624452,1000.1369
1760725624472,1000.03876
1760725624491,999.81
1760725624511,1000.02374
1760725624532,1000.2966
1760725624552,1000.3847
1760725624572,1000.53986
1760725624592,1000.7027
1760725624612,1000.8059
1760725624632,1000.84906
1760725624651,1001.02484
1760725624672,1001.1042
1760725624692,1000.9964
1760725624711,1000.6862
1760725624732,1000.46234
1760725624751,1000.3756
1760725624771,1000.2972
1760725624793,1000.2541
1760725624812,1000.2441
1760725624832,1000.22125
1760725624851,1000.1989
1760725624871,1000.1364
1760725624891,1000.0781
1760725624912,999.9156
1760725624932,999.7219
1760725624951,999.6308
1760725624971,999.5756
1760725624992,999.76654
1760725625012,999.9277
1760725625032,1000.06573
1760725625051,1000.1791
1760725625072,1000.2114
1760725625091,1000.17487
1760725625112,1000.3053
1760725625132,1000.87683
1760725625152,1000.4894
1760725625172,1000.0006
1760725625191,1001.7322
1760725625212,1001.6906
1760725625232,1000.86914
1760725625252,1000.90375
1760725625271,1000.6133
1760725625291,1000.5042
1760725625311,1000.4323
1760725625332,1000.1998
1760725625352,999.92206
1760725625372,999.7328
1760725625392,999.77893
1760725625411,1000.02484
1760725625431,1000.1206
1760725625452,1000.1802
1760725625472,1000.175
1760725625493,1000.25336
1760725625512,1000.3639
1760725625531,1000.5681
1760725625551,1000.8237
1760725625572,1000.47015
1760725625592,1000.0723
1760725625611,999.82904
1760725625631,999.7367
1760725625651,999.7569
1760725625672,999.7261
1760725625691,999.6061
1760725625712,999.72186
1760725625731,999.7492
1760725625751,999.7861
1760725625772,1000.09326
1760725625792,1000.47296
1760725625812,1000.7508
1760725625831,1000.89795
1760725625852,1000.9416
1760725625871,1000.7498
1760725625892,1000.52966
1760725625912,1000.65826
1760725625932,1000.80853
1760725625952,1000.77655
1760725625972,1000.6364
1760725625991,1000.5236
1760725626012,1000.51404
1760725626032,1000.6334
1760725626052,1000.7817
1760725626072,1000.8741
1760725626091,1000.96735
1760725626112,1001.02826
1760725626132,1000.9875
1760725626152,1000.8256
1760725626171,1000.6978
1760725626191,1000.4956
1760725626212,1000.28467
1760725626232,1000.068
1760725626252,1000.0078
1760725626272,1000.1834
1760725626292,1000.3503
1760725626311,1000.3094
1760725626331,1000.3033
1760725626352,1000.2969
1760725626372,1000.3745
1760725626391,1000.4987
1760725626412,1000.57935
1760725626431,1000.64264
1760725626451,1000.8578
1760725626472,1000.84686
1760725626492,1000.5226
1760725626511,1000.76263
1760725626531,1000.8691
1760725626552,1000.65906
1760725626572,1000.22235
1760725626592,1000.3198
1760725626612,1000.33154
1760725626632,1000.26013
1760725626652,1000.22375
1760725626672,1000.0825
1760725626692,1000.02496
1760725626712,1000.03125
1760725626731,1000.1122
1760725626752,1000.1284
1760725626771,1000.09357
1760725626792,1000.04407
1760725626812,1000.03436
1760725626833,999.9929
1760725626851,1000.0097
1760725626871,1000.0711
1760725626891,1000.0489
1760725626912,999.85547
1760725626932,999.8208
1760725626951,1000.3597
1760725626971,1000.0408
1760725626991,999.58856
1760725627011,999.76953
1760725627032,1000.5471
1760725627052,1000.7564
1760725627071,1000.6188
1760725627091,1000.65405
1760725627111,1000.7908
1760725627132,1000.7955
1760725627152,1000.44794
1760725627172,1000.3584
1760725627191,1000.5189
1760725627211,1000.45374
1760725627231,1000.34094
1760725627252,1000.15735
1760725627272,1000.0915
1760725627291,1000.1661
1760725627311,1000.3558
1760725627331,1000.5538
1760725627351,1000.7236
1760725627372,1000.76904
1760725627392,1000.78357
1760725627411,1000.83936
1760725627431,1000.9089
1760725627451,1000.97156
1760725627472,1001.14374
1760725627492,1001.4581
1760725627511,1001.59174
1760725627531,1001.7971
1760725627552,1001.8542
1760725627572,1001.9455
1760725627592,1001.86664
1760725627613,1001.2552
1760725627631,1000.9175
1760725627651,1000.78217
1760725627671,999.83484
1760725627692,999.4945
1760725627712,999.9432
1760725627732,999.4958
1760725627751,999.1436
1760725627772,999.39764
1760725627791,999.41846
1760725627812,999.26733
1760725627832,999.4387
1760725627852,999.71234
1760725627871,1000.0566
1760725627893,1000.2559
1760725627911,1000.2487
1760725627932,1000.29614
1760725627952,1000.2994
1760725627972,1000.28156
1760725627991,1000.26843
1760725628011,1000.3022
1760725628032,1000.3022
1760725628052,1000.24664
1760725628073,1000.1923
1760725628092,1000.15076
1760725628111,1000.02264
1760725628132,1000.2045
1760725628152,1000.4599
1760725628172,1000.39136
1760725628191,1000.2336
1760725628211,1000.0078
1760725628231,999.88
1760725628253,999.7717
1760725628272,999.72095
1760725628292,999.77124
1760725628312,999.8801
1760725628332,1000.1997
1760725628353,1000.6622
1760725628372,1000.96783
1760725628392,1000.96326
1760725628412,1000.84937
1760725628431,1000.7
1760725628452,1000.58044
1760725628472,1000.53705
1760725628491,1000.46625
1760725628512,1000.4278
1760725628531,1000.28143
1760725628551,1000.20233
1760725628571,1000.1889
1760725628592,1000.2364
1760725628612,1000.34344
1760725628633,1000.4383
1760725628652,1000.45294
1760725628672,1000.4464
1760725628691,1000.58014
1760725628711,1000.7587
1760725628732,1000.8544
1760725628751,1000.46436
1760725628771,1000.15234
1760725628791,1000.3137
1760725628811,1000.15515
1760725628832,999.87415
1760725628853,999.8459
1760725628872,999.9817
1760725628891,1000.0678
1760725628911,1000.1428
1760725628932,1000.18
1760725628951,1000.11346
1760725628972,1000.0494
1760725628992,1000.1951
1760725629011,1000.38
1760725629032,1000.4469
1760725629052,1000.4217
1760725629072,1000.45404
1760725629092,1000.51434
1760725629111,1000.48975
1760725629131,1000.48065
1760725629152,1000.47076
1760725629172,1000.563
1760725629192,1000.56903
1760725629212,1000.46655
1760725629231,1000.3286
1760725629251,1000.0619
1760725629272,999.942
1760725629292,999.7877
1760725629311,999.8248
1760725629331,1000.29266
1760725629351,1000.58923
1760725629371,1000.67236
1760725629391,1000.57764
1760725629413,1000.41547
1760725629431,1000.2469
1760725629451,1000.2009
1760725629472,1000.4761
1760725629492,1000.9839
1760725629512,1001.2526
1760725629531,1001.3067
1760725629552,1001.3033
1760725629571,1001.2456
1760725629591,1001.1731
1760725629612,1001.0702
1760725629632,1001.04425
1760725629652,1001.02997
1760725629671,1000.85455
1760725629691,1000.6978
1760725629712,1000.5637
1760725629732,1000.54346
1760725629752,1000.4504
1760725629771,1000.35986
1760725629791,1000.2692
1760725629811,1000.1403
1760725629833,1000.0578
1760725629852,999.9567
1760725629872,999.8102
1760725629891,999.7667
1760725629911,999.83856
1760725629932,1000.1114
1760725629952,1000.1817
1760725629973,1000.1451
1760725629991,1000.22845
1760725630011,1000.28265
1760725630031,1000.17377
1760725630052,1000.0708
1760725630072,1000.1836
1760725630091,1000.58655
1760725630112,1000.9225
1760725630131,1000.66846
1760725630152,1000.6144
1760725630172,1001.2692
1760725630192,1001.2344
1760725630211,1000.8175
1760725630231,1000.28186
1760725630252,1000.28235
1760725630272,1000.5031
1760725630292,1000.6409
1760725630312,1000.3751
1760725630333,1000.15076
1760725630351,1000.09607
1760725630371,1000.1761
1760725630392,1000.24677
1760725630412,1000.1854
1760725630431,1000.14154
1760725630451,1000.1233
1760725630471,1000.20984
1760725630492,1000.36
1760725630512,1000.6092
1760725630532,1000.6282
1760725630551,1000.21545
1760725630572,999.85065
1760725630591,1000.0616
1760725630612,999.82544
1760725630632,999.84515
1760725630652,1000.0697
1760725630671,1000.0067
1760725630692,1000.23846
1760725630711,1000.33295
1760725630732,1000.4092
1760725630752,1000.61896
1760725630771,1000.9316
1760725630791,1000.9858
1760725630811,1000.9772
1760725630832,1001.16064
1760725630852,1001.25183
1760725630872,1001.3218
1760725630891,1001.26953
1760725630911,1001.1339
1760725630931,1000.96533
1760725630952,1000.8287
1760725630972,1000.7159
1760725630991,1000.58075
1760725631011,1000.4958
1760725631031,1000.35205
1760725631051,1000.1744
1760725631072,1000.0747
1760725631092,999.9831
1760725631111,999.95514
1760725631132,999.8675
1760725631151,999.7289
1760725631172,999.6624
1760725631193,999.83826
1760725631211,1000.1219
1760725631231,1000.27625
1760725631251,1000.34534
1760725631272,1000.3225
1760725631291,1000.3181
1760725631312,1000.50903
1760725631331,1000.83594
1760725631351,1000.28186
1760725631371,999.6912
1760725631392,1001.6369
1760725631412,1001.1331
1760725631433,1001.0608
1760725631451,1001.32294
1760725631471,1001.0748
1760725631492,1000.927
1760725631511,1000.7364
1760725631532,1000.3526
1760725631551,1000.1219
1760725631571,1000.0839
1760725631591,1000.0605
1760725631612,1000.03925
1760725631632,999.9966
1760725631652,1000.0363
1760725631671,1000.1266
1760725631691,1000.15375
1760725631712,1000.1025
1760725631733,1000.0569
1760725631752,999.98505
1760725631771,999.9794
1760725631793,1000.0167
1760725631811,999.8511
1760725631832,999.60956
1760725631852,999.7619
1760725631873,1000.06537
1760725631891,999.95294
1760725631912,999.9994
1760725631931,999.9472
1760725631952,1000.1981
1760725631972,1000.2587
1760725631993,1000.54346
1760725632012,1000.65826
1760725632032,1000.7428
1760725632051,1001.2328
1760725632072,1001.52405
1760725632092,1001.4159
1760725632112,1001.3306
1760725632131,1001.21747
1760725632151,1000.9761
1760725632171,1000.8006
1760725632192,1000.72577
1760725632212,1000.65106
1760725632232,1000.53064
1760725632252,1000.4334
1760725632271,1000.33484
1760725632292,1000.28406
1760725632312,1000.1797
1760725632332,1000.07764
1760725632352,1000.04266
1760725632371,1000.0511
1760725632392,1000.0662
1760725632412,1000.2532
1760725632432,1000.36395
1760725632451,1000.3964
1760725632472,1000.2403
1760725632492,1000.29205
1760725632512,1000.5128
1760725632532,1000.98566
1760725632552,1001.1716
1760725632571,1000.6105
1760725632591,1001.5047
1760725632612,1001.71295
1760725632632,1001.1406
1760725632653,1000.9565
1760725632671,1000.6761
1760725632691,1000.8105
1760725632711,1000.7436
1760725632732,1000.39294
1760725632752,1000.22577
1760725632773,1000.17456
1760725632792,1000.3098
1760725632812,1000.395
1760725632831,1000.3811
1760725632852,1000.2894
1760725632872,1000.15283
1760725632892,1000.0602
1760725632912,1000.0136
1760725632931,1000.22284
1760725632951,1000.45294
1760725632972,1000.1102
1760725632992,999.6915
1760725633012,999.8594
1760725633031,1000.3714
1760725633051,999.96625
1760725633071,999.7389
1760725633092,999.8666
1760725633113,999.81885
1760725633132,999.9509
1760725633151,1000.8278
1760725633171,1001.28564
1760725633192,1001.3511
1760725633213,1001.2499
1760725633232,1000.9003
1760725633251,1000.6181
1760725633272,1000.6253
1760725633292,1000.757
1760725633313,1000.8583
1760725633333,1000.73334
1760725633351,1000.53674
1760725633371,1000.39044
1760725633392,1000.26373
1760725633412,1000.2584
1760725633432,1000.31213
1760725633452,1000.28186
1760725633473,1000.2417
1760725633491,1000.14185
1760725633511,1000.0428
1760725633532,999.9621
1760725633552,999.98206
1760725633572,1000.1992
1760725633591,1000.3736
1760725633611,1000.34296
1760725633632,1000.4498
1760725633652,1000.58997
1760725633673,1000.66266
1760725633691,1000.6778
1760725633712,1000.8266
1760725633732,1001.02985
1760725633752,1001.257
1760725633773,1000.88654
1760725633792,1001.0495
1760725633811,1001.915
1760725633832,1000.84674
1760725633852,1000.48987
1760725633872,1000.5445
1760725633893,1000.7896
1760725633912,1000.995
1760725633932,1000.69904
1760725633951,1000.3867
1760725633972,1000.28186
1760725633992,1000.35785
1760725634011,1000.40405
1760725634031,1000.42596
1760725634051,1000.3733
1760725634071,1000.41547
1760725634093,1000.41907
1760725634112,1000.42206
1760725634132,1000.34436
1760725634152,1000.2014
1760725634172,1000.16815
1760725634192,1000.0447
1760725634212,999.727
1760725634232,999.53674
1760725634251,999.9933
1760725634271,1000.3247
1760725634291,1000.0
1760725634312,999.9394
1760725634332,999.94904
1760725634352,1000.02435
1760725634372,1000.3636
1760725634391,1000.6989
1760725634412,1000.89703
1760725634432,1001.0344
1760725634452,1001.1395
1760725634472,1001.235
1760725634491,1001.2414
1760725634512,1001.1809
1760725634532,1001.2534
1760725634552,1001.2516
1760725634571,1001.1664
1760725634591,1000.97687
1760725634613,1000.8161
1760725634632,1000.64734
1760725634652,1000.6097
1760725634672,1000.6286
1760725634692,1000.54987
1760725634711,1000.46265
1760725634731,1000.3663
1760725634752,1000.2653
1760725634772,1000.1692
1760725634792,1000.1786
1760725634811,1000.187
1760725634832,1000.317
1760725634852,1000.45184
1760725634872,1000.5508
1760725634892,1000.688
1760725634911,1000.65265
1760725634932,1000.7477
1760725634951,1000.5403
1760725634972,1000.5114
1760725634992,1000.7912
1760725635012,1001.3977
1760725635032,1001.1859
1760725635051,1000.4786
1760725635071,1002.117
1760725635091,1001.8081
1760725635112,1000.8477
1760725635131,1000.6823
1760725635151,1000.32983
1760725635171,1000.4528
1760725635191,1000.633
1760725635212,1000.5208
1760725635232,1000.3122
1760725635252,1000.28156
1760725635271,1000.46216
1760725635292,1000.5764
1760725635311,1000.59155
1760725635332,1000.56433
1760725635352,1000.5524
1760725635371,1000.6081
1760725635391,1000.6694
1760725635411,1000.78375
1760725635432,1000.7958
1760725635453,1000.4775
1760725635471,1000.21826
1760725635491,1000.4883
1760725635511,1000.8594
1760725635532,1000.82623
1760725635552,1000.5098
1760725635572,1000.2877
1760725635591,999.9462
1760725635611,1000.0069
1760725635632,1000.23456
1760725635652,1000.25903
1760725635672,1000.2486
1760725635692,1000.59766
1760725635711,1000.8892
1760725635731,1000.9498
1760725635752,1000.90814
1760725635772,1000.9358
1760725635792,1000.9377
1760725635812,1001.0239
1760725635831,1001.23596
1760725635852,1001.39294
1760725635872,1001.3766
1760725635892,1001.2092
1760725635912,1000.98627
1760725635931,1000.83453
1760725635951,1000.6667
1760725635972,1000.53357
1760725635992,1000.3831
1760725636012,1000.2466
1760725636032,1000.1886
1760725636051,1000.0744
1760725636071,999.97906
1760725636092,999.97595
1760725636112,1000.0128
1760725636132,1000.02893
1760725636152,1000.16565
1760725636171,1000.39514
1760725636192,1000.4747
1760725636212,1000.3005
1760725636232,1000.307
1760725636251,1000.4789
1760725636272,1000.6489
1760725636291,1000.802
1760725636311,1001.0497
1760725636332,1000.70654
1760725636352,1000.70624
1760725636371,1001.6989
1760725636391,1000.90625
1760725636412,1000.3953
1760725636432,1000.45123
1760725636454,1000.4917
1760725636472,1000.55536
1760725636491,1000.46234
1760725636512,1000.20935
1760725636531,1000.0588
1760725636552,1000.0997
1760725636572,1000.1987
1760725636592,1000.1947
1760725636611,1000.1869
1760725636631,1000.16034
1760725636652,1000.21454
1760725636672,1000.265
1760725636692,1000.28406
1760725636711,1000.2964
1760725636732,1000.23126
1760725636751,1000.02606
1760725636772,999.8694
1760725636792,999.71954
1760725636813,1000.06146
1760725636832,1000.2661
1760725636852,999.90204
1760725636872,1000.02045
1760725636891,1000.10657
1760725636913,1000.0297
1760725636932,1000.3008
1760725636951,1000.08453
1760725636971,999.78516
1760725636992,1000.1186
1760725637012,1000.4414
1760725637032,1000.1414
1760725637051,1000.21967
1760725637072,1000.60156
1760725637092,1000.6986
1760725637112,1000.51636
1760725637132,1000.5125
1760725637151,1000.4978
1760725637171,1000.45
1760725637191,1000.41077
1760725637212,1000.4725
1760725637232,1000.4885
1760725637252,1000.4378
1760725637272,1000.41046
1760725637291,1000.432
1760725637311,1000.38513
1760725637332,1000.2436
1760725637353,1000.0481
1760725637372,999.8057
1760725637391,999.6995
1760725637411,999.7526
1760725637431,1000.1089
1760725637452,1000.3922
1760725637472,1000.25
1760725637491,999.91766
1760725637511,999.72565
1760725637532,999.8702
1760725637552,1000.02295
1760725637572,1000.0011
1760725637592,1000.1404
1760725637611,999.9222
1760725637631,999.8283
1760725637651,999.8883
1760725637672,1001.4506
1760725637692,1000.5686
1760725637711,1000.15234
1760725637732,1000.1653
1760725637751,999.9963
1760725637772,999.9487
1760725637792,1000.1017
1760725637812,1000.176
1760725637831,1000.0975
1760725637851,1000.04846
1760725637871,1000.095
1760725637892,1000.17
1760725637912,1000.4175
1760725637933,1000.7791
1760725637952,1001.15936
1760725637972,1001.70764
1760725637991,1002.1064
1760725638012,1002.33966
1760725638032,1002.3002
1760725638051,1002.10175
1760725638071,1001.9938
1760725638091,1001.77
1760725638112,1001.5447
1760725638132,1001.32776
1760725638152,1001.1959
1760725638172,1001.16455
1760725638191,1001.16437
1760725638211,1001.3049
1760725638232,1001.3245
1760725638252,1001.41907
1760725638272,1001.3978
1760725638292,1001.1291
1760725638312,1000.9373
1760725638331,1001.0814
1760725638352,1001.2386
1760725638372,1001.1178
1760725638391,1000.4764
1760725638412,1000.10175
1760725638432,1000.10187
1760725638451,1000.1163
1760725638472,1000.1457
1760725638493,1000.3079
1760725638511,1000.4858
1760725638532,1000.4844
1760725638551,1000.47797
1760725638572,1000.54816
1760725638593,1000.7935
1760725638613,1000.83954
1760725638631,1000.8663
1760725638651,1000.9853
1760725638671,1001.20575
1760725638691,1001.4069
1760725638712,1001.576
1760725638731,1001.4486
1760725638751,1001.21326
1760725638771,1000.725
1760725638792,1000.02435
1760725638812,999.47626
1760725638832,999.3378
1760725638851,999.33826
1760725638871,999.40344
1760725638891,999.5203
1760725638912,999.5418
1760725638933,999.6066
1760725638952,999.73206
1760725638971,999.84564
1760725638991,999.8706
1760725639012,999.84125
1760725639032,999.83594
1760725639052,999.80865
1760725639071,999.8098
1760725639091,999.8102
1760725639111,999.83765
1760725639132,999.92365
1760725639152,1000.0206
1760725639172,1000.1106
1760725639192,1000.0597
1760725639211,1000.03015
1760725639232,1000.0
1760725639252,1000.0073
1760725639272,999.9978
1760725639291,999.97205
1760725639311,999.9817
1760725639331,999.9833
1760725639352,999.985
1760725639372,999.993
1760725639391,1000.0158
1760725639412,1000.072
1760725639431,1000.1174
1760725639451,1000.10596
1760725639472,1000.1273
1760725639492,1000.1262
1760725639511,1000.15186
1760725639531,1000.15857
1760725639551,1000.1997
1760725639572,1000.28516
1760725639592,1000.38684
1760725639612,1000.4445
1760725639632,1000.4883
1760725639651,1000.5566
1760725639671,1000.6478
1760725639692,1000.6456
1760725639712,1000.7534
1760725639731,1000.9447
1760725639751,1001.08795
1760725639771,1001.0578
1760725639792,1001.0822
1760725639812,1001.0695
1760725639832,1001.0864
1760725639851,1001.1203
1760725639871,1001.0676
1760725639892,1000.9888
1760725639912,1000.7537
1760725639932,1000.60034
1760725639951,1000.5723
1760725639971,1000.57794
1760725639991,1000.5581
1760725640011,1000.5145
1760725640032,1000.3741
1760725640052,1000.3075
1760725640071,1000.21857
1760725640091,1000.16876
1760725640111,1000.16315
1760725640132,1000.21875
1760725640152,1000.2453
1760725640172,1000.2559
1760725640192,1000.28925
1760725640211,1000.3142
1760725640231,1000.39453
1760725640251,1000.3688
1760725640272,1000.2842
1760725640292,1000.27795
1760725640312,1001.3592
1760725640331,1000.70544
1760725640352,1000.34595
1760725640372,1000.3642
1760725640392,1000.41235
1760725640421,1000.4437
1760725640435,1000.4933
1760725640452,1000.53625
1760725640471,1000.5408
1760725640491,1000.5745
1760725640511,1000.6278
1760725640531,1000.65845
1760725640551,1000.64905
1760725640571,1000.6967
1760725640591,1000.75653
1760725640611,1000.7983
1760725640631,1000.77655
1760725640651,1000.7608
1760725640670,1000.78375
1760725640691,1000.76764
1760725640711,1000.7215
1760725640731,1000.6933
1760725640751,1000.7409
1760725640771,1000.7236
1760725640791,1000.6972
1760725640811,1000.65424
1760725640831,1000.6101
1760725640851,1000.6244
1760725640871,1000.6694
1760725640891,1000.6661
1760725640911,1000.67096
1760725640931,1000.6728
1760725640951,1000.79456
1760725640971,1000.92737
1760725640991,1001.0112
1760725641011,1001.03046
1760725641031,1001.02466
1760725641051,1000.9666
1760725641071,1000.89935
1760725641090,1000.9431
1760725641111,1000.85315
1760725641131,1000.6159
1760725641151,1000.5566
1760725641171,1000.59576
1760725641190,1000.632
1760725641210,1000.6342
1760725641230,1000.6064
1760725641251,1000.6142
1760725641271,1000.64044
1760725641291,1000.6417
1760725641311,1000.67346
1760725641331,1000.6456
1760725641351,1000.6983
1760725641371,1000.7264
1760725641391,1000.71783
1760725641411,1000.693
1760725641431,1000.65985
1760725641451,1000.6239
1760725641471,1000.64734
1760725641491,1000.6661
1760725641512,1000.7039
1760725641531,1000.66406
1760725641551,1000.66064
1760725641571,1000.66327
1760725641591,1000.65375
1760725641612,1000.6769
1760725641631,1000.6792
1760725641652,1000.6983
1760725641671,1000.6794
1760725641691,1000.6794
1760725641711,1000.6672
1760725641731,1000.66376
1760725641751,1000.64825
1760725641771,1000.6845
1760725641792,1000.6305
1760725641811,1000.6278
1760725641831,1000.6255
1760725641852,1000.61487
1760725641871,1000.5744
1760725641891,1000.57684
1760725641911,1000.5651
1760725641932,1000.59534
1760725641952,1000.59766
1760725641971,1000.59
1760725641991,1000.6144
1760725642011,1000.6298
1760725642031,1000.6797
1760725642051,1000.6951
1760725642072,1000.65717
1760725642091,1000.67096
