1760725400883,999.03174
1760725400903,999.137
1760725400924,999.2086
1760725400943,999.19
1760725400963,999.0753
1760725400983,998.9384
1760725401004,998.9445
1760725401023,999.1209
1760725401044,999.2648
1760725401063,999.2539
1760725401083,999.1901
1760725401103,999.1219
1760725401123,999.0489
1760725401144,999.0555
1760725401164,999.0324
1760725401183,999.1183
1760725401203,999.1125
1760725401223,999.0697
1760725401244,998.96765
1760725401264,998.9575
1760725401283,999.09393
1760725401303,999.2653
1760725401323,999.3125
1760725401344,999.28107
1760725401364,999.26514
1760725401384,999.26624
1760725401403,999.21466
1760725401423,999.1831
1760725401443,999.195
1760725401464,999.20294
1760725401484,999.1851
1760725401503,999.1795
1760725401524,999.21063
1760725401543,999.21936
1760725401564,999.2717
1760725401584,999.27
1760725401605,999.27094
1760725401624,999.1983
1760725401645,999.21606
1760725401664,999.253
1760725401684,999.22156
1760725401705,999.1419
1760725401725,999.07495
1760725401744,999.04065
1760725401765,999.04
1760725401783,998.9984
1760725401803,999.0189
1760725401824,999.05615
1760725401843,999.08826
1760725401864,999.1287
1760725401883,999.08044
1760725401904,998.9525
1760725401924,998.87335
1760725401944,998.80273
1760725401963,998.7006
1760725401983,998.7408
1760725402003,998.7089
1760725402024,998.6861
1760725402044,998.7342
1760725402063,998.76953
1760725402083,998.8922
1760725402103,998.8758
1760725402124,998.7997
1760725402145,998.84393
1760725402165,998.83716
1760725402183,998.82904
1760725402203,998.7681
1760725402223,998.71375
1760725402244,998.6795
1760725402265,998.6113
1760725402284,998.60175
1760725402303,998.65106
1760725402323,998.6478
1760725402343,998.65076
1760725402365,998.59296
1760725402384,998.59265
1760725402403,998.6348
1760725402423,998.6436
1760725402443,998.66736
1760725402463,998.6911
1760725402484,998.70044
1760725402504,998.71094
1760725402524,998.7089
1760725402543,998.725
1760725402563,998.71295
1760725402584,998.7344
1760725402604,998.7347
1760725402623,998.7356
1760725402644,998.733
1760725402664,998.762
1760725402685,998.7575
1760725402705,998.7519
1760725402726,998.7837
1760725402744,998.8017
1760725402763,998.82684
1760725402783,998.8133
1760725402809,998.798
1760725402823,998.83484
1760725402844,998.78424
1760725402863,998.7634
1760725402883,998.7936
1760725402903,998.8184
1760725402923,998.8655
1760725402944,998.896
1760725402964,998.9367
1760725402983,998.96686
1760725403004,999.0514
1760725403023,999.0781
1760725403044,999.0593
1760725403064,998.9714
1760725403084,998.9319
1760725403103,998.9408
1760725403123,998.96686
1760725403144,998.9739
1760725403164,998.9857
1760725403184,998.9752
1760725403203,998.965
1760725403223,998.9469
1760725403243,998.9459
1760725403265,998.9386
1760725403284,998.97736
1760725403303,998.97577
1760725403324,999.002
1760725403343,998.9819
1760725403363,998.9495
1760725403384,998.94165
1760725403404,998.98096
1760725403424,998.96716
1760725403443,999.0023
1760725403463,999.0545
1760725403483,999.08466
1760725403504,999.1107
1760725403523,999.1114
1760725403543,999.113
1760725403564,999.1119
1760725403584,999.09186
1760725403604,999.0598
1760725403625,999.07477
1760725403644,999.1177
1760725403664,999.1191
1760725403684,999.1934
1760725403705,999.28876
1760725403725,999.3819
1760725403745,999.4151
1760725403765,999.46313
1760725403783,999.5045
1760725403803,999.5442
1760725403824,999.57764
1760725403844,999.5758
1760725403864,999.5533
1760725403884,999.6337
1760725403903,999.7556
1760725403923,999.9416
1760725403945,1000.0156
1760725403964,999.9457
1760725403983,999.8206
1760725404004,999.65955
1760725404024,999.5944
1760725404044,999.6025
1760725404064,999.71497
1760725404084,999.7533
1760725404104,999.7622
1760725404124,999.72656
1760725404145,999.7081
1760725404164,999.6026
1760725404185,999.39264
1760725404204,999.23236
1760725404223,999.1878
1760725404244,999.15405
1760725404263,999.28107
1760725404284,999.40155
1760725404304,999.6873
1760725404323,999.72595
1760725404344,999.52313
1760725404364,999.34424
1760725404385,999.3692
1760725404404,999.3798
1760725404424,999.4286
1760725404444,999.4345
1760725404464,999.4302
1760725404484,999.52606
1760725404504,999.7241
1760725404525,1000.0414
1760725404544,1000.1892
1760725404564,1000.1862
1760725404584,1000.0655
1760725404604,999.8286
1760725404625,999.6711
1760725404644,999.4464
1760725404664,999.22766
1760725404685,999.1141
1760725404704,999.14264
1760725404725,999.1403
1760725404745,999.1029
1760725404764,999.15967
1760725404784,999.29877
1760725404803,999.5556
1760725404824,999.92346
1760725404843,1000.0239
1760725404864,1000.0753
1760725404883,1000.1183
1760725404903,1000.1069
1760725404923,1000.0739
1760725404944,1000.08185
1760725404964,999.8839
1760725404983,999.7297
1760725405003,999.122
1760725405023,999.4302
1760725405043,998.8964
1760725405064,999.1485
1760725405084,998.7548
1760725405104,998.6877
1760725405123,998.493
1760725405143,998.3666
1760725405164,998.33923
1760725405184,998.5179
1760725405205,998.5786
1760725405223,998.6336
1760725405243,998.6461
1760725405263,998.77203
1760725405283,998.8728
1760725405304,998.9266
1760725405324,998.85236
1760725405344,998.7864
1760725405364,999.0122
1760725405383,999.22015
1760725405404,999.3423
1760725405425,999.45325
1760725405443,999.6301
1760725405464,999.7639
1760725405484,999.78204
1760725405505,999.98627
1760725405525,1000.30426
1760725405544,1000.7394
1760725405564,1001.2512
1760725405584,1001.70013
1760725405604,1001.79846
1760725405625,1001.61237
1760725405645,1001.21375
1760725405665,1000.8028
1760725405685,1000.35
1760725405704,999.9445
1760725405724,999.59576
1760725405744,999.2405
1760725405765,998.92914
1760725405784,998.83594
1760725405804,998.9409
1760725405824,999.11127
1760725405844,999.2461
1760725405864,999.2196
1760725405884,999.09814
1760725405904,999.0775
1760725405924,999.17346
1760725405944,999.2336
1760725405965,999.21
1760725405985,999.53577
1760725406005,1000.0563
1760725406024,1000.14734
1760725406043,999.84344
1760725406064,1000.9424
1760725406084,1000.66327
1760725406104,1000.78217
1760725406123,1000.8195
1760725406144,1000.5609
1760725406165,1000.2562
1760725406184,999.96436
1760725406204,999.5723
1760725406224,999.3522
1760725406244,999.188
1760725406265,998.9338
1760725406284,998.70593
1760725406304,998.62354
1760725406324,998.6428
1760725406344,998.64343
1760725406363,998.53174
1760725406384,998.585
1760725406404,998.6917
1760725406424,998.8119
1760725406443,998.8084
1760725406464,998.7997
1760725406484,998.9564
1760725406504,999.2775
1760725406524,999.7555
1760725406544,1000.1289
1760725406564,1000.52576
1760725406584,1000.74
1760725406604,1000.5022
1760725406624,1000.3883
1760725406645,1000.3072
1760725406664,1000.1069
1760725406683,999.8176
1760725406704,999.5136
1760725406725,999.2461
1760725406744,998.9877
1760725406765,998.8413
1760725406784,998.7053
1760725406804,998.6309
1760725406827,998.6744
1760725406843,998.6978
1760725406864,998.68536
1760725406884,998.67365
1760725406903,998.57263
1760725406924,998.5644
1760725406943,998.6672
1760725406964,998.83905
1760725406984,999.0467
1760725407004,999.30096
1760725407023,999.737
1760725407043,1000.14435
1760725407064,999.5411
1760725407084,999.9379
1760725407104,1000.3567
1760725407123,999.9487
1760725407143,1000.03656
1760725407163,1000.0778
1760725407183,1000.03577
1760725407204,999.86084
1760725407224,999.65564
1760725407244,999.41376
1760725407264,999.1753
1760725407283,999.0597
1760725407304,998.8206
1760725407324,998.5544
1760725407343,998.2919
1760725407363,998.1248
1760725407383,998.26514
1760725407403,998.47125
1760725407424,998.56647
1760725407445,998.4603
1760725407463,998.7028
1760725407483,998.8897
1760725407503,998.7728
1760725407524,998.85565
1760725407545,999.0297
1760725407564,999.34106
1760725407583,999.76794
1760725407604,1000.0747
1760725407624,1000.3091
1760725407644,1000.63
1760725407664,1000.6629
1760725407684,1000.46826
1760725407704,1000.2558
1760725407723,999.9348
1760725407744,999.5817
1760725407765,999.3272
1760725407784,999.07983
1760725407803,998.84015
1760725407823,998.4927
1760725407844,998.2576
1760725407864,998.234
1760725407885,998.4403
1760725407904,998.65564
1760725407924,998.9139
1760725407944,999.10986
1760725407964,999.10016
1760725407984,999.1182
1760725408004,999.1699
1760725408024,999.4892
1760725408043,1000.02155
1760725408064,999.7139
1760725408084,999.5153
1760725408104,1000.09955
1760725408124,1000.09674
1760725408144,1000.39154
1760725408164,1000.6342
1760725408184,1000.23346
1760725408204,1000.114
1760725408225,999.9978
1760725408243,999.8105
1760725408264,999.6069
1760725408283,999.3805
1760725408303,999.0559
1760725408324,998.67126
1760725408344,998.2353
1760725408363,997.9961
1760725408383,997.9561
1760725408403,997.83466
1760725408424,997.9417
1760725408444,998.39435
1760725408464,998.942
1760725408483,999.65686
1760725408503,1000.0078
1760725408524,999.78986
1760725408544,999.27423
1760725408565,998.9961
1760725408583,999.4437
1760725408603,999.5603
1760725408623,999.2667
1760725408644,998.77606
1760725408664,998.3928
1760725408684,998.5737
1760725408703,998.7947
1760725408724,998.8173
1760725408744,999.6211
1760725408764,1000.192
1760725408784,999.95447
1760725408803,999.8688
1760725408823,999.77734
1760725408843,999.6741
1760725408864,999.4936
1760725408884,999.21204
1760725408904,999.0142
1760725408924,998.89935
1760725408944,998.8089
1760725408963,998.59076
1760725408984,998.4445
1760725409004,998.4531
1760725409023,998.52826
1760725409044,998.5753
1760725409063,998.4714
1760725409083,998.5642
1760725409104,998.6383
1760725409124,998.84955
1760725409143,999.0508
1760725409164,998.9936
1760725409184,998.89685
1760725409204,999.0592
1760725409225,999.4822
1760725409245,999.86145
1760725409263,1000.4975
1760725409283,1000.9387
1760725409303,1000.78406
1760725409324,1000.4028
1760725409345,1000.1104
1760725409364,999.97687
1760725409383,999.98065
1760725409403,999.8184
1760725409424,999.59906
1760725409444,999.3759
1760725409464,999.1792
1760725409484,999.1334
1760725409503,999.0708
1760725409524,999.03436
1760725409545,998.965
1760725409565,998.9126
1760725409583,998.8766
1760725409604,998.76013
1760725409624,998.6926
1760725409643,998.6378
1760725409664,998.6348
1760725409684,998.8201
1760725409704,998.8869
1760725409723,998.79205
1760725409743,998.89294
1760725409764,999.35297
1760725409786,999.753
1760725409804,999.51166
1760725409823,999.7634
1760725409844,1000.61127
1760725409864,1000.3013
1760725409884,1000.15717
1760725409905,999.88574
1760725409924,999.7559
1760725409944,999.6147
1760725409963,999.3798
1760725409984,999.1747
1760725410004,999.05725
1760725410024,999.0273
1760725410043,999.0005
1760725410064,998.9997
1760725410084,998.9075
1760725410104,998.8105
1760725410124,998.7521
1760725410143,998.7408
1760725410164,998.7366
1760725410184,998.6978
1760725410204,998.6928
1760725410224,998.7336
1760725410244,998.70264
1760725410264,998.72235
1760725410286,998.71204
1760725410303,998.84717
1760725410324,998.83514
1760725410344,998.86035
1760725410365,999.0834
1760725410384,999.03156
1760725410404,999.1719
1760725410423,999.4455
1760725410444,999.6861
1760725410465,999.77936
1760725410484,999.9487
1760725410504,1000.1039
1760725410523,1000.2611
1760725410543,1000.0701
1760725410564,999.77124
1760725410584,999.4473
1760725410604,999.2366
1760725410623,999.21124
1760725410644,999.3975
1760725410664,999.5539
1760725410685,999.66016
1760725410703,999.66156
1760725410723,999.5811
1760725410743,999.5558
1760725410763,999.4564
1760725410784,999.5225
1760725410804,999.72406
1760725410823,1000.0041
1760725410844,1000.1778
1760725410863,1000.26263
1760725410883,1000.4366
1760725410904,1000.307
1760725410924,999.7749
1760725410943,999.0505
1760725410963,999.26044
1760725410983,998.8709
1760725411004,998.5778
1760725411024,998.5742
1760725411044,998.42267
1760725411064,998.2647
1760725411083,998.39294
1760725411104,998.4545
1760725411124,998.6192
1760725411145,998.6818
1760725411164,998.642
1760725411184,998.6956
1760725411204,998.85345
1760725411224,998.9924
1760725411244,999.1114
1760725411263,999.1848
1760725411285,999.15015
1760725411303,999.1213
1760725411324,999.1191
1760725411345,999.1403
1760725411364,999.19836
1760725411383,999.27924
1760725411403,999.28174
1760725411424,999.15216
1760725411444,999.0875
1760725411464,999.32117
1760725411484,999.6039
1760725411504,999.52216
1760725411524,999.39325
1760725411543,999.1928
1760725411564,999.0539
1760725411585,998.97687
1760725411605,999.0228
1760725411624,999.21875
1760725411644,999.52234
1760725411664,999.8295
1760725411684,1000.21075
1760725411704,1000.4839
1760725411724,1000.5797
1760725411743,1000.4383
1760725411764,1000.20953
1760725411785,1000.07935
1760725411804,999.9434
1760725411824,999.84735
1760725411843,999.65765
1760725411863,999.4467
1760725411883,999.28326
1760725411904,999.1283
1760725411924,999.04346
1760725411943,999.0639
1760725411964,999.1381
1760725411984,999.28375
1760725412004,999.48517
1760725412024,999.68304
1760725412044,999.9392
1760725412063,1000.08716
1760725412083,1000.1314
1760725412104,1000.0033
1760725412124,999.89014
1760725412144,999.7272
1760725412164,999.64154
1760725412184,999.59344
1760725412204,999.28955
1760725412224,999.0117
1760725412244,999.2368
1760725412264,999.40985
1760725412284,999.5147
1760725412304,999.628
1760725412324,999.53564
1760725412343,999.46454
1760725412364,999.46625
1760725412385,999.5416
1760725412404,999.5672
1760725412423,999.5783
1760725412443,999.535
1760725412465,999.4942
1760725412484,999.53625
1760725412504,999.5075
1760725412523,999.4877
1760725412543,999.45703
1760725412564,999.48096
1760725412584,999.4833
1760725412605,999.402
1760725412624,999.275
1760725412644,999.14294
1760725412664,999.122
1760725412684,999.1408
1760725412704,999.0386
1760725412724,999.0634
1760725412744,999.09705
1760725412763,999.2658
1760725412783,999.46625
1760725412804,999.5041
1760725412825,999.46686
1760725412843,999.365
1760725412863,999.535
1760725412883,999.9341
1760725412903,1000.3597
1760725412924,1000.5597
1760725412944,1000.76434
1760725412964,1000.6078
1760725412983,1000.47107
1760725413003,1000.38
1760725413024,1000.29297
1760725413044,1000.1434
1760725413063,999.90497
1760725413083,999.73737
1760725413104,999.5467
1760725413124,999.4581
1760725413144,999.3709
1760725413165,999.2913
1760725413183,999.1944
1760725413204,999.1116
1760725413224,999.01843
1760725413244,999.0217
1760725413265,999.0211
1760725413284,999.04346
1760725413303,999.09375
1760725413324,999.08844
1760725413344,999.1298
1760725413364,999.17096
1760725413385,999.1806
1760725413404,999.27264
1760725413424,999.41876
1760725413444,999.77325
1760725413465,1000.062
1760725413485,999.8761
1760725413505,999.70715
1760725413524,1000.16174
1760725413544,1000.2389
1760725413564,1000.27344
1760725413585,1000.14154
1760725413604,999.6487
1760725413624,999.4628
1760725413644,999.4366
1760725413663,999.3052
1760725413683,999.2517
1760725413704,999.16016
1760725413725,999.08875
1760725413745,999.17017
1760725413764,999.1811
1760725413785,999.14764
1760725413803,999.03217
1760725413824,998.9425
1760725413845,998.893
1760725413864,998.83514
1760725413884,998.84125
1760725413903,998.77954
1760725413924,998.6014
1760725413944,998.5651
1760725413963,998.7448
1760725413984,998.98236
1760725414004,999.0497
1760725414024,999.4739
1760725414044,999.3958
1760725414065,999.7181
1760725414084,1000.14844
1760725414104,1000.4945
1760725414124,1000.79596
1760725414145,1000.9073
1760725414165,1000.6741
1760725414185,1000.41174
1760725414204,1000.3272
1760725414224,1000.15295
1760725414245,999.89264
1760725414265,999.62506
1760725414285,999.4712
1760725414303,999.36487
1760725414324,999.3222
1760725414344,999.3286
1760725414364,999.2939
1760725414385,999.28125
1760725414405,999.2471
1760725414424,999.13873
1760725414443,998.92126
1760725414464,998.79736
1760725414484,998.6964
1760725414505,998.7357
1760725414524,998.8812
1760725414544,999.00903
1760725414564,999.1739
1760725414584,999.35657
1760725414604,999.52673
1760725414625,999.49054
1760725414644,999.3497
1760725414663,999.26483
1760725414684,999.295
1760725414704,999.69904
1760725414725,999.9056
1760725414745,999.5044
1760725414764,999.90784
1760725414784,1000.09717
1760725414803,999.66486
1760725414824,999.8752
1760725414845,999.8574
1760725414864,999.8787
1760725414884,999.64374
1760725414905,999.4114
1760725414924,999.26825
1760725414945,999.14606
1760725414965,999.13513
1760725414985,999.16125
1760725415004,999.1922
1760725415025,999.2445
1760725415045,999.29626
1760725415065,999.3897
1760725415084,999.4494
1760725415104,999.437
1760725415124,999.3278
1760725415144,999.17975
1760725415164,999.1739
1760725415184,999.0627
1760725415203,998.94403
1760725415223,998.84705
1760725415243,998.64
1760725415264,998.5817
1760725415284,998.7659
1760725415304,999.0433
1760725415323,999.15765
1760725415343,999.16064
1760725415363,999.1075
1760725415384,999.28595
1760725415404,999.3929
1760725415423,999.4164
1760725415444,999.3486
1760725415464,999.5545
1760725415484,999.8786
1760725415504,1000.197
1760725415526,1000.49146
1760725415544,1000.57983
1760725415564,1000.4875
1760725415584,1000.4872
1760725415604,1000.50366
1760725415625,1000.40234
1760725415643,1000.21124
1760725415663,999.9945
1760725415683,999.91345
1760725415704,999.8533
1760725415724,999.8106
1760725415744,999.72437
1760725415764,999.65265
1760725415785,999.5583
1760725415803,999.47955
1760725415824,999.3416
1760725415844,999.2441
1760725415864,999.13904
1760725415883,999.0623
1760725415904,999.03265
1760725415923,999.02966
1760725415944,999.0767
1760725415964,999.08685
1760725415983,999.1381
1760725416003,999.22345
1760725416023,999.3077
1760725416044,999.2413
1760725416064,999.21796
1760725416085,999.2008
1760725416104,999.1797
1760725416124,999.40015
1760725416144,999.6744
1760725416164,999.73627
1760725416185,999.4738
1760725416205,999.8192
1760725416224,999.90625
1760725416244,999.8049
1760725416264,1000.0676
1760725416285,1000.1339
1760725416305,999.83374
1760725416324,999.7692
1760725416343,999.7422
1760725416363,999.45374
1760725416384,999.3267
1760725416405,999.36414
1760725416426,999.31683
1760725416443,999.28485
1760725416464,999.33594
1760725416484,999.3672
1760725416504,999.312
1760725416526,999.28625
1760725416545,999.2623
1760725416564,999.2173
1760725416584,999.22015
1760725416604,999.2964
1760725416625,999.233
1760725416645,999.0795
1760725416664,999.01825
1760725416684,999.03424
1760725416704,999.02295
1760725416725,999.26434
1760725416745,999.52594
1760725416764,999.71783
1760725416784,999.70624
1760725416804,999.78204
1760725416823,999.7659
1760725416844,999.8092
1760725416865,999.866
1760725416884,1000.09235
1760725416904,1000.432
1760725416924,1000.59265
1760725416944,1000.5012
1760725416964,1000.3645
1760725416985,1000.41254
1760725417004,1000.42377
1760725417024,1000.2447
1760725417044,1000.04456
1760725417064,999.91345
1760725417085,999.78406
1760725417104,999.6805
1760725417124,999.6739
1760725417144,999.6962
1760725417164,999.70483
1760725417184,999.7477
1760725417204,999.6686
1760725417224,999.51263
1760725417244,999.2995
1760725417264,999.1169
1760725417284,998.9794
1760725417304,998.8842
1760725417323,998.8572
1760725417344,998.8942
1760725417363,999.0611
1760725417384,999.233
1760725417404,999.4031
1760725417425,999.5225
1760725417443,999.4328
1760725417464,999.35706
1760725417484,999.33545
1760725417504,999.5584
1760725417525,999.96027
1760725417545,999.9455
1760725417564,999.4486
1760725417584,999.90704
1760725417603,1000.09955
1760725417624,999.98987
1760725417645,1000.02905
1760725417663,999.64685
1760725417683,999.32263
1760725417704,999.34784
1760725417723,999.27124
1760725417744,999.10425
1760725417764,999.0631
1760725417783,999.1301
1760725417803,999.1878
1760725417824,999.2466
1760725417843,999.2964
1760725417865,999.31055
1760725417884,999.3112
1760725417903,999.30096
1760725417923,999.34467
1760725417944,999.33905
1760725417964,999.28827
1760725417984,999.2457
1760725418004,999.0461
1760725418024,998.7911
1760725418044,998.8214
1760725418065,998.88873
1760725418084,998.8792
1760725418104,999.0863
1760725418124,999.22845
1760725418143,999.3756
1760725418164,999.6761
1760725418184,1000.1862
1760725418204,1000.66736
1760725418224,1000.9375
1760725418243,1000.6733
1760725418263,1000.3575
1760725418283,1000.1795
1760725418305,1000.1045
1760725418324,1000.0396
1760725418344,999.8722
1760725418364,999.59937
1760725418383,999.4295
1760725418403,999.29486
1760725418424,999.2642
1760725418444,999.2389
1760725418463,999.21954
1760725418483,999.1987
1760725418503,999.1384
1760725418524,999.04095
1760725418545,998.92236
1760725418564,998.84454
1760725418584,998.8258
1760725418604,998.84
1760725418624,998.95514
1760725418645,999.15784
1760725418664,999.33594
1760725418684,999.45953
1760725418704,999.5609
1760725418724,999.6213
1760725418744,999.69794
1760725418764,999.86426
1760725418783,1000.0694
1760725418804,999.91595
1760725418824,999.7481
1760725418843,1000.91626
1760725418864,1000.24243
1760725418884,1000.19147
1760725418903,1000.0588
1760725418923,999.7545
1760725418944,999.70233
1760725418964,999.4352
1760725418984,999.15283
1760725419005,999.06885
1760725419024,999.133
1760725419044,999.1925
1760725419064,999.16846
1760725419084,999.1432
1760725419104,999.09155
1760725419124,999.15216
1760725419144,999.1792
1760725419164,999.16095
1760725419184,999.1406
1760725419204,999.193
1760725419225,999.1255
1760725419245,998.9833
1760725419264,998.8
1760725419284,998.89685
1760725419305,998.97205
1760725419324,998.9545
1760725419344,998.9255
1760725419364,999.08484
1760725419384,999.1956
1760725419404,999.1489
1760725419424,999.4556
1760725419445,999.6795
1760725419463,1000.03406
1760725419483,1000.3209
1760725419504,1000.548
1760725419525,1000.6708
1760725419544,1000.5676
1760725419565,1000.47406
1760725419584,1000.47675
1760725419605,1000.5025
1760725419624,1000.4448
1760725419644,1000.2687
1760725419665,1000.0134
1760725419684,999.752
1760725419704,999.6183
1760725419724,999.4956
1760725419744,999.4333
1760725419765,999.3544
1760725419785,999.2509
1760725419804,999.1978
1760725419823,999.1853
1760725419843,999.15735
1760725419864,999.15125
1760725419884,999.1989
1760725419905,999.2714
1760725419923,999.34424
1760725419944,999.40814
1760725419964,999.3853
1760725419984,999.3145
1760725420005,999.57404
1760725420025,1000.0742
1760725420044,1000.0772
1760725420063,1000.053
1760725420084,1001.01904
1760725420105,1000.7469
1760725420125,1000.4181
1760725420143,1000.1766
1760725420164,999.77997
1760725420184,999.7533
1760725420204,999.58124
1760725420225,999.21533
1760725420244,999.0694
1760725420264,999.1442
1760725420284,999.22284
1760725420304,999.3636
1760725420324,999.4269
1760725420345,999.41
1760725420364,999.3806
1760725420384,999.3909
1760725420403,999.3084
1760725420424,999.22455
1760725420444,999.21515
1760725420465,999.2654
1760725420484,999.2294
1760725420503,999.0678
1760725420524,998.9883
1760725420545,998.97406
1760725420564,999.1674
1760725420583,999.0497
1760725420604,999.04376
1760725420623,999.3189
1760725420644,999.3522
1760725420665,999.46075
1760725420685,999.756
1760725420705,999.9344
1760725420724,1000.21295
1760725420744,1000.45404
1760725420764,1000.3627
1760725420785,1000.1614
1760725420805,1000.21204
1760725420823,1000.3678
1760725420843,1000.3247
1760725420864,1000.1075
1760725420885,999.89874
1760725420905,999.8058
1760725420924,999.77936
1760725420944,999.742
1760725420964,999.7491
1760725420984,999.7484
1760725421004,999.7548
1760725421024,999.6936
1760725421044,999.6108
1760725421064,999.553
1760725421085,999.5645
1760725421104,999.63025
1760725421125,999.82465
1760725421144,999.9278
1760725421164,999.9545
1760725421183,999.90045
1760725421205,1000.09247
1760725421224,1000.3376
1760725421246,1000.61316
1760725421265,1000.4458
1760725421284,1000.77014
1760725421304,1001.2661
1760725421323,1000.6166
1760725421344,1000.237
1760725421363,999.4889
1760725421383,999.2111
1760725421403,999.1525
1760725421423,998.83374
1760725421444,998.6864
1760725421464,998.7672
1760725421483,998.9395
1760725421504,999.04126
1760725421524,999.1736
1760725421544,999.1989
1760725421565,999.1298
1760725421585,999.1255
1760725421604,999.1453
1760725421624,999.135
1760725421643,999.1375
1760725421664,999.13904
1760725421684,999.14374
1760725421703,999.1867
1760725421724,999.2292
1760725421744,999.2391
1760725421765,999.47955
1760725421785,999.5811
1760725421804,999.44885
1760725421823,999.45966
1760725421843,999.3514
1760725421864,999.3049
1760725421884,999.23016
1760725421904,999.14124
1760725421925,999.15814
1760725421944,999.2416
1760725421964,999.35156
1760725421984,999.5339
1760725422005,999.76965
1760725422024,999.92096
1760725422044,999.9931
1760725422065,1000.0078
1760725422083,999.9403
1760725422104,999.8809
1760725422125,999.82465
1760725422145,999.6813
1760725422165,999.5664
1760725422185,999.52734
1760725422203,999.4373
1760725422224,999.47186
1760725422245,999.4484
1760725422264,999.46594
1760725422283,999.4625
1760725422304,999.4942
1760725422324,999.59625
1760725422344,999.812
1760725422364,999.96173
1760725422384,1000.2003
1760725422403,1000.3272
1760725422423,1000.14954
1760725422444,999.492
1760725422464,999.3973
1760725422484,999.2942
1760725422504,998.9956
1760725422524,998.8744
1760725422544,998.8247
1760725422565,998.8089
1760725422584,999.07135
1760725422604,999.1241
1760725422624,999.08704
1760725422644,999.0134
1760725422664,999.03876
1760725422684,999.075
1760725422705,999.17944
1760725422724,999.363
1760725422744,999.5189
1760725422763,999.6231
1760725422784,999.7463
1760725422804,999.72675
1760725422823,999.83484
1760725422843,999.97345
1760725422863,999.8378
1760725422883,999.84235
1760725422903,999.82544
1760725422924,999.7502
1760725422943,999.71155
1760725422963,999.6995
1760725422984,999.6912
1760725423004,999.642
1760725423024,999.54297
1760725423045,999.4667
1760725423064,999.4434
1760725423084,999.525
1760725423104,999.5181
1760725423125,999.4423
1760725423145,999.2975
1760725423164,999.40643
1760725423184,999.4944
1760725423204,999.4362
1760725423224,999.60065
1760725423245,999.6752
1760725423265,999.4391
1760725423284,999.27893
1760725423304,999.33466
1760725423323,999.53424
1760725423343,999.7511
1760725423364,1000.0022
1760725423383,1000.21674
1760725423404,1000.4294
1760725423423,1000.45404
1760725423443,1000.4288
1760725423464,1000.28357
1760725423484,1000.09064
1760725423504,999.89795
1760725423523,999.78326
1760725423544,999.69794
1760725423564,999.5758
1760725423584,999.4928
1760725423604,999.39264
1760725423624,999.35876
1760725423644,999.3936
1760725423664,999.5525
1760725423684,999.6735
1760725423705,999.8106
1760725423724,999.91705
1760725423743,1000.053
1760725423764,1000.2608
1760725423785,1000.475
1760725423805,1000.6593
1760725423825,1000.631
1760725423843,1000.52234
1760725423863,1000.37
1760725423883,1000.2636
1760725423904,1000.1206
1760725423924,999.9478
1760725423944,999.84546
1760725423964,999.86017
1760725423983,1000.0783
1760725424003,1000.3878
1760725424025,1000.1718
1760725424045,1000.36926
1760725424064,1001.79205
1760725424084,1001.04126
1760725424104,1000.01624
1760725424124,999.82794
1760725424144,999.8027
1760725424165,999.8987
1760725424184,999.52075
1760725424204,999.1191
1760725424224,998.9364
1760725424244,998.9905
1760725424265,999.12897
1760725424284,999.1912
1760725424304,999.1925
1760725424323,999.17126
1760725424343,999.17206
1760725424364,999.2338
1760725424385,999.32007
1760725424404,999.3122
1760725424423,999.26294
1760725424444,999.2378
1760725424464,999.1252
1760725424485,999.1735
1760725424503,999.15204
1760725424523,999.0839
1760725424544,999.0492
1760725424564,999.368
1760725424585,999.63934
1760725424605,999.70654
1760725424624,999.5139
1760725424644,999.4353
1760725424664,999.83374
1760725424685,999.96674
1760725424705,1000.2919
1760725424725,1000.41406
1760725424745,1000.512
1760725424764,1000.42096
1760725424785,1000.22845
1760725424804,1000.2579
1760725424824,1000.17346
1760725424843,1000.02216
1760725424863,999.7675
1760725424883,999.60767
1760725424903,999.39545
1760725424924,999.31635
1760725424944,999.3189
1760725424964,999.3666
1760725424983,999.46747
1760725425003,999.5811
1760725425025,999.6301
1760725425045,999.5891
1760725425065,999.463
1760725425084,999.28265
1760725425104,999.15344
1760725425124,999.02704
1760725425144,998.99585
1760725425165,999.0638
1760725425184,999.09094
1760725425204,999.1919
1760725425224,999.3205
1760725425245,999.33685
1760725425264,999.4003
1760725425285,999.4727
1760725425305,999.4967
1760725425324,999.73376
1760725425343,1000.00903
1760725425364,999.88916
1760725425384,1000.1886
1760725425403,1000.8772
1760725425425,1000.77844
1760725425444,1000.5764
1760725425464,1000.40063
1760725425485,1000.1891
1760725425504,999.93494
1760725425523,999.71045
1760725425543,999.4869
1760725425564,999.3883
1760725425585,999.3597
1760725425605,999.307
1760725425625,999.2541
1760725425644,999.27515
1760725425664,999.23517
1760725425684,999.2422
1760725425704,999.3211
1760725425726,999.3945
1760725425744,999.39435
1760725425764,999.2997
1760725425785,999.1905
1760725425804,999.1736
1760725425824,999.4797
1760725425845,999.50653
1760725425863,999.3151
1760725425884,999.35065
1760725425904,999.4525
1760725425924,999.41986
1760725425945,999.47894
1760725425964,999.6291
1760725425984,999.8809
1760725426004,1000.0619
1760725426023,1000.3097
1760725426045,1000.60706
1760725426065,1000.71686
1760725426085,1000.59985
1760725426104,1000.5772
1760725426124,1000.5739
1760725426144,1000.61127
1760725426165,1000.45135
1760725426184,1000.2203
1760725426203,999.9433
1760725426224,999.8181
1760725426244,999.77765
1760725426264,999.77594
1760725426285,999.77155
1760725426304,999.77655
1760725426323,999.7009
1760725426344,999.59076
1760725426363,999.4919
1760725426384,999.4665
1760725426406,999.4318
1760725426423,999.39404
1760725426444,999.33813
1760725426464,999.3272
1760725426484,999.28827
1760725426505,999.3817
1760725426524,999.5492
1760725426543,999.6944
1760725426563,999.59814
1760725426584,999.45905
1760725426605,999.53314
1760725426625,999.87946
1760725426644,1000.1414
1760725426664,1000.1373
1760725426684,1000.0795
1760725426704,1000.0206
1760725426725,1000.09357
1760725426745,1000.0387
1760725426765,999.6628
1760725426784,1001.02563
1760725426803,1000.3151
1760725426824,1000.0011
1760725426844,1000.4444
1760725426863,1000.21466
1760725426883,1000.26373
1760725426904,1000.1425
1760725426924,999.6344
1760725426944,999.45276
1760725426965,999.4517
1760725426984,999.4531
1760725427003,999.4909
1760725427023,999.58673
1760725427044,999.58954
1760725427064,999.62067
1760725427084,999.7717
1760725427103,999.89655
1760725427124,999.99493
1760725427144,1000.0609
1760725427164,999.8025
1760725427185,999.48486
1760725427204,999.59546
1760725427224,999.84045
1760725427243,999.9411
1760725427264,999.8856
1760725427284,999.74554
1760725427304,999.65857
1760725427324,999.6922
1760725427344,999.6852
1760725427363,999.64844
1760725427385,999.63336
1760725427404,999.9225
1760725427424,1000.2575
1760725427444,1000.3942
1760725427463,1000.34607
1760725427484,1000.0603
1760725427504,1000.09045
1760725427525,1000.2254
1760725427543,1000.105
1760725427563,999.8723
1760725427584,999.7111
1760725427604,999.5989
1760725427624,999.53705
1760725427644,999.5636
1760725427664,999.5583
1760725427684,999.58936
1760725427704,999.5747
1760725427725,999.5373
1760725427745,999.442
1760725427763,999.22675
1760725427783,999.0561
1760725427803,998.8772
1760725427824,998.83344
1760725427843,998.96173
1760725427864,999.256
1760725427884,999.54205
1760725427903,999.6086
1760725427924,999.6791
1760725427944,999.56
1760725427965,999.29407
1760725427984,999.7561
1760725428003,1000.6003
1760725428024,1000.5514
1760725428043,1000.6014
1760725428065,1000.796
1760725428085,1000.59033
1760725428104,1000.1061
1760725428124,999.84705
1760725428144,1000.1244
1760725428164,999.90546
1760725428185,999.25415
1760725428205,999.3717
1760725428224,1000.47516
1760725428244,1001.3084
1760725428265,999.4334
1760725428284,999.7623
1760725428304,1000.2465
1760725428324,1000.1125
1760725428343,1000.20984
1760725428364,999.3242
1760725428384,998.738
1760725428405,998.8258
1760725428425,999.5687
1760725428443,1000.04877
1760725428464,999.60626
1760725428484,999.17346
1760725428504,999.1802
1760725428524,999.3105
1760725428545,999.46954
1760725428564,999.6142
1760725428585,999.71204
1760725428604,999.64154
1760725428625,999.64905
1760725428645,999.62946
1760725428664,999.58826
1760725428684,999.45013
1760725428705,999.28467
1760725428724,999.1692
1760725428745,999.15845
1760725428765,999.0554
1760725428784,999.0044
1760725428804,999.1786
1760725428825,999.3039
1760725428844,999.31915
1760725428864,999.22095
1760725428884,999.3105
1760725428904,999.52374
1760725428923,999.84485
1760725428944,999.9963
1760725428964,1000.2395
1760725428985,1000.5636
1760725429004,1000.5505
1760725429024,1000.3725
1760725429044,1000.22125
1760725429065,1000.1967
1760725429085,1000.0886
1760725429106,999.9761
1760725429125,999.91907
1760725429144,999.84766
1760725429164,999.84814
1760725429185,999.8842
1760725429205,999.9489
1760725429224,999.96686
1760725429244,1000.02985
1760725429264,999.96265
1760725429284,999.7634
1760725429305,999.4895
1760725429326,999.2008
1760725429343,998.98737
1760725429363,998.9792
1760725429383,999.10297
1760725429404,999.28986
1760725429425,999.37225
1760725429444,999.5073
1760725429464,999.7128
1760725429484,999.7402
1760725429504,999.7448
1760725429525,999.81793
1760725429545,1000.0222
1760725429565,1000.03766
1760725429584,999.66046
1760725429604,999.89764
1760725429625,1000.3125
1760725429645,1000.3078
1760725429664,999.96655
1760725429684,999.91956
1760725429704,999.8737
1760725429723,1000.0094
1760725429744,999.7966
1760725429765,999.6197
1760725429784,999.5139
1760725429804,999.4362
1760725429825,999.4383
1760725429843,999.4241
1760725429864,999.2594
1760725429884,999.156
1760725429903,999.1752
1760725429923,999.2388
1760725429943,999.3328
1760725429964,999.28625
1760725429985,999.0791
1760725430004,998.9975
1760725430024,999.02075
1760725430044,999.29987
1760725430064,999.4545
1760725430084,999.0064
1760725430105,999.26575
1760725430123,999.4739
1760725430144,999.6622
1760725430163,999.7484
1760725430184,999.78235
1760725430204,999.9358
1760725430224,1000.2516
1760725430244,1000.4186
1760725430264,1000.58093
1760725430286,1000.65485
1760725430305,1000.6761
1760725430325,1000.7201
1760725430343,1000.77014
1760725430363,1000.78534
1760725430383,1000.64954
1760725430403,1000.4172
1760725430424,1000.20233
1760725430444,999.9746
1760725430464,999.8256
1760725430485,999.71625
1760725430504,999.6344
1760725430525,999.5514
1760725430545,999.4838
1760725430564,999.39624
1760725430584,999.27606
1760725430604,999.1797
1760725430624,999.2283
1760725430645,999.3115
1760725430665,999.4443
1760725430684,999.5425
1760725430704,999.6177
1760725430724,999.6994
1760725430744,999.7413
1760725430765,999.7144
1760725430785,999.76447
1760725430804,999.8514
1760725430825,1000.17487
1760725430843,1000.1614
1760725430864,999.7822
1760725430884,999.89124
1760725430903,1000.3792
1760725430923,1000.3155
1760725430943,1000.0042
1760725430963,1000.01654
1760725430984,1000.29584
1760725431005,1000.3743
1760725431024,1000.08984
1760725431044,999.8212
1760725431064,999.6284
1760725431085,999.572
1760725431105,999.4925
1760725431125,999.4924
1760725431144,999.57935
1760725431163,999.6766
1760725431185,999.64124
1760725431204,999.53107
1760725431225,999.5071
1760725431244,999.52856
1760725431263,999.48236
1760725431284,999.2355
1760725431305,999.0614
1760725431325,999.23456
1760725431344,999.5175
1760725431363,999.3705
1760725431384,999.4537
1760725431404,999.5142
1760725431424,999.4512
1760725431445,999.7532
1760725431464,1000.1964
1760725431483,1000.3681
1760725431504,1000.5547
1760725431524,1000.72797
1760725431544,1000.6933
1760725431565,1000.68665
1760725431583,1000.73596
1760725431604,1000.8128
1760725431624,1000.6372
1760725431645,1000.3828
1760725431665,1000.29376
1760725431685,1000.1353
1760725431704,1000.0711
1760725431724,1000.0589
1760725431744,1000.0039
1760725431764,999.995
1760725431786,1000.03253
1760725431804,1000.01904
1760725431824,999.9291
1760725431843,999.84546
1760725431863,999.8069
1760725431884,999.8098
1760725431904,999.8117
1760725431923,999.76953
1760725431944,999.6672
1760725431964,999.6144
1760725431984,999.64514
1760725432004,999.6068
1760725432024,999.64374
1760725432043,999.9506
1760725432064,999.9839
1760725432084,999.84235
1760725432104,1000.47015
1760725432125,1000.6091
1760725432144,1000.3025
1760725432164,1000.27454
1760725432184,1000.0563
1760725432204,999.9313
1760725432225,1000.0683
1760725432244,999.84924
1760725432264,999.5667
1760725432285,999.5097
1760725432304,999.5011
1760725432325,999.45544
1760725432344,999.39575
1760725432363,999.39703
1760725432384,999.41095
1760725432404,999.4197
1760725432424,999.41907
1760725432444,999.4442
1760725432464,999.46155
1760725432484,999.52594
1760725432504,999.4792
1760725432523,999.37
1760725432545,999.42444
1760725432566,999.5642
1760725432583,999.5594
1760725432604,999.90204
1760725432624,1000.0701
1760725432645,1000.22955
1760725432664,1000.34106
1760725432685,1000.27216
1760725432704,1000.14844
1760725432725,1000.247
1760725432744,1000.3961
1760725432764,1000.08325
1760725432785,999.92645
1760725432804,999.7556
1760725432824,999.59955
1760725432843,999.4299
1760725432864,999.34033
1760725432884,999.53284
1760725432904,999.65656
1760725432923,999.70184
1760725432944,999.8095
1760725432964,999.925
1760725432984,1000.03406
1760725433004,1000.04626
1760725433025,1000.25903
1760725433044,1000.58466
1760725433064,1000.8231
1760725433084,1001.13934
1760725433104,1001.3361
1760725433125,1001.44525
1760725433144,1001.34436
1760725433164,1000.83673
1760725433184,1000.89655
1760725433204,1000.4611
1760725433225,999.6114
1760725433245,999.6994
1760725433264,999.3661
1760725433285,998.83264
1760725433304,998.78766
1760725433324,998.72876
1760725433344,998.64185
1760725433363,998.73737
1760725433383,998.89844
1760725433404,999.16034
1760725433424,999.5206
1760725433445,999.62244
1760725433465,999.6337
1760725433484,999.6872
1760725433504,999.77655
1760725433524,999.82294
1760725433545,999.77435
1760725433566,999.6751
1760725433586,999.65173
1760725433604,999.72797
1760725433624,999.6877
1760725433644,999.59186
1760725433664,999.6272
1760725433685,999.69617
1760725433705,999.8917
1760725433724,1000.1486
1760725433744,1000.1917
1760725433764,1000.23517
1760725433784,1000.17596
1760725433805,999.985
1760725433825,999.675
1760725433844,999.52466
1760725433863,999.483
1760725433883,999.447
1760725433904,999.5333
1760725433924,999.71265
1760725433944,999.96985
1760725433964,1000.16595
1760725433985,1000.257
1760725434005,1000.10126
1760725434025,999.95605
1760725434045,999.7512
1760725434064,999.5492
1760725434084,999.3109
1760725434103,999.1191
1760725434125,999.0453
1760725434146,999.0222
1760725434164,999.0577
1760725434184,999.1873
1760725434204,999.36
1760725434225,999.5617
1760725434245,999.8002
1760725434264,999.95123
1760725434285,1000.02765
1760725434304,1000.21094
1760725434324,1000.4822
1760725434344,1000.73236
1760725434364,1000.8446
1760725434383,1000.8016
1760725434404,1000.65063
1760725434423,1000.47406
1760725434444,1000.33856
1760725434465,1000.1546
1760725434485,999.915
1760725434504,999.76935
1760725434524,999.71686
1760725434544,999.70953
1760725434564,999.78406
1760725434584,999.8719
1760725434603,1000.0044
1760725434623,1000.16376
1760725434643,1000.2995
1760725434663,1000.2961
1760725434684,1000.2179
1760725434704,1000.66174
1760725434724,1000.4564
1760725434744,1000.0758
1760725434764,1000.188
1760725434785,999.9173
1760725434805,999.6639
1760725434824,999.4889
1760725434843,999.3206
1760725434864,999.28674
1760725434883,999.40765
1760725434904,999.5448
1760725434925,999.59973
1760725434944,999.58856
1760725434964,999.5731
1760725434985,999.53296
1760725435004,999.54706
1760725435025,999.6311
1760725435045,999.58923
1760725435065,999.4314
1760725435084,999.258
1760725435104,999.1686
1760725435125,999.1678
1760725435145,999.2661
1760725435164,999.5589
1760725435184,999.85205
1760725435204,999.7522
1760725435224,999.6436
1760725435245,999.623
1760725435265,999.574
1760725435284,999.83704
1760725435304,1000.02203
1760725435324,1000.2612
1760725435343,1000.39453
1760725435364,1000.4552
1760725435384,1000.6203
1760725435404,1000.66846
1760725435424,1000.60187
1760725435444,1000.5461
1760725435464,1000.47687
1760725435485,1000.3087
1760725435505,1000.1189
1760725435524,1000.02563
1760725435544,999.9267
1760725435564,999.83563
1760725435584,999.8284
1760725435605,999.83826
1760725435624,999.8245
1760725435645,999.7749
1760725435664,999.70184
1760725435684,999.6197
1760725435705,999.4971
1760725435724,999.3961
1760725435744,999.4403
1760725435764,999.59296
1760725435784,999.6408
1760725435805,999.6213
1760725435825,999.63513
1760725435843,999.72675
1760725435863,999.78766
1760725435883,999.89
1760725435904,999.94763
1760725435924,1000.09235
1760725435944,1000.15326
1760725435963,999.71783
1760725435984,999.548
1760725436004,1000.5089
1760725436025,1000.17053
1760725436045,1000.08856
1760725436065,1000.0964
1760725436084,1000.22736
1760725436104,1000.27014
1760725436125,1000.08685
1760725436145,999.8091
1760725436165,999.7554
1760725436185,999.79016
1760725436204,999.86017
1760725436224,999.8826
1760725436245,999.85095
1760725436264,999.76746
1760725436285,999.70654
1760725436303,999.7519
1760725436324,999.8095
1760725436344,999.73016
1760725436364,999.6058
1760725436384,999.3561
1760725436403,999.1736
1760725436423,999.52734
1760725436444,999.89655
1760725436464,999.76013
1760725436485,1000.0016
1760725436504,1000.0466
1760725436524,1000.2442
1760725436544,1000.44794
1760725436564,1000.54987
1760725436584,1000.7824
1760725436604,1000.9843
1760725436623,1000.8786
1760725436644,1000.71954
1760725436664,1000.66376
1760725436684,1000.8248
1760725436705,1000.8647
1760725436725,1000.5888
1760725436743,1000.2542
1760725436763,999.95544
1760725436783,999.79407
1760725436805,999.7362
1760725436824,999.7426
1760725436844,999.8006
1760725436863,999.83813
1760725436883,999.8688
1760725436904,999.88403
1760725436924,999.74927
1760725436944,999.5775
1760725436964,999.40936
1760725436984,999.2438
1760725437004,999.20685
1760725437024,999.3631
1760725437044,999.60767
1760725437064,999.7534
1760725437083,999.7639
1760725437104,999.78815
1760725437123,999.6833
1760725437144,999.6056
1760725437165,999.6782
1760725437185,999.85706
1760725437204,1000.08966
1760725437225,1000.33734
1760725437245,1000.33435
1760725437265,1000.2012
1760725437284,1000.4047
1760725437303,1000.6081
1760725437324,1000.33795
1760725437346,1000.22345
1760725437363,1000.761
1760725437384,1000.47174
1760725437403,1000.137
1760725437423,1000.1414
1760725437443,999.94763
1760725437464,999.83484
1760725437484,999.8231
1760725437504,999.72235
1760725437524,999.57513
1760725437544,999.5594
1760725437564,999.60455
1760725437584,999.58325
1760725437605,999.62317
1760725437624,999.6383
1760725437645,999.6183
1760725437664,999.5083
1760725437684,999.41815
1760725437704,999.19794
1760725437725,999.17706
1760725437743,999.2969
1760725437764,999.4828
1760725437784,999.65546
1760725437805,999.64044
1760725437824,999.65155
1760725437846,999.85205
1760725437863,1000.0047
1760725437883,1000.2356
1760725437904,1000.3772
1760725437923,1000.5039
1760725437944,1000.6538
1760725437963,1000.77716
1760725437984,1000.9269
1760725438003,1000.9263
1760725438024,1000.8872
1760725438044,1000.66986
1760725438065,1000.41956
1760725438083,1000.3077
1760725438103,1000.1803
1760725438124,1000.1061
1760725438144,1000.0128
1760725438164,999.9714
1760725438185,999.9628
1760725438206,999.8881
1760725438224,999.8259
1760725438244,999.69794
1760725438265,999.6336
1760725438285,999.52246
1760725438304,999.452
1760725438324,999.4245
1760725438345,999.47833
1760725438364,999.5717
1760725438384,999.71234
1760725438404,999.85065
1760725438423,1000.0073
1760725438443,1000.0339
1760725438463,1000.0076
1760725438484,1000.0468
1760725438504,1000.3789
1760725438524,1000.5697
1760725438544,1000.1939
1760725438563,1000.2025
1760725438583,1000.8117
1760725438604,1000.2741
1760725438624,1000.6285
1760725438644,1000.3547
1760725438664,999.91125
1760725438684,999.9437
1760725438704,999.9294
1760725438724,999.7739
1760725438746,999.6541
1760725438764,999.6362
1760725438784,999.5822
1760725438804,999.46857
1760725438824,999.3862
1760725438844,999.3809
1760725438863,999.39185
1760725438883,999.3605
1760725438903,999.29486
1760725438924,999.128
1760725438944,999.08075
1760725438965,999.1583
1760725438984,999.1867
1760725439003,999.2608
1760725439024,999.483
1760725439044,999.6461
1760725439064,999.7664
1760725439083,999.6683
1760725439104,999.73047
1760725439123,999.95044
1760725439144,1000.33435
1760725439164,1000.58124
1760725439184,1000.7045
1760725439204,1000.54065
1760725439223,1000.53564
1760725439244,1000.71533
1760725439264,1000.8264
1760725439284,1000.84174
1760725439304,1000.61664
1760725439323,1000.3161
1760725439343,1000.09344
1760725439363,999.9451
1760725439383,999.83936
1760725439404,999.65826
1760725439423,999.51624
1760725439443,999.4245
1760725439463,999.39294
1760725439484,999.4442
1760725439504,999.50635
1760725439525,999.65173
1760725439544,999.7406
1760725439563,999.77893
1760725439583,999.8078
1760725439603,999.8653
1760725439624,999.84564
1760725439643,999.83014
1760725439663,999.96045
1760725439683,1000.3589
1760725439703,1000.89655
1760725439724,1000.77905
1760725439745,1000.2383
1760725439764,1000.8766
1760725439783,1000.60077
1760725439803,1000.26544
1760725439824,1000.72217
1760725439844,1000.35156
1760725439870,1000.08417
1760725439883,1000.2297
1760725439903,1000.13513
1760725439923,999.98376
1760725439943,999.95593
1760725439964,999.95374
1760725439983,999.8826
1760725440003,999.8709
1760725440023,999.84216
1760725440173,999.39703
1760725440193,999.6858
1760725440212,1000.0019
1760725440232,999.98236
1760725440252,1000.10126
1760725440273,1000.04517
1760725440293,999.85767
1760725440313,1000.0986
1760725440333,1000.4245
1760725440353,1000.7969
1760725440372,1000.96515
1760725440393,1000.97656
1760725440414,1000.8458
1760725440434,1000.61084
1760725440452,1000.4472
1760725440473,1000.3795
1760725440493,1000.21674
1760725440514,1000.0312
1760725440533,999.7773
1760725440553,999.595
1760725440573,999.4841
1760725440593,999.46655
1760725440613,999.4942
1760725440634,999.5045
1760725440654,999.51917
1760725440673,999.45764
1760725440693,999.3869
1760725440713,999.47845
1760725440733,999.7239
1760725440754,999.8839
1760725440773,999.77936
1760725440793,999.7324
1760725440813,999.66656
1760725440833,999.6636
1760725440853,1000.0437
1760725440873,1000.47235
1760725440893,1000.3247
1760725440912,1000.2028
1760725440933,1001.40393
1760725440954,1000.7988
1760725440973,1001.28955
1760725440993,1000.8524
1760725441013,1000.4963
1760725441033,1000.3297
1760725441053,1000.1678
1760725441073,1000.1046
1760725441094,1000.0778
1760725441113,1000.02545
1760725441133,999.9403
1760725441153,999.79047
1760725441173,999.6436
1760725441194,999.5337
1760725441214,999.4978
1760725441233,999.4803
1760725441252,999.4164
1760725441273,999.2388
1760725441293,999.1669
1760725441313,999.39795
1760725441333,999.8034
1760725441353,1000.0453
1760725441372,1000.1689
1760725441392,1000.0467
1760725441413,999.9661
1760725441433,999.9937
1760725441452,1000.1389
1760725441473,1000.2495
1760725441492,1000.27905
1760725441513,1000.3175
1760725441533,1000.5039
1760725441553,1000.58746
1760725441572,1000.6116
1760725441592,1000.6378
1760725441612,1000.6986
1760725441633,1000.6784
1760725441653,1000.5439
1760725441672,1000.3198
1760725441692,1000.14716
1760725441712,1000.02576
1760725441733,999.90967
1760725441753,999.8077
1760725441773,999.6661
1760725441792,999.59076
1760725441812,999.53125
1760725441833,999.5203
1760725441853,999.59357
1760725441874,999.78906
1760725441893,999.8766
1760725441913,999.91095
1760725441933,999.9089
1760725441953,999.8173
1760725441974,999.7192
1760725441993,999.7416
1760725442014,999.7989
1760725442033,1000.0094
1760725442053,1000.3653
1760725442074,1000.27795
1760725442094,999.86487
1760725442114,1000.53125
1760725442133,1000.6841
1760725442153,1001.0428
1760725442173,1000.96533
1760725442193,1000.56866
1760725442214,1000.6021
1760725442233,1000.6205
1760725442253,1000.20703
1760725442274,999.9886
1760725442293,999.91595
1760725442313,999.85455
1760725442334,999.7834
1760725442353,999.73157
1760725442373,999.72845
1760725442393,999.64124
1760725442414,999.59937
1760725442434,999.57904
1760725442454,999.5625
1760725442473,999.38873
1760725442493,999.39435
1760725442513,999.6895
1760725442533,999.86066
1760725442554,1000.2328
1760725442573,1000.3727
1760725442594,1000.59485
1760725442613,1000.66266
1760725442633,1000.3856
1760725442653,1000.40485
1760725442674,1000.5518
1760725442693,1000.76544
1760725442713,1000.8764
1760725442733,1000.91705
1760725442753,1000.85693
1760725442774,1000.90497
1760725442793,1001.0603
1760725442814,1001.09424
1760725442833,1001.01
1760725442853,1000.78015
1760725442874,1000.41626
1760725442894,1000.2165
1760725442913,1000.0506
1760725442933,1000.0112
1760725442952,1000.0117
1760725442973,1000.09406
1760725442994,1000.1247
1760725443013,1000.1186
1760725443033,1000.1184
1760725443053,1000.0519
1760725443072,1000.0711
1760725443094,1000.0238
1760725443114,999.9924
1760725443133,999.95654
1760725443153,999.9991
1760725443173,1000.0203
1760725443193,1000.0783
1760725443214,1000.1795
1760725443234,1000.2012
1760725443253,1000.21844
1760725443273,1000.46893
1760725443293,1000.77374
1760725443313,1000.7442
1760725443334,1000.1872
1760725443353,1000.762
1760725443374,1000.47955
1760725443393,1000.0062
1760725443413,999.8826
1760725443433,999.7081
1760725443454,999.71765
1760725443473,999.7511
1760725443493,999.6222
1760725443513,999.51825
1760725443533,999.5717
1760725443554,999.7198
1760725443573,999.7294
1760725443594,999.698
1760725443613,999.66876
1760725443633,999.71686
1760725443654,999.77454
1760725443675,999.78516
1760725443694,999.8511
1760725443713,999.8272
1760725443733,999.80096
1760725443753,999.84454
1760725443773,1000.0254
1760725443794,1000.2493
1760725443814,1000.3205
1760725443833,1000.14294
1760725443853,1000.0662
1760725443873,999.91113
1760725443894,999.71765
1760725443913,999.6786
1760725443933,999.91876
1760725443953,1000.1375
1760725443973,1000.21075
1760725443994,1000.2292
1760725444014,1000.106
1760725444033,999.85455
1760725444053,999.8156
1760725444073,999.8072
1760725444093,999.8006
1760725444114,999.8731
1760725444134,999.97876
1760725444153,1000.0089
1760725444173,999.99
1760725444193,999.94653
1760725444214,999.975
1760725444234,1000.04785
1760725444253,1000.15
1760725444273,1000.2875
1760725444293,1000.45013
1760725444313,1000.64825
1760725444333,1000.8767
1760725444355,1001.1205
1760725444372,1001.27124
1760725444392,1001.2353
1760725444412,1000.9778
1760725444433,1000.47
1760725444454,1000.40564
1760725444473,1000.45404
1760725444493,999.6739
1760725444513,999.40576
1760725444533,999.69904
1760725444554,999.5454
1760725444575,999.34485
1760725444593,999.59454
1760725444613,999.46594
1760725444633,999.27893
1760725444653,999.27844
1760725444674,999.37164
1760725444694,999.55414
1760725444713,999.78455
1760725444733,999.89594
1760725444753,999.9578
1760725444773,1000.00366
1760725444794,999.986
1760725444813,999.97736
1760725444833,999.96326
1760725444854,1000.01514
1760725444873,1000.04236
1760725444893,1000.02313
1760725444914,999.96356
1760725444933,999.8806
1760725444953,999.84485
1760725444973,999.79596
1760725444994,999.9228
1760725445014,1000.0495
1760725445033,1000.02435
1760725445053,999.84467
1760725445073,999.755
1760725445093,999.6783
1760725445113,999.61633
1760725445134,999.6192
1760725445153,999.7463
1760725445173,999.9467
1760725445192,1000.0744
1760725445213,1000.27844
1760725445234,1000.60657
1760725445254,1000.915
1760725445273,1000.9266
1760725445293,1000.66986
1760725445313,1000.4423
1760725445334,1000.23456
1760725445354,1000.10596
1760725445373,1000.08325
1760725445393,999.9867
1760725445413,999.8605
1760725445433,999.73737
1760725445453,999.6479
1760725445474,999.6397
1760725445493,999.67737
1760725445513,999.7466
1760725445533,999.78217
1760725445553,999.78156
1760725445574,999.7864
1760725445593,999.8016
1760725445613,999.90845
1760725445633,999.9739
1760725445653,999.85266
1760725445674,999.8011
1760725445694,999.85974
1760725445713,999.96875
1760725445733,1000.13513
1760725445753,1000.3042
1760725445773,1000.45844
1760725445794,1000.4828
1760725445814,1000.658
1760725445833,1000.517
1760725445853,1000.2441
1760725445873,1000.34015
1760725445894,1001.0186
1760725445914,1001.039
1760725445933,1001.27234
1760725445953,1000.92596
1760725445973,1000.4841
1760725445993,1000.5456
1760725446013,1000.58826
1760725446034,1000.34827
1760725446053,1000.1823
1760725446073,1000.165
1760725446093,1000.108
1760725446114,1000.04266
1760725446134,1000.0267
1760725446153,1000.01733
1760725446173,999.9183
1760725446193,999.89844
1760725446213,999.7886
1760725446233,999.69867
1760725446254,999.6583
1760725446273,999.7598
1760725446293,999.8848
1760725446313,999.95013
1760725446333,1000.1525
1760725446354,1000.2468
1760725446374,1000.4376
1760725446394,1000.6763
1760725446413,1000.91815
1760725446433,1001.1337
1760725446453,1001.1161
1760725446475,1001.1597
1760725446493,1001.08563
1760725446513,1000.83624
1760725446533,1000.59106
1760725446553,1000.382
1760725446574,1000.175
1760725446594,1000.0055
1760725446614,999.9458
1760725446633,999.8733
1760725446653,999.8173
1760725446673,999.8006
1760725446694,999.77234
1760725446713,999.7587
1760725446733,999.7411
1760725446753,999.73987
1760725446773,999.60077
1760725446793,999.5108
1760725446814,999.5331
1760725446833,999.7498
1760725446853,999.9391
1760725446873,1000.15106
1760725446893,1000.2395
1760725446914,1000.2039
1760725446934,1000.14307
1760725446953,1000.5034
1760725446973,1000.6167
1760725446994,1000.2308
1760725447013,1001.08936
1760725447034,1001.2144
1760725447055,1000.9614
1760725447073,1000.5647
1760725447093,1000.2425
1760725447113,1000.2725
1760725447134,1000.32776
1760725447155,1000.0581
1760725447173,999.85657
1760725447193,999.91235
1760725447213,1000.0756
1760725447233,1000.1039
1760725447254,1000.0469
1760725447273,999.95764
1760725447293,999.8561
1760725447314,999.8703
1760725447333,999.9545
1760725447353,999.9356
1760725447374,999.91144
1760725447393,999.9456
1760725447413,999.6261
1760725447433,999.4186
1760725447453,999.39764
1760725447473,999.8672
1760725447494,1000.3964
1760725447513,1000.3127
1760725447533,1000.29626
1760725447553,1000.27374
1760725447573,1000.4833
1760725447594,1000.7256
1760725447613,1000.7631
1760725447633,1000.6417
1760725447653,1000.46716
1760725447673,1000.308
1760725447693,1000.5126
1760725447714,1000.7192
1760725447733,1000.71844
1760725447753,1000.59686
1760725447773,1000.3713
1760725447793,1000.1772
1760725447814,1000.0027
1760725447833,999.9498
1760725447853,999.8956
1760725447873,999.85156
1760725447893,999.7595
1760725447913,999.67096
1760725447934,999.65063
1760725447953,999.6862
1760725447974,999.76483
1760725447993,999.865
1760725448013,999.8361
1760725448033,999.77405
1760725448054,1000.02545
1760725448073,1000.1245
1760725448093,1000.15063
1760725448113,1000.1091
1760725448133,1000.1889
1760725448155,1000.3107
1760725448173,1000.502
1760725448193,1000.6153
1760725448213,1000.14716
1760725448233,1000.6219
1760725448254,1000.9525
1760725448274,1000.50586
1760725448293,1000.6309
1760725448313,1000.72205
1760725448333,1000.6917
1760725448353,1000.6114
1760725448374,1000.3561
1760725448393,1000.03467
1760725448413,999.9409
1760725448433,999.9472
1760725448453,999.9317
1760725448474,999.82623
1760725448494,999.7639
1760725448514,999.73846
1760725448533,999.7333
1760725448553,999.79736
1760725448573,999.8627
1760725448594,999.8702
1760725448614,999.64716
1760725448633,999.6211
1760725448653,999.71326
1760725448673,1000.08624
1760725448693,1000.1253
1760725448714,1000.0744
1760725448733,1000.3716
1760725448753,1000.52966
1760725448773,1000.41626
1760725448793,1000.4858
1760725448813,1000.7962
1760725448836,1000.9378
1760725448853,1000.83453
1760725448873,1000.6422
1760725448893,1000.3717
1760725448913,1000.40936
1760725448934,1000.5607
1760725448954,1000.58856
1760725448973,1000.59717
1760725448993,1000.46356
1760725449013,1000.3111
1760725449034,1000.2589
1760725449053,1000.26544
1760725449073,1000.22906
1760725449093,1000.2392
1760725449113,1000.14966
1760725449133,999.95624
1760725449153,999.7989
1760725449174,999.7203
1760725449193,999.6831
1760725449213,999.6951
1760725449233,999.7911
1760725449254,999.9167
1760725449274,999.87683
1760725449293,999.9291
1760725449313,1000.22034
1760725449334,1000.233
1760725449353,1000.175
1760725449374,1000.1717
1760725449394,1000.2204
1760725449413,1000.3489
1760725449432,1000.6219
1760725449453,1000.5114
1760725449473,1000.09845
1760725449494,1000.1622
1760725449514,1000.66235
1760725449533,1000.4489
1760725449553,1000.72797
1760725449573,1000.7072
1760725449593,1000.6368
1760725449614,1000.752
1760725449633,1000.678
1760725449653,1000.34045
1760725449674,1000.1658
1760725449693,1000.0803
1760725449713,1000.01666
1760725449734,999.9783
1760725449753,1000.02435
1760725449773,1000.04297
1760725449793,1000.0731
1760725449814,1000.07153
1760725449834,1000.02185
1760725449853,999.78546
1760725449873,999.5975
1760725449893,999.5339
1760725449913,999.4542
1760725449934,999.4855
1760725449954,999.7408
1760725449973,999.77844
1760725449993,999.775
1760725450013,1000.0825
1760725450033,1000.1647
1760725450054,1000.32965
1760725450075,1000.71326
1760725450093,1001.03375
1760725450113,1001.21216
1760725450133,1001.28674
1760725450153,1001.4809
1760725450174,1001.5095
1760725450193,1001.3239
1760725450213,1001.1664
1760725450233,1001.02075
1760725450253,1000.7861
1760725450274,1000.6895
1760725450294,1000.5524
1760725450313,1000.45624
1760725450333,1000.3631
1760725450353,1000.3198
1760725450374,1000.26404
1760725450394,1000.257
1760725450414,1000.17377
1760725450433,1000.1356
1760725450453,1000.07654
1760725450474,999.9242
1760725450494,999.82904
1760725450514,999.84546
1760725450533,999.97095
1760725450553,1000.0758
1760725450573,1000.15344
1760725450593,1000.14844
1760725450614,1000.0375
1760725450634,999.99536
1760725450653,1000.2514
1760725450673,1000.83594
1760725450693,1000.8652
1760725450713,1000.5776
1760725450734,1001.23724
1760725450753,1001.08936
1760725450774,1000.85266
1760725450793,1000.73737
1760725450814,1000.3153
1760725450833,1000.1682
1760725450854,1000.13477
1760725450873,999.9938
1760725450893,999.8655
1760725450913,999.89813
1760725450933,999.9439
1760725450954,999.938
1760725450973,999.8091
1760725450994,999.8186
1760725451013,999.82733
1760725451033,999.76624
1760725451053,999.7508
1760725451074,999.7633
1760725451093,999.70374
1760725451113,999.52124
1760725451133,999.3727
1760725451153,999.4297
1760725451174,999.55774
1760725451194,999.8126
1760725451213,1000.04126
1760725451233,1000.04346
1760725451253,1000.1252
1760725451273,1000.16223
1760725451294,1000.60925
1760725451313,1000.97284
1760725451333,1001.1
1760725451353,1001.14435
1760725451373,1001.0492
1760725451394,1000.8613
1760725451414,1000.7593
1760725451433,1000.7944
1760725451453,1000.8497
1760725451473,1000.7339
1760725451493,1000.6314
1760725451514,1000.56836
1760725451533,1000.60376
1760725451553,1000.6281
1760725451573,1000.61
1760725451593,1000.5502
1760725451614,1000.41876
1760725451634,1000.3225
1760725451653,1000.21625
1760725451673,1000.0608
1760725451693,999.90906
1760725451714,999.89404
1760725451734,1000.0009
1760725451754,1000.01825
1760725451773,1000.08075
1760725451793,1000.08295
1760725451813,1000.10956
1760725451833,1000.16406
1760725451854,1000.2962
1760725451873,1000.4972
1760725451893,1000.90326
1760725451913,1000.48517
1760725451933,1000.34076
1760725451954,1001.3005
1760725451974,1000.7665
1760725451993,1000.47437
1760725452013,1000.1862
1760725452033,1000.01263
1760725452054,1000.0684
1760725452074,1000.0495
1760725452093,999.9267
1760725452113,999.8328
1760725452133,999.77045
1760725452153,999.84576
1760725452173,999.9029
1760725452194,999.85406
1760725452214,999.7481
1760725452233,999.6647
1760725452253,999.5989
1760725452273,999.53845
1760725452293,999.47656
1760725452314,999.42773
1760725452333,999.53455
1760725452353,999.6775
1760725452373,1000.09
1760725452393,1000.40753
1760725452414,1000.3399
1760725452433,1000.1261
1760725452453,1000.0619
1760725452473,1000.23517
1760725452493,1000.7128
1760725452513,1000.715
1760725452534,1000.70734
1760725452553,1000.8714
1760725452573,1000.98267
1760725452593,1001.0822
1760725452613,1000.9831
1760725452634,1000.9243
1760725452653,1000.85236
1760725452673,1000.70544
1760725452693,1000.48737
1760725452713,1000.33124
1760725452733,1000.21674
1760725452754,1000.17505
1760725452773,1000.14923
1760725452794,1000.0611
1760725452813,999.97986
1760725452833,999.9236
1760725452854,999.8855
1760725452874,999.8769
1760725452893,999.9425
1760725452913,1000.03577
1760725452933,1000.0589
1760725452953,1000.0597
1760725452974,1000.0528
1760725452993,1000.15295
1760725453013,1000.33484
1760725453033,1000.5084
1760725453053,1000.7897
1760725453074,1000.9842
1760725453094,1000.6719
1760725453113,1001.0986
1760725453133,1001.6108
1760725453153,1001.0864
1760725453173,1001.03827
1760725453193,1000.67346
1760725453213,1000.5558
1760725453233,1000.6053
1760725453253,1000.34247
1760725453273,1000.1284
1760725453294,1000.0372
1760725453314,999.99567
1760725453333,999.96893
1760725453353,999.95905
1760725453373,1000.0109
1760725453393,999.9725
1760725453413,999.9828
1760725453434,1000.0061
1760725453453,999.9983
1760725453473,999.79065
1760725453493,999.6241
1760725453513,999.65845
1760725453533,999.99866
1760725453553,1000.27576
1760725453573,1000.2075
1760725453593,1000.3281
1760725453613,1000.62
1760725453634,1000.8205
1760725453654,1001.0328
1760725453673,1001.09564
1760725453694,1000.91455
1760725453713,1000.71533
1760725453734,1000.5609
1760725453753,1000.5645
1760725453774,1000.6537
1760725453793,1000.71515
1760725453813,1000.58984
1760725453833,1000.4288
1760725453854,1000.26843
1760725453874,1000.04034
1760725453894,999.89124
1760725453913,999.8072
1760725453933,999.8008
1760725453953,999.8198
1760725453973,999.8681
1760725453995,999.9872
1760725454013,1000.1841
1760725454033,1000.33575
1760725454053,1000.45575
1760725454073,1000.4822
1760725454094,1000.4548
1760725454113,1000.4414
1760725454133,1000.517
1760725454153,1000.7686
1760725454173,1001.3234
1760725454193,1000.93994
1760725454214,1000.8815
1760725454233,1001.4331
1760725454253,1001.22217
1760725454273,1000.33813
1760725454293,999.8791
1760725454313,1000.01843
1760725454334,1000.1981
1760725454353,999.97626
1760725454373,999.84235
1760725454393,999.6326
1760725454414,999.56195
1760725454434,999.7858
1760725454453,999.95013
1760725454473,999.91016
1760725454493,999.90564
1760725454513,1000.0122
1760725454533,1000.1444
1760725454554,1000.1422
1760725454573,1000.1741
1760725454593,1000.34735
1760725454613,1000.51404
1760725454633,1000.66064
1760725454654,1000.85046
1760725454673,1000.89905
1760725454693,1000.7484
1760725454713,1000.72705
1760725454732,1000.6373
1760725454753,1000.432
1760725454773,1000.2763
1760725454793,1000.2526
1760725454813,1000.34546
1760725454833,1000.35046
1760725454853,1000.38153
1760725454874,1000.4372
1760725454894,1000.45233
1760725454913,1000.45935
1760725454933,1000.4277
1760725454953,1000.3709
1760725454973,1000.23486
1760725454994,1000.32446
1760725455013,1000.41986
1760725455033,1000.3889
1760725455053,1000.4239
1760725455073,1000.3767
1760725455093,1000.3748
1760725455114,1000.3932
1760725455133,1000.45123
1760725455154,1000.5447
1760725455173,1000.7353
1760725455193,1000.91846
1760725455214,1001.1301
1760725455233,1001.47406
1760725455254,1001.67285
1760725455273,1001.71747
1760725455293,1001.82
1760725455313,1001.81146
1760725455334,1001.86707
1760725455353,1001.7425
1760725455373,1001.4242
1760725455393,1001.2526
1760725455413,1000.8786
1760725455434,1000.19696
1760725455454,1000.23883
1760725455473,1000.33124
1760725455493,1000.0611
1760725455513,999.9459
1760725455534,999.6333
1760725455554,999.3169
1760725455574,999.21375
1760725455593,999.2377
1760725455613,999.3306
1760725455633,999.47516
1760725455653,999.6636
1760725455674,999.71277
1760725455693,999.7544
1760725455713,999.8272
1760725455733,999.9391
1760725455753,1000.01953
1760725455774,1000.0503
1760725455793,1000.0789
1760725455813,1000.0975
1760725455833,1000.0472
1760725455853,1000.0583
1760725455874,1000.0538
1760725455894,1000.0135
1760725455913,999.98016
1760725455933,999.97437
1760725455953,999.9384
1760725455973,999.9292
1760725455994,999.96155
1760725456014,999.9498
1760725456033,999.9
1760725456053,999.9772
1760725456073,1000.1025
1760725456093,1000.27985
1760725456113,1000.1272
1760725456133,1000.0123
1760725456153,1000.04266
1760725456173,999.9888
1760725456193,999.95013
1760725456213,999.86816
1760725456234,1000.0038
1760725456253,1000.40283
1760725456273,1000.76874
1760725456293,1001.1895
1760725456313,1001.4269
1760725456334,1001.4327
1760725456354,1001.14294
1760725456373,1000.83405
1760725456393,1000.752
1760725456413,1000.77325
1760725456433,1000.71564
1760725456455,1000.4875
1760725456473,1000.33655
1760725456493,1000.3127
1760725456513,1000.32544
1760725456533,1000.39594
1760725456554,1000.4531
1760725456574,1000.5131
1760725456593,1000.4897
1760725456613,1000.4372
1760725456633,1000.2991
1760725456653,1000.14435
1760725456674,1000.013
1760725456695,999.8711
1760725456713,999.85345
1760725456733,999.96826
1760725456753,1000.26544
1760725456774,1000.4156
1760725456796,1000.4362
1760725456813,1000.48737
1760725456834,1000.5453
1760725456853,1000.46
1760725456873,1000.58685
1760725456894,1001.0556
1760725456913,1001.02826
1760725456933,1000.66205
1760725456953,1001.875
1760725456973,1001.85077
1760725456993,1001.6646
1760725457014,1001.3688
1760725457033,1000.8625
1760725457053,1000.4794
1760725457073,1000.3839
1760725457093,1000.13934
1760725457113,1000.06476
1760725457134,1000.0734
1760725457153,1000.09106
1760725457173,1000.0739
1760725457193,1000.0719
1760725457214,1000.1108
1760725457234,1000.1617
1760725457253,1000.1719
1760725457273,1000.1831
1760725457293,1000.1792
1760725457313,1000.1947
1760725457333,1000.1717
1760725457355,1000.0423
1760725457374,999.98627
1760725457393,1000.0469
1760725457413,1000.2944
1760725457433,1000.5525
1760725457454,1000.44226
1760725457474,1000.4188
1760725457493,1000.3756
1760725457513,1000.26624
1760725457533,1000.21533
1760725457553,1000.41125
1760725457573,1000.59515
1760725457594,1000.8209
1760725457613,1001.01404
1760725457633,1001.0552
1760725457653,1000.96906
1760725457673,1000.8942
1760725457694,1000.8872
1760725457713,1000.83624
1760725457733,1000.7042
1760725457753,1000.53595
1760725457773,1000.3169
1760725457794,1000.2366
1760725457813,1000.2561
1760725457833,1000.3244
1760725457853,1000.4222
1760725457873,1000.5634
1760725457894,1000.6345
1760725457914,1000.70465
1760725457933,1000.65765
1760725457953,1000.4794
1760725457973,1000.22595
1760725457993,1000.0662
1760725458014,999.96155
1760725458034,1000.19885
1760725458053,1000.3047
1760725458073,1000.29486
1760725458093,1000.16125
1760725458113,1000.0677
1760725458134,999.97375
1760725458153,999.95435
1760725458173,999.97797
1760725458193,1000.13794
1760725458213,1000.4919
1760725458234,1000.9187
1760725458254,1000.8773
1760725458273,1000.3047
1760725458293,1000.9869
1760725458313,1001.3606
1760725458333,1001.0544
1760725458354,1001.2672
1760725458373,1001.21814
1760725458393,1001.01654
1760725458413,1000.89
1760725458433,1000.5708
1760725458454,1000.28107
1760725458474,1000.19684
1760725458493,1000.192
1760725458513,1000.2375
1760725458533,1000.3008
1760725458553,1000.3141
1760725458574,1000.2693
1760725458594,1000.26404
1760725458613,1000.22815
1760725458633,1000.1717
1760725458653,1000.14453
1760725458673,1000.0897
1760725458694,999.9362
1760725458714,999.76825
1760725458733,999.73016
1760725458752,999.868
1760725458773,1000.1322
1760725458794,1000.19464
1760725458814,1000.483
1760725458833,1000.47546
1760725458853,1000.35876
1760725458875,1000.41516
1760725458893,1000.6389
1760725458914,1000.9862
1760725458934,1001.22546
1760725458953,1001.3586
1760725458973,1001.1898
1760725458994,1000.9531
1760725459014,1000.8892
1760725459034,1001.012
1760725459053,1001.01624
1760725459073,1000.8674
1760725459093,1000.72314
1760725459113,1000.6317
1760725459133,1000.4794
1760725459154,1000.5738
1760725459173,1000.6197
1760725459193,1000.6794
1760725459213,1000.7703
1760725459234,1000.7383
1760725459254,1000.64844
1760725459273,1000.5197
1760725459293,1000.3809
1760725459313,1000.2572
1760725459333,1000.15607
1760725459353,1000.0647
1760725459374,1000.0159
1760725459393,1000.13
1760725459413,1000.2492
1760725459433,1000.26764
1760725459454,1000.3597
1760725459474,1000.3847
1760725459493,1000.3892
1760725459513,1000.41345
1760725459533,1000.47687
1760725459553,1000.7431
1760725459574,1001.0157
1760725459594,1000.5931
1760725459613,1000.71234
1760725459633,1001.9192
1760725459653,1001.3748
1760725459674,1000.8833
1760725459694,1000.731
1760725459714,1000.6033
1760725459733,1000.58374
1760725459753,1000.3728
1760725459773,1000.1475
1760725459793,1000.0079
1760725459814,999.9263
1760725459833,999.9575
1760725459853,1000.1067
1760725459873,1000.1969
1760725459893,1000.28094
1760725459913,1000.3322
1760725459934,1000.33075
1760725459953,1000.3225
1760725459973,1000.34204
1760725459993,1000.34924
1760725460013,1000.2452
1760725460034,1000.1478
1760725460053,1000.04297
1760725460073,1000.0817
1760725460093,999.9995
1760725460113,1000.14264
1760725460133,1000.4322
1760725460154,1000.66644
1760725460174,1000.625
1760725460194,1000.5655
1760725460213,1000.7292
1760725460233,1000.94904
1760725460253,1000.8924
1760725460274,1001.08844
1760725460294,1001.07654
1760725460313,1001.2336
1760725460333,1001.34595
1760725460353,1001.4145
1760725460374,1001.2417
1760725460393,1001.0414
1760725460413,1000.8187
1760725460433,1000.6356
1760725460453,1000.5642
1760725460473,1000.6302
1760725460494,1000.7038
1760725460513,1000.7495
1760725460533,1000.7545
1760725460553,1000.66846
1760725460573,1000.52484
1760725460594,1000.3867
1760725460614,1000.28705
1760725460633,1000.14594
1760725460653,1000.1139
1760725460673,1000.16736
1760725460694,1000.3207
1760725460714,1000.47876
1760725460733,1000.53406
1760725460754,1000.5361
1760725460773,1000.4934
1760725460793,1000.39545
1760725460814,1000.48126
1760725460834,1000.69995
1760725460853,1000.7559
1760725460873,1000.22986
1760725460893,1000.6478
1760725460913,1001.6864
1760725460934,1000.3924
1760725460953,1000.26843
1760725460973,1000.34686
1760725460993,1000.64
1760725461013,1000.6788
1760725461034,1000.43243
1760725461054,1000.2377
1760725461073,1000.22595
1760725461093,1000.3361
1760725461113,1000.47766
1760725461134,1000.4822
1760725461154,1000.4457
1760725461174,1000.4362
1760725461193,1000.4263
1760725461213,1000.4228
1760725461233,1000.4398
1760725461254,1000.5031
1760725461275,1000.4366
1760725461293,1000.1769
1760725461313,1000.0466
1760725461333,1000.0797
1760725461354,1000.4434
1760725461374,1000.28625
1760725461395,1000.5
1760725461413,1000.8858
1760725461433,1000.8691
1760725461453,1000.9331
1760725461474,1001.02545
1760725461494,1001.2411
1760725461514,1001.3791
1760725461533,1001.3833
1760725461553,1000.9725
1760725461573,1000.7556
1760725461594,1000.9076
1760725461615,1001.0646
1760725461633,1000.95575
1760725461653,1000.8539
1760725461673,1000.6808
1760725461693,1000.5125
1760725461714,1000.4872
1760725461734,1000.51025
1760725461754,1000.6067
1760725461773,1000.6945
1760725461793,1000.7502
1760725461813,1000.7391
1760725461834,1000.7128
1760725461854,1000.6328
1760725461873,1000.5555
1760725461893,1000.4975
1760725461913,1000.45685
1760725461935,1000.53015
1760725461954,1000.4666
1760725461973,1000.4819
1760725461993,1000.61
1760725462013,1000.66406
1760725462033,1000.60077
1760725462054,1000.50903
1760725462073,1000.47797
1760725462093,1000.6984
1760725462113,1000.7775
1760725462133,1000.508
1760725462163,1001.6195
1760725462174,1001.40454
1760725462193,1000.8939
1760725462213,1000.7625
1760725462233,1000.47186
1760725462253,1000.66486
1760725462274,1000.58234
1760725462294,1000.32837
1760725462313,1000.14185
1760725462333,1000.08856
1760725462353,1000.14825
1760725462373,1000.2808
1760725462394,1000.35376
1760725462413,1000.28534
1760725462433,1000.2512
1760725462453,1000.2608
1760725462473,1000.27185
1760725462494,1000.2067
1760725462514,1000.19257
1760725462533,1000.1417
1760725462553,1000.08685
1760725462573,1000.0628
1760725462593,1000.0588
1760725462613,1000.1136
1760725462633,1000.5031
1760725462653,1000.83984
1760725462673,1000.7981
1760725462693,1000.7414
1760725462714,1000.70386
1760725462734,1000.71606
1760725462754,1000.82654
1760725462773,1000.98987
1760725462794,1001.0748
1760725462813,1001.2456
1760725462834,1001.2375
1760725462854,1001.3044
1760725462873,1001.3489
1760725462893,1001.3314
1760725462913,1001.2528
1760725462933,1001.03235
1760725462954,1000.8544
1760725462973,1000.7914
1760725462993,1000.72626
1760725463013,1000.70795
1760725463033,1000.65234
1760725463053,1000.5535
1760725463074,1000.37854
1760725463093,1000.2581
1760725463112,1000.178
1760725463132,1000.07544
1760725463153,999.90204
1760725463174,999.78107
1760725463193,999.8141
1760725463213,1000.0145
1760725463233,1000.3084
1760725463253,1000.4359
1760725463273,1000.3662
1760725463294,1000.31274
1760725463313,1000.2456
1760725463333,1000.1636
1760725463353,1000.3002
1760725463374,1000.6906
1760725463394,1000.95166
1760725463414,1000.44434
1760725463433,1000.4839
1760725463453,1001.3342
1760725463473,1001.2111
1760725463493,1001.1199
1760725463514,1000.8942
1760725463533,1000.8033
1760725463554,1000.9503
1760725463573,1000.7736
1760725463593,1000.4411
1760725463614,1000.281
1760725463634,1000.25366
1760725463653,1000.29407
1760725463673,1000.36
1760725463693,1000.33466
1760725463713,1000.307
1760725463734,1000.3275
1760725463754,1000.3214
1760725463773,1000.26624
1760725463793,1000.2047
1760725463813,1000.1072
1760725463834,1000.00757
1760725463854,999.8883
1760725463873,999.8284
1760725463893,999.9895
1760725463913,1000.09564
1760725463933,1000.03625
1760725463954,1000.1755
1760725463974,1000.27167
1760725463993,1000.4458
1760725464013,1000.7026
1760725464033,1000.8053
1760725464054,1000.9581
1760725464074,1001.0122
1760725464093,1001.2448
1760725464113,1001.15344
1760725464133,1001.27783
1760725464153,1001.6936
1760725464173,1001.84143
1760725464194,1001.76337
1760725464213,1001.64813
1760725464233,1001.40186
1760725464253,1001.1248
1760725464273,1000.95044
1760725464294,1000.802
1760725464313,1000.65094
1760725464333,1000.48517
1760725464353,1000.34314
1760725464373,1000.23376
1760725464393,1000.14844
1760725464414,1000.09357
1760725464433,999.96674
1760725464453,999.8284
1760725464474,999.84485
1760725464493,1000.0683
1760725464514,1000.4337
1760725464534,1000.5342
1760725464553,1000.3553
1760725464573,1000.0505
1760725464593,999.90015
1760725464613,999.97595
1760725464634,1000.2757
1760725464653,1000.76373
1760725464673,1000.6805
1760725464693,999.6461
1760725464713,999.5511
1760725464733,1000.6729
1760725464754,999.998
1760725464775,999.615
1760725464793,999.6822
1760725464813,1000.0422
1760725464833,1000.15173
1760725464854,999.9491
1760725464874,999.77673
1760725464893,999.7625
1760725464913,999.77826
1760725464933,999.8198
1760725464954,999.84717
1760725464974,999.8789
1760725464993,999.895
1760725465013,999.9255
1760725465033,999.9295
1760725465053,999.95544
1760725465074,999.987
1760725465094,1000.0069
1760725465113,1000.0683
1760725465132,1000.4222
1760725465153,1000.58295
1760725465173,1000.6081
1760725465194,1000.4583
1760725465213,1000.33374
1760725465233,1000.3109
1760725465253,1000.6047
1760725465273,1000.3867
1760725465293,1000.32416
1760725465315,1000.5578
1760725465333,1000.45544
1760725465353,1000.53174
1760725465373,1000.6133
1760725465393,1000.41656
1760725465414,1000.2382
1760725465434,1000.37714
1760725465453,1000.6794
1760725465473,1000.6069
1760725465493,1000.5616
1760725465513,1000.7369
1760725465534,1000.7448
1760725465553,1000.7467
1760725465573,1000.83203
1760725465593,1000.7517
1760725465613,1000.632
1760725465634,1000.5831
1760725465654,1000.52936
1760725465673,1000.505
1760725465693,1000.7573
1760725465713,1000.8956
1760725465733,1000.9266
1760725465754,1001.2727
1760725465774,1002.04626
1760725465793,1002.45905
1760725465813,1002.2495
1760725465833,1002.10876
1760725465853,1001.9014
1760725465874,1001.57184
1760725465893,1001.4461
1760725465913,1002.0569
1760725465933,1001.78345
1760725465954,1001.1266
1760725465974,1001.43054
1760725465995,1001.56134
1760725466013,1001.4378
1760725466033,1001.5117
1760725466053,1001.59875
1760725466073,1001.46216
1760725466094,1001.30835
1760725466113,1001.26404
1760725466133,1001.2395
1760725466153,1001.1322
1760725466173,1001.0037
1760725466193,1000.8812
1760725466214,1000.80865
1760725466233,1000.7366
1760725466253,1000.6014
1760725466272,1000.46844
1760725466294,1000.32153
1760725466314,1000.2006
1760725466333,1000.1311
1760725466353,1000.01984
1760725466373,999.9345
1760725466393,999.85345
1760725466413,999.84564
1760725466434,999.8639
1760725466454,999.9839
1760725466473,1000.1217
1760725466493,1000.1195
1760725466513,1000.08936
1760725466534,1000.0861
1760725466554,1000.13135
1760725466573,1000.15173
1760725466593,1000.3322
1760725466613,1000.3795
1760725466633,1000.2508
1760725466654,1000.1252
1760725466674,1000.0641
1760725466693,999.9839
1760725466713,999.9348
1760725466733,999.9439
1760725466753,1000.00995
1760725466774,999.966
1760725466793,999.9261
1760725466813,999.9277
1760725466833,999.95404
1760725466854,999.9955
1760725466874,999.9861
1760725466893,1000.01984
1760725466913,1000.09924
1760725466933,1000.04065
1760725466954,1000.05
1760725466973,1000.1143
1760725466994,1000.0964
1760725467014,1000.14655
1760725467033,1000.1356
1760725467053,1000.1867
1760725467073,1000.1788
1760725467094,1000.2441
1760725467114,1000.2584
1760725467133,1000.21014
1760725467153,1000.2545
1760725467173,1000.2692
1760725467193,1000.26843
1760725467214,1000.28217
1760725467233,1000.25903
1760725467253,1000.26904
1760725467273,1000.2416
1760725467293,1000.26733
1760725467314,1000.22034
1760725467334,1000.22375
1760725467353,1000.2584
1760725467373,1000.27484
1760725467393,1000.3116
1760725467413,1000.34985
1760725467434,1000.33704
1760725467453,1000.34155
1760725467473,1000.3558
1760725467493,1000.3761
1760725467513,1000.40784
1760725467533,1000.41125
1760725467554,1000.41595
1760725467573,1000.4361
1760725467593,1000.45654
1760725467613,1000.4509
1760725467633,1000.4511
1760725467654,1000.47107
1760725467674,1000.4824
1760725467693,1000.4853
1760725467713,1000.48267
1760725467733,1000.4952
1760725467754,1000.4964
1760725467774,1000.51526
1760725467793,1000.51
1760725467813,1000.4959
1760725467833,1000.5058
1760725467853,1000.5497
1760725467873,1000.5676
1760725467894,1000.66583
1760725467913,1000.8278
1760725467933,1000.91406
1760725467953,1000.89435
1760725467973,1001.0275
1760725467994,1001.0834
1760725468013,1001.0831
1760725468033,1001.1192
1760725468053,1001.1267
1760725468073,1001.0651
1760725468093,1001.00867
1760725468114,1000.6494
1760725468133,1000.52423
1760725468153,1000.5161
1760725468173,1000.4936
1760725468193,1000.5047
1760725468214,1000.5225
1760725468234,1000.4909
1760725468253,1000.5117
1760725468273,1000.5419
1760725468293,1000.59076
1760725468313,1000.8328
1760725468334,1000.8711
1760725468353,1000.8858
1760725468373,1000.8689
1760725468393,1000.7922
1760725468413,1000.8139
1760725468433,1001.01733
1760725468454,1001.14215
1760725468473,1001.2414
1760725468493,1000.89795
1760725468513,1000.7861
1760725468533,1000.78094
1760725468554,1000.845
1760725468576,1000.9408
1760725468600,1000.9903
1760725468612,1000.89966
1760725468632,1000.78076
1760725468652,1000.69904
1760725468673,1000.73816
1760725468692,1000.7703
1760725468712,1000.78937
1760725468732,1000.77484
1760725468753,1000.7541
1760725468773,1000.72687
1760725468793,1000.73047
1760725468812,1000.71344
1760725468832,1000.71344
1760725468852,1000.70184
1760725468875,1000.7534
1760725468893,1000.7472
1760725468912,1000.8011
1760725468932,1000.83466
1760725468952,1000.8283
1760725468972,1000.7903
1760725468993,1000.73267
1760725469013,1000.70404
1760725469032,1000.6806
1760725469052,1000.6664
1760725469072,1000.6989
1760725469093,1000.7595
1760725469113,1000.7441
1760725469133,1000.7475
1760725469152,1000.76794
1760725469172,1000.7612
1760725469192,1000.78766
1760725469213,1000.8011
1760725469233,1000.8081
1760725469252,1000.79486
1760725469273,1000.76434
1760725469293,1000.8361
1760725469313,1001.1119
1760725469333,1001.3608
1760725469353,1001.40076
1760725469373,1001.13544
1760725469394,1000.8078
1760725469415,1000.76404
1760725469432,1000.7689
1760725469453,1000.70776
1760725469472,1000.7497
1760725469492,1000.8145
1760725469512,1000.8139
1760725469532,1000.8272
1760725469553,1000.8066
1760725469573,1000.79767
1760725469592,1000.78735
1760725469612,1000.71924
1760725469633,1000.7034
1760725469652,1000.6831
1760725469673,1000.64594
1760725469692,1000.6744
1760725469712,1000.66986
1760725469732,1000.66547
1760725469752,1000.6834
1760725469773,1000.71326
1760725469793,1000.72064
1760725469812,1000.7358
1760725469832,1000.73065
1760725469852,1000.7406
1760725469873,1000.7625
1760725469893,1000.77795
1760725469913,1000.82056
1760725469933,1000.7955
1760725469953,1000.79266
1760725469972,1000.76154
1760725469993,1000.7516
1760725470013,1000.72516
1760725470032,1000.72845
1760725470052,1000.65063
1760725470073,1000.65796
1760725470092,1000.6328
1760725470113,1000.60046
1760725470133,1000.57153
1760725470153,1000.5597
1760725470173,1000.5158
1760725470193,1000.5164
1760725470213,1000.52
1760725470233,1000.71906
1760725470253,1000.6735
1760725470273,1000.6359
