1760726453938,998.96814
1760726453958,998.97455
1760726453979,998.9589
1760726453998,998.95593
1760726454018,998.9581
1760726454038,998.95795
1760726454059,998.9362
1760726454079,998.9442
1760726454099,998.97736
1760726454118,998.9916
1760726454138,998.95685
1760726454158,998.97546
1760726454178,998.95624
1760726454199,998.96466
1760726454218,998.96967
1760726454239,998.96716
1760726454258,998.9902
1760726454278,998.9917
1760726454299,998.964
1760726454319,998.9751
1760726454338,998.985
1760726454359,998.9889
1760726454378,999.0044
1760726454399,998.96344
1760726454419,998.96857
1760726454438,998.9855
1760726454459,999.0012
1760726454478,999.005
1760726454499,998.9991
1760726454519,998.98987
1760726454539,998.9977
1760726454558,998.9905
1760726454579,999.0
1760726454598,999.0055
1760726454619,999.03094
1760726454639,998.9839
1760726454659,998.9939
1760726454679,999.0211
1760726454698,999.01685
1760726454719,999.0133
1760726454739,999.0056
1760726454760,998.9997
1760726454778,999.02423
1760726454798,999.03564
1760726454818,999.035
1760726454838,999.065
1760726454859,999.092
1760726454879,999.17584
1760726454899,999.242
1760726454918,999.29047
1760726454938,999.3331
1760726454959,999.3497
1760726454979,999.3222
1760726454999,999.32153
1760726455018,999.3228
1760726455038,999.3092
1760726455059,999.34686
1760726455079,999.4476
1760726455099,999.5871
1760726455119,999.7289
1760726455138,999.83014
1760726455159,999.89124
1760726455178,999.91077
1760726455199,999.8362
1760726455219,999.7185
1760726455239,999.59625
1760726455258,999.60297
1760726455278,999.45874
1760726455299,999.46045
1760726455319,999.3502
1760726455338,999.8697
1760726455358,999.8711
1760726455379,999.6788
1760726455399,999.60657
1760726455419,999.5062
1760726455439,999.4416
1760726455458,999.3787
1760726455478,999.33
1760726455498,999.34656
1760726455519,999.3669
1760726455539,999.39325
1760726455559,999.41705
1760726455579,999.4442
1760726455598,999.45905
1760726455618,999.4406
1760726455639,999.5095
1760726455659,999.5017
1760726455678,999.4864
1760726455698,999.45734
1760726455719,999.4387
1760726455738,999.3781
1760726455759,999.3748
1760726455780,999.33936
1760726455799,999.32654
1760726455827,999.3059
1760726455842,999.27985
1760726455858,999.27405
1760726455879,999.27563
1760726455899,999.2753
1760726455918,999.2736
1760726455938,999.2311
1760726455958,999.21545
1760726455979,999.2393
1760726455999,999.22296
1760726456018,999.21124
1760726456038,999.21985
1760726456058,999.22186
1760726456079,999.1967
1760726456099,999.1649
1760726456119,999.19
1760726456138,999.21625
1760726456158,999.1767
1760726456178,999.15204
1760726456199,999.128
1760726456219,999.10016
1760726456238,999.1362
1760726456258,999.085
1760726456278,999.08655
1760726456298,999.08154
1760726456320,999.09814
1760726456339,999.09827
1760726456358,999.1083
1760726456378,999.09906
1760726456398,999.0761
1760726456418,999.08936
1760726456439,999.0749
1760726456459,999.1148
1760726456479,999.10516
1760726456498,999.1122
1760726456518,999.0725
1760726456539,999.08435
1760726456559,999.11456
1760726456580,999.1092
1760726456598,999.0705
1760726456618,999.04987
1760726456639,999.0783
1760726456659,999.09686
1760726456679,999.1155
1760726456698,999.09326
1760726456718,999.09436
1760726456739,999.0861
1760726456759,999.0739
1760726456780,999.065
1760726456800,999.0826
1760726456818,999.08264
1760726456838,999.09106
1760726456859,999.1144
1760726456879,999.1625
1760726456899,999.1686
1760726456919,999.1223
1760726456938,999.1486
1760726456958,999.1395
1760726456979,999.15955
1760726456999,999.1409
1760726457020,999.1729
1760726457038,999.1878
1760726457058,999.22125
1760726457078,999.23047
1760726457099,999.2452
1760726457119,999.2358
1760726457138,999.2434
1760726457158,999.22845
1760726457178,999.2361
1760726457198,999.2628
1760726457219,999.2408
1760726457239,999.2839
1760726457258,999.27734
1760726457279,999.28424
1760726457298,999.2706
1760726457318,999.2459
1760726457340,999.23834
1760726457360,999.27014
1760726457379,999.23737
1760726457399,999.2508
1760726457418,999.23047
1760726457439,999.253
1760726457460,999.2609
1760726457478,999.27014
1760726457498,999.2516
1760726457518,999.2645
1760726457539,999.2961
1760726457559,999.2864
1760726457579,999.2967
1760726457598,999.27997
1760726457619,999.2419
1760726457638,999.22217
1760726457658,999.20966
1760726457679,999.1947
1760726457698,999.1917
1760726457718,999.1814
1760726457738,999.1781
1760726457759,999.1881
1760726457779,999.1878
1760726457799,999.17737
1760726457818,999.1972
1760726457843,999.15234
1760726457858,999.15424
1760726457878,999.14575
1760726457899,999.1141
1760726457919,999.1181
1760726457938,999.09045
1760726457958,999.1033
1760726457978,999.07935
1760726457999,999.09955
1760726458019,999.10187
1760726458038,999.08154
1760726458058,999.0467
1760726458078,999.03937
1760726458099,999.0667
1760726458119,999.07166
1760726458139,999.0594
1760726458158,999.0583
1760726458178,999.01764
1760726458198,999.04126
1760726458219,999.0211
1760726458239,999.0114
1760726458259,999.0189
1760726458278,999.0056
1760726458298,998.99
1760726458318,998.99
1760726458339,998.9997
1760726458359,998.983
1760726458378,998.97687
1760726458398,998.9872
1760726458418,998.9908
1760726458438,999.0264
1760726458459,998.97687
1760726458479,998.9883
1760726458499,999.0045
1760726458518,998.9839
1760726458538,998.995
1760726458559,998.9917
1760726458579,998.9883
1760726458599,998.9928
1760726458618,999.0147
1760726458638,998.9944
1760726458658,999.02325
1760726458678,999.0123
1760726458700,999.04614
1760726458718,999.0428
1760726458738,999.0506
1760726458758,999.0552
1760726458778,999.02795
1760726458799,999.0518
1760726458820,999.0388
1760726458838,999.04517
1760726458859,999.05096
1760726458878,999.0606
1760726458899,999.0999
1760726458920,999.08624
1760726458939,999.10516
1760726458958,999.1072
1760726458978,999.0783
1760726458999,999.10376
1760726459019,999.1272
1760726459039,999.1198
1760726459058,999.15735
1760726459078,999.1348
1760726459098,999.1244
1760726459120,999.1244
1760726459139,999.1061
1760726459159,999.1241
1760726459178,999.1287
1760726459198,999.15485
1760726459218,999.1753
1760726459239,999.1433
1760726459259,999.1369
1760726459279,999.1197
1760726459299,999.1142
1760726459319,999.1337
1760726459339,999.183
1760726459359,999.1308
1760726459379,999.137
1760726459399,999.123
1760726459418,999.14325
1760726459438,999.1191
1760726459459,999.13794
1760726459479,999.13983
1760726459498,999.14374
1760726459518,999.14453
1760726459538,999.14624
1760726459559,999.15356
1760726459579,999.14343
1760726459599,999.121
1760726459618,999.13873
1760726459638,999.1467
1760726459658,999.1397
1760726459678,999.1614
1760726459699,999.15375
1760726459719,999.19086
1760726459738,999.1767
1760726459758,999.15466
1760726459778,999.14624
1760726459799,999.1337
1760726459819,999.15924
1760726459842,999.1675
1760726459861,999.21686
1760726459878,999.22015
1760726459898,999.1825
1760726459919,999.1777
1760726459939,999.14264
1760726459959,999.14844
1760726459978,999.1486
1760726459998,999.1962
1760726460019,999.22
1760726460039,999.22345
1760726460058,999.21783
1760726460078,999.2
1760726460099,999.23065
1760726460118,999.21857
1760726460139,999.2247
1760726460159,999.215
1760726460178,999.22174
1760726460198,999.2467
1760726460218,999.25653
1760726460238,999.26984
1760726460259,999.27325
1760726460279,999.2438
1760726460298,999.2286
1760726460318,999.243
1760726460338,999.2583
1760726460359,999.2483
1760726460379,999.2781
1760726460398,999.28357
1760726460418,999.3217
1760726460438,999.2933
1760726460458,999.2369
1760726460479,999.30286
1760726460499,999.32605
1760726460518,999.3211
1760726460538,999.3264
1760726460559,999.3053
1760726460579,999.29376
1760726460600,999.3061
1760726460619,999.2983
1760726460638,999.33905
1760726460658,999.2942
1760726460678,999.3364
1760726460699,999.33813
1760726460719,999.34564
1760726460738,999.35547
1760726460759,999.34186
1760726460779,999.36096
1760726460798,999.362
1760726460819,999.37244
1760726460840,999.3853
1760726460859,999.40234
1760726460879,999.36487
1760726460899,999.40265
1760726460919,999.3723
1760726460940,999.3957
1760726460958,999.41345
1760726460979,999.41187
1760726460998,999.4172
1760726461018,999.4172
1760726461040,999.457
1760726461060,999.42694
1760726461078,999.4291
1760726461098,999.40405
1760726461118,999.39795
1760726461139,999.4299
1760726461159,999.4381
1760726461179,999.4498
1760726461198,999.4436
1760726461218,999.4372
1760726461238,999.45966
1760726461259,999.423
1760726461279,999.4314
1760726461300,999.4261
1760726461318,999.4377
1760726461338,999.4542
1760726461358,999.46375
1760726461379,999.46875
1760726461399,999.45184
1760726461418,999.438
1760726461438,999.46765
1760726461459,999.4286
1760726461479,999.4194
1760726461499,999.45105
1760726461519,999.4646
1760726461538,999.46515
1760726461558,999.4639
1760726461578,999.48517
1760726461599,999.4992
1760726461619,999.5158
1760726461640,999.535
1760726461659,999.5495
1760726461678,999.54486
1760726461698,999.5623
1760726461719,999.5827
1760726461739,999.5885
1760726461758,999.59454
1760726461778,999.59174
1760726461798,999.60516
1760726461820,999.63916
1760726461849,999.6367
1760726461858,999.6475
1760726461878,999.6091
1760726461898,999.63153
1760726461918,999.64124
1760726461938,999.6347
1760726461959,999.63153
1760726461978,999.6461
1760726461998,999.6278
1760726462018,999.6247
1760726462038,999.6273
1760726462059,999.6289
1760726462079,999.612
1760726462099,999.6227
1760726462118,999.6373
1760726462138,999.6233
1760726462159,999.6044
1760726462179,999.59784
1760726462198,999.60236
1760726462218,999.60175
1760726462238,999.6047
1760726462259,999.60767
1760726462279,999.63165
1760726462299,999.60834
1760726462318,999.6319
1760726462338,999.6174
1760726462359,999.625
1760726462378,999.6205
1760726462399,999.6205
1760726462419,999.6361
1760726462438,999.6197
1760726462459,999.6069
1760726462479,999.6334
1760726462499,999.6638
1760726462520,999.6561
1760726462538,999.67126
1760726462559,999.6672
1760726462579,999.6895
1760726462599,999.6761
1760726462619,999.688
1760726462639,999.7009
1760726462658,999.72095
1760726462678,999.72705
1760726462698,999.73456
1760726462719,999.73065
1760726462739,999.7383
1760726462758,999.7494
1760726462778,999.76624
1760726462798,999.7587
1760726462818,999.77905
1760726462839,999.7566
1760726462859,999.7555
1760726462878,999.7502
1760726462898,999.79156
1760726462918,999.78845
1760726462938,999.8116
1760726462959,999.78986
1760726462980,999.78394
1760726462998,999.7966
1760726463018,999.77344
1760726463038,999.79
1760726463059,999.79236
1760726463079,999.7942
1760726463098,999.8106
1760726463118,999.807
1760726463139,999.8133
1760726463158,999.83344
1760726463179,999.8173
1760726463200,999.8137
1760726463218,999.8019
1760726463238,999.8259
1760726463258,999.8011
1760726463279,999.8208
1760726463299,999.85455
1760726463318,999.8616
1760726463338,999.8801
1760726463358,999.8773
1760726463379,999.8831
1760726463400,999.8961
1760726463419,999.882
1760726463438,999.89923
1760726463458,999.9216
1760726463479,999.9178
1760726463499,999.90814
1760726463519,999.9267
1760726463540,999.9194
1760726463559,999.90985
1760726463578,999.9313
1760726463598,999.95764
1760726463620,999.9345
1760726463639,999.9161
1760726463659,999.9252
1760726463678,999.9309
1760726463698,999.95233
1760726463718,999.97485
1760726463739,999.9581
1760726463759,999.96124
1760726463779,999.96234
1760726463799,999.9794
1760726463819,999.97766
1760726463839,999.97876
1760726463859,999.9874
1760726463880,999.9836
1760726463898,1000.02856
1760726463918,999.9875
1760726463938,999.9783
1760726463959,999.97296
1760726463979,1000.01044
1760726463998,1000.0158
1760726464019,1000.03186
1760726464038,1000.0023
1760726464058,1000.01935
1760726464079,1000.0048
1760726464100,1000.0434
1760726464119,1000.0811
1760726464138,1000.0494
1760726464158,1000.08185
1760726464178,1000.0633
1760726464199,1000.0588
1760726464219,1000.04767
1760726464238,1000.0553
1760726464259,1000.06604
1760726464278,1000.0669
1760726464299,1000.09784
1760726464319,1000.09125
1760726464338,1000.1186
1760726464358,1000.1206
1760726464378,1000.0745
1760726464399,1000.08844
1760726464419,1000.0836
1760726464440,1000.0923
1760726464459,1000.1141
1760726464479,1000.115
1760726464498,1000.1261
1760726464519,1000.118
1760726464539,1000.13135
1760726464559,1000.1245
1760726464578,1000.1156
1760726464598,1000.1083
1760726464619,1000.1114
1760726464639,1000.1145
1760726464660,1000.1144
1760726464678,1000.14575
1760726464698,1000.1386
1760726464718,1000.1383
1760726464739,1000.09766
1760726464759,1000.1285
1760726464780,1000.1111
1760726464799,1000.1358
1760726464818,1000.14484
1760726464839,1000.1489
1760726464859,1000.1412
1760726464880,1000.11786
1760726464898,1000.1175
1760726464918,1000.10956
1760726464938,1000.16406
1760726464958,1000.1287
1760726464980,1000.1503
1760726464999,1000.16034
1760726465018,1000.1742
1760726465038,1000.1384
1760726465059,1000.15735
1760726465079,1000.19904
1760726465099,1000.21906
1760726465118,1000.1858
1760726465138,1000.1989
1760726465161,1000.1889
1760726465178,1000.2283
1760726465199,1000.23047
1760726465219,1000.23016
1760726465239,1000.2311
1760726465258,1000.20905
1760726465278,1000.2469
1760726465298,1000.2502
1760726465320,1000.2431
1760726465340,1000.2438
1760726465358,1000.2597
1760726465378,1000.28766
1760726465398,1000.2681
1760726465419,1000.27765
1760726465439,1000.29266
1760726465458,1000.28314
1760726465478,1000.29517
1760726465499,1000.3197
1760726465519,1000.3264
1760726465539,1000.34564
1760726465559,1000.33875
1760726465578,1000.3117
1760726465599,1000.3659
1760726465619,1000.33704
1760726465640,1000.3547
1760726465662,1000.37
1760726465678,1000.39343
1760726465698,1000.3605
1760726465718,1000.3775
1760726465738,1000.3536
1760726465759,1000.34265
1760726465779,1000.3958
1760726465798,1000.39703
1760726465818,1000.3845
1760726465838,1000.40826
1760726465859,1000.39844
1760726465879,1000.40125
1760726465899,1000.40204
1760726465918,1000.4297
1760726465938,1000.4245
1760726465958,1000.4362
1760726465979,1000.41986
1760726465999,1000.45764
1760726466018,1000.4483
1760726466038,1000.47
1760726466058,1000.4483
1760726466079,1000.4539
1760726466099,1000.43854
1760726466119,1000.474
1760726466138,1000.498
1760726466158,1000.4425
1760726466178,1000.44403
1760726466199,1000.4972
1760726466219,1000.4859
1760726466240,1000.51196
1760726466258,1000.4997
1760726466278,1000.53314
1760726466298,1000.52203
1760726466319,1000.52344
1760726466340,1000.49896
1760726466358,1000.5239
1760726466378,1000.5178
1760726466399,1000.53296
1760726466419,1000.51013
1760726466439,1000.52704
1760726466460,1000.53094
1760726466478,1000.5619
1760726466499,1000.52295
1760726466519,1000.5662
1760726466539,1000.5597
1760726466559,1000.5845
1760726466578,1000.5731
1760726466598,1000.6042
1760726466618,1000.56903
1760726466639,1000.5631
1760726466659,1000.6064
1760726466679,1000.61017
1760726466698,1000.6141
1760726466718,1000.6075
1760726466738,1000.58484
1760726466758,1000.6081
1760726466779,1000.61743
1760726466799,1000.6127
1760726466819,1000.6181
1760726466838,1000.6272
1760726466858,1000.65106
1760726466879,1000.65564
1760726466899,1000.66394
1760726466919,1000.6467
1760726466939,1000.6203
1760726466958,1000.6203
1760726466979,1000.632
1760726466999,1000.65985
1760726467019,1000.65125
1760726467038,1000.65765
1760726467059,1000.65906
1760726467078,1000.63983
1760726467099,1000.65424
1760726467119,1000.65485
1760726467140,1000.65454
1760726467158,1000.6808
1760726467178,1000.64825
1760726467199,1000.6747
1760726467218,1000.67236
1760726467239,1000.661
1760726467258,1000.6956
1760726467278,1000.70685
1760726467298,1000.6926
1760726467318,1000.72
1760726467339,1000.7101
1760726467359,1000.692
1760726467378,1000.71436
1760726467398,1000.71216
1760726467418,1000.71857
1760726467439,1000.725
1760726467459,1000.7458
1760726467478,1000.73456
1760726467499,1000.7458
1760726467518,1000.72076
1760726467538,1000.73346
1760726467559,1000.733
1760726467579,1000.7665
1760726467599,1000.7395
1760726467618,1000.7512
1760726467638,1000.7764
1760726467659,1000.7969
1760726467679,1000.7908
1760726467699,1000.77045
1760726467718,1000.78687
1760726467738,1000.76373
1760726467759,1000.78424
1760726467779,1000.77576
1760726467799,1000.78326
1760726467818,1000.7991
1760726467838,1000.77924
1760726467858,1000.8105
1760726467878,1000.7972
1760726467899,1000.8065
1760726467919,1000.8075
1760726467938,1000.86127
1760726467958,1000.8331
1760726467979,1000.8167
1760726467999,1000.8245
1760726468019,1000.8445
1760726468039,1000.83624
1760726468058,1000.84326
1760726468078,1000.8575
1760726468098,1000.83844
1760726468119,1000.84314
1760726468139,1000.8686
1760726468158,1000.8831
1760726468179,1000.8611
1760726468198,1000.8737
1760726468218,1000.8677
1760726468239,1000.9099
1760726468260,1000.90594
1760726468279,1000.8806
1760726468299,1000.9128
1760726468319,1000.9263
1760726468339,1000.9303
1760726468359,1000.90814
1760726468378,1000.88934
1760726468399,1000.9377
1760726468418,1000.96423
1760726468438,1000.9581
1760726468459,1000.9531
1760726468479,1000.9579
1760726468498,1000.96375
1760726468519,1000.98346
1760726468539,1000.9817
1760726468559,1000.97845
1760726468579,1000.9878
1760726468600,1000.96783
1760726468618,1000.98065
1760726468638,1000.9987
1760726468659,1000.96985
1760726468679,1001.0062
1760726468700,1000.9777
1760726468719,1001.04346
1760726468738,1001.02783
1760726468758,1001.01404
1760726468778,1000.96185
1760726468799,1001.01605
1760726468819,1001.01825
1760726468838,1000.99
1760726468858,1001.01953
1760726468879,1001.0003
1760726468899,1000.9989
1760726468919,1001.01373
1760726468938,1001.0002
1760726468959,1001.0
1760726468978,1001.0009
1760726468998,1001.01434
1760726469019,1001.0089
1760726469040,1001.0147
1760726469058,1001.02997
1760726469078,1001.02716
1760726469098,1001.0403
1760726469118,1001.0709
1760726469139,1001.06274
1760726469160,1001.07935
1760726469179,1001.09326
1760726469198,1001.08545
1760726469219,1001.1011
1760726469239,1001.1136
1760726469259,1001.1089
1760726469278,1001.1309
1760726469299,1001.14294
1760726469318,1001.1209
1760726469338,1001.127
1760726469359,1001.1406
1760726469379,1001.1384
1760726469398,1001.14825
1760726469418,1001.1298
1760726469438,1001.15106
1760726469459,1001.1103
1760726469480,1001.1061
1760726469499,1001.1344
1760726469518,1001.1348
1760726469538,1001.1361
1760726469559,1001.135
1760726469579,1001.1496
1760726469599,1001.099
1760726469618,1001.0467
1760726469638,1001.01685
1760726469659,1001.0525
1760726469679,1001.052
1760726469699,1001.0491
1760726469719,1001.0115
1760726469738,1000.89404
1760726469758,1000.8134
1760726469778,1000.7551
1760726469799,1000.6804
1760726469819,1000.5703
1760726469838,1000.5095
1760726469859,1000.4977
1760726469878,1000.40936
1760726469899,1000.3909
1760726469919,1000.41376
1760726469939,1000.3826
1760726469959,1000.3764
1760726469978,1000.3675
1760726469998,1000.33936
1760726470019,1000.3244
1760726470039,1000.3158
1760726470060,1000.34106
1760726470079,1000.35486
1760726470098,1000.4172
1760726470119,1000.4323
1760726470139,1000.4487
1760726470159,1000.4486
1760726470179,1000.6194
1760726470198,1000.7481
1760726470218,1000.7692
1760726470239,1000.8156
1760726470259,1000.721
1760726470279,1000.5873
1760726470298,1000.47577
1760726470318,1000.4894
1760726470338,1000.5861
1760726470359,1000.5836
1760726470379,1000.48376
1760726470399,1000.46967
1760726470419,1000.5605
1760726470438,1000.52814
1760726470459,1000.51935
1760726470479,1000.51154
1760726470500,1000.5021
1760726470518,1000.5577
1760726470538,1000.5814
1760726470558,1000.58264
1760726470579,1000.5839
1760726470599,1000.5742
1760726470620,1000.53876
1760726470638,1000.58374
1760726470659,1000.59845
1760726470679,1000.6353
1760726470699,1000.66345
1760726470719,1000.6928
1760726470738,1000.7
1760726470758,1000.6989
1760726470778,1000.71857
1760726470798,1000.71094
1760726470819,1000.72675
1760726470840,1000.74335
1760726470858,1000.8162
1760726470878,1000.8117
1760726470898,1000.7972
1760726470919,1000.8075
1760726470939,1000.8011
1760726470959,1000.8401
1760726470978,1000.84326
1760726470998,1000.85516
1760726471018,1000.83923
1760726471039,1000.83875
1760726471059,1000.8307
1760726471078,1000.8539
1760726471098,1000.86
1760726471119,1000.8756
1760726471138,1000.8784
1760726471160,1000.9225
1760726471179,1000.9358
1760726471198,1000.94653
1760726471218,1000.91516
1760726471238,1000.96216
1760726471258,1000.9442
1760726471279,1000.9451
1760726471298,1000.9531
1760726471319,1000.91626
1760726471338,1000.91876
1760726471359,1000.9498
1760726471379,1000.9288
1760726471399,1000.93933
1760726471418,1000.9387
1760726471438,1000.9736
1760726471459,1001.0164
1760726471479,1000.9987
1760726471499,1001.03143
1760726471519,1001.02734
1760726471538,1001.062
1760726471558,1001.0712
1760726471578,1001.10175
1760726471599,1001.1242
1760726471619,1001.1367
1760726471638,1001.1319
1760726471658,1001.1234
1760726471679,1001.01935
1760726471698,1000.9392
1760726471719,1001.017
1760726471739,1001.05096
1760726471758,1001.03143
1760726471778,1001.08795
1760726471798,1001.1184
1760726471819,1001.125
1760726471839,1001.1337
1760726471860,1001.1665
1760726471878,1001.16626
1760726471898,1001.22375
1760726471919,1001.2928
1760726471939,1001.36346
1760726471959,1001.3772
1760726471978,1001.4359
1760726471998,1001.4305
1760726472018,1001.48126
1760726472039,1001.4253
1760726472059,1001.3724
1760726472080,1001.24945
1760726472099,1001.14014
1760726472118,1001.09607
1760726472138,1001.04236
1760726472159,1001.03674
1760726472180,1001.0203
1760726472198,1000.9772
1760726472218,1000.9934
1760726472238,1000.9867
1760726472258,1000.96045
1760726472279,1000.9815
1760726472299,1001.0045
1760726472319,1001.08514
1760726472338,1001.1769
1760726472358,1001.1672
1760726472379,1001.1694
1760726472399,1001.1256
1760726472419,1001.15314
1760726472438,1001.1269
1760726472458,1001.0997
1760726472479,1001.0775
1760726472499,1001.01904
1760726472519,1000.9751
1760726472538,1000.97375
1760726472558,1000.9461
1760726472579,1001.0055
1760726472598,1000.90735
1760726472619,1000.90814
1760726472639,1000.89954
1760726472658,1000.8867
1760726472678,1000.8733
1760726472698,1000.8772
1760726472718,1000.9284
1760726472739,1000.94446
1760726472758,1000.9839
1760726472778,1000.96454
1760726472798,1000.9437
1760726472818,1001.0425
1760726472839,1001.0704
1760726472859,1000.94305
1760726472878,1001.015
1760726472898,1001.0975
1760726472918,1001.28436
1760726472939,1001.66815
1760726472959,1002.0759
1760726472980,1002.08673
1760726472998,1002.03125
1760726473018,1001.9842
1760726473038,1001.952
1760726473059,1001.89
1760726473079,1001.71765
1760726473099,1001.6381
1760726473118,1002.04407
1760726473139,1002.1252
1760726473159,1001.96063
1760726473179,1001.8525
1760726473199,1001.84955
1760726473218,1001.8989
1760726473238,1001.92487
1760726473258,1001.9539
1760726473278,1001.84717
1760726473299,1001.7942
1760726473320,1001.7455
1760726473338,1001.65985
1760726473358,1001.6174
1760726473379,1001.5692
1760726473399,1001.5044
1760726473419,1001.4365
1760726473438,1001.3964
1760726473459,1001.37
1760726473478,1001.3041
1760726473499,1001.2506
1760726473519,1001.15356
1760726473539,1000.9625
1760726473558,1000.7264
1760726473578,1000.4556
1760726473598,1000.3761
1760726473619,1000.3875
1760726473639,1000.41425
1760726473659,1000.4369
1760726473679,1000.48126
1760726473698,1000.4894
1760726473718,1000.51843
1760726473739,1000.5712
1760726473759,1000.62384
1760726473778,1000.7008
1760726473798,1000.77716
1760726473819,1000.85175
1760726473839,1000.8164
1760726473859,1000.77045
1760726473880,1000.86865
1760726473898,1000.97485
1760726473919,1001.1069
1760726473939,1001.1272
1760726473959,1001.14545
1760726473979,1001.2562
1760726473998,1001.2392
1760726474018,1001.2509
1760726474038,1001.34
1760726474059,1001.3164
1760726474079,1001.305
1760726474100,1001.30115
1760726474119,1001.3223
1760726474139,1001.3131
1760726474159,1001.3049
1760726474180,1001.3134
1760726474199,1001.2619
1760726474218,1001.2375
1760726474238,1001.245
1760726474258,1001.2031
1760726474278,1001.21936
1760726474299,1001.20654
1760726474319,1001.1909
1760726474338,1001.1766
1760726474358,1001.16235
1760726474378,1001.1923
1760726474399,1001.1817
1760726474419,1001.21436
1760726474440,1001.2042
1760726474458,1001.1925
1760726474478,1001.1708
1760726474499,1001.16046
1760726474519,1001.1653
1760726474539,1001.2147
1760726474558,1001.1767
1760726474578,1001.13983
1760726474598,1001.0822
1760726474619,1001.09247
1760726474639,1001.1323
1760726474659,1001.08466
1760726474679,1001.22015
1760726474698,1001.2487
1760726474718,1001.1266
1760726474739,1001.09595
