1760639815033,1000.5727
1760639815053,1000.6452
1760639815072,1000.71173
1760639815092,1000.7003
1760639815112,1000.5947
1760639815132,1000.73816
1760639815152,1001.0241
1760639815172,1000.83344
1760639815193,1001.2013
1760639815213,1001.1152
1760639815232,1001.04626
1760639815252,1001.05707
1760639815273,1001.21124
1760639815292,1001.35815
1760639815312,1001.4478
1760639815331,1001.36176
1760639815352,1001.2353
1760639815372,1000.86395
1760639815392,1000.5778
1760639815411,1001.48175
1760639815431,1000.98895
1760639815451,1000.7081
1760639815471,1001.5266
1760639815491,1000.84283
1760639815512,1000.8325
1760639815532,1000.5099
1760639815553,1000.5194
1760639815571,1000.8103
1760639815592,1000.9061
1760639815612,1000.79504
1760639815632,1000.78375
1760639815651,1000.82983
1760639815672,1000.8914
1760639815692,1000.86285
1760639815713,1000.8422
1760639815732,1000.8655
1760639815752,1000.9502
1760639815772,1001.0078
1760639815792,1001.10266
1760639815812,1001.066
1760639815832,1001.02954
1760639815852,1001.04767
1760639815873,1001.11487
1760639815892,1001.3816
1760639815912,1001.46454
1760639815932,1001.3827
1760639815952,1001.3036
1760639815972,1001.03595
1760639815992,1000.6374
1760639816013,1000.452
1760639816033,1000.44
1760639816053,1000.5163
1760639816072,1000.83344
1760639816093,1001.28143
1760639816112,1001.3702
1760639816132,1001.0177
1760639816152,1000.9382
1760639816172,1000.9902
1760639816193,1001.0733
1760639816213,1001.2228
1760639816232,1001.3169
1760639816253,1001.3161
1760639816272,1001.2183
1760639816292,1001.15063
1760639816312,1001.17505
1760639816332,1001.21484
1760639816353,1001.3825
1760639816373,1002.21124
1760639816392,1000.5502
1760639816412,1001.86145
1760639816432,1000.5236
1760639816452,1000.8194
1760639816472,1000.5086
1760639816493,1000.54205
1760639816513,1000.59735
1760639816533,1000.74036
1760639816552,1000.8161
1760639816573,1000.8644
1760639816592,1000.86707
1760639816612,1000.8966
1760639816632,1000.8955
1760639816652,1000.8838
1760639816673,1000.8705
1760639816693,1000.8861
1760639816712,1000.875
1760639816733,1000.8661
1760639816752,1001.0189
1760639816772,1001.0192
1760639816792,1000.9711
1760639816812,1001.0108
1760639816832,1001.0192
1760639816853,1001.0305
1760639816873,1000.9428
1760639816892,1000.8255
1760639816912,1000.76984
1760639816933,1001.1344
1760639816952,1001.0802
1760639816972,1000.5813
1760639816993,1000.5128
1760639817013,1000.54034
1760639817033,1000.4872
1760639817052,1000.4622
1760639817072,1000.5747
1760639817093,1000.8789
1760639817113,1000.86847
1760639817133,1000.74567
1760639817153,1000.78815
1760639817173,1000.71594
1760639817193,1000.78143
1760639817212,1000.9611
1760639817232,1001.09937
1760639817252,1001.2775
1760639817272,1001.36346
1760639817292,1001.267
1760639817312,1001.1938
1760639817332,1001.18066
1760639817352,1000.97894
1760639817371,1000.87
1760639817391,1001.5788
1760639817412,1000.9277
1760639817432,1000.8864
1760639817452,1000.5217
1760639817472,1000.6576
1760639817492,1000.55096
1760639817513,1000.65735
1760639817532,1000.7036
1760639817553,1000.77594
1760639817572,1000.86847
1760639817592,1000.84485
1760639817612,1000.7772
1760639817632,1000.805
1760639817652,1000.8344
1760639817673,1000.84
1760639817692,1000.85315
1760639817712,1000.8394
1760639817733,1000.86145
1760639817752,1000.9513
1760639817772,1001.2061
1760639817792,1001.2592
1760639817812,1001.1397
1760639817833,1000.8874
1760639817854,1000.83624
1760639817872,1000.8746
1760639817893,1000.9083
1760639817913,1000.73096
1760639817932,1000.6133
1760639817952,1000.6758
1760639817975,1000.653
1760639817993,1000.5272
1760639818013,1000.5113
1760639818032,1000.7475
1760639818052,1000.8411
1760639818072,1000.8302
1760639818092,1000.9352
1760639818112,1000.80707
1760639818133,1000.8155
1760639818153,1001.0678
1760639818173,1001.22253
1760639818192,1001.3147
1760639818212,1001.3142
1760639818233,1001.2535
1760639818253,1001.16144
1760639818272,1000.86786
1760639818292,1001.4352
1760639818313,1001.6335
1760639818333,1000.66034
1760639818352,1000.99036
1760639818372,1000.3569
1760639818392,1000.58673
1760639818412,1000.5469
1760639818432,1000.60156
1760639818453,1000.7641
1760639818473,1000.8741
1760639818493,1000.8733
1760639818512,1000.86035
1760639818533,1000.79144
1760639818552,1000.7439
1760639818572,1000.7502
1760639818593,1000.8247
1760639818612,1000.86566
1760639818632,1000.86646
1760639818653,1000.8644
1760639818673,1000.78937
1760639818692,1000.84
1760639818713,1000.876
1760639818732,1000.81177
1760639818752,1000.7139
1760639818772,1000.78125
1760639818792,1001.0639
1760639818813,1001.0747
1760639818833,1000.8655
1760639818852,1000.9819
1760639818872,1001.22235
1760639818892,1001.0064
1760639818912,1000.68286
1760639818932,1000.4996
1760639818952,1000.5044
1760639818972,1000.4483
1760639818993,1000.4711
1760639819013,1000.6278
1760639819032,1001.17786
1760639819052,1001.24927
1760639819073,1001.2394
1760639819092,1000.8835
1760639819112,1000.8075
1760639819132,1001.0005
1760639819153,1001.22015
1760639819172,1001.3196
1760639819192,1001.2539
1760639819212,1001.17145
1760639819232,1001.1797
1760639819252,1001.2002
1760639819272,1001.22894
1760639819292,1001.22345
1760639819313,1000.9728
1760639819332,1000.91565
1760639819352,1002.83484
1760639819372,1000.6391
1760639819392,1002.22205
1760639819412,1000.57983
1760639819432,1000.35486
1760639819453,1000.6322
1760639819473,1000.3085
1760639819493,1000.5541
1760639819512,1000.8077
1760639819532,1000.85144
1760639819552,1000.85535
1760639819572,1000.65704
1760639819611,1000.6906
1760639819613,1000.71423
1760639819633,1000.7408
1760639819667,1000.7076
1760639819673,1000.6889
1760639819694,1000.65765
1760639819712,1000.61536
1760639819732,1000.58813
1760639819752,1000.5624
1760639819772,1000.5891
1760639819793,1000.66724
1760639819813,1000.7483
1760639819833,1000.98505
1760639819852,1001.4544
1760639819872,1001.35065
1760639819892,1000.9544
1760639819912,1000.5717
1760639819932,1000.53394
1760639819952,1000.71893
1760639819973,1000.6274
1760639819992,1000.4938
1760639820013,1000.4949
1760639820033,1000.5102
1760639820052,1000.65173
1760639820072,1000.97485
1760639820092,1001.03
1760639820113,1000.77814
1760639820133,1000.8936
1760639820152,1001.0519
1760639820172,1000.92505
1760639820192,1000.91406
1760639820212,1000.9352
1760639820233,1000.958
1760639820252,1001.0611
1760639820272,1001.2116
1760639820293,1001.3641
1760639820313,1001.3813
1760639820332,1001.10236
1760639820352,1000.72174
1760639820373,1000.4344
1760639820393,1001.6924
1760639820412,1000.28845
1760639820432,1000.6478
1760639820453,1001.2592
1760639820473,1000.8125
1760639820492,1000.52954
1760639820512,1000.53265
1760639820532,1000.55536
1760639820552,1000.3863
1760639820572,1000.3878
1760639820592,1000.5455
1760639820613,1000.72906
1760639820633,1000.79205
1760639820652,1000.7714
1760639820672,1000.86707
1760639820692,1000.79376
1760639820712,1000.8794
1760639820732,1001.0505
1760639820753,1000.8433
1760639820773,1000.67096
1760639820793,1000.6966
1760639820812,1000.71564
1760639820832,1000.8128
1760639820852,1000.9392
1760639820871,1000.8931
1760639820892,1001.04956
1760639820912,1000.9641
1760639820933,1000.6227
1760639820953,1000.54565
1760639820973,1000.4536
1760639820992,1000.4033
1760639821012,1000.4072
1760639821032,1000.36566
1760639821052,1000.59204
1760639821072,1001.33344
1760639821092,1001.54486
1760639821113,1000.85315
1760639821133,1000.6986
1760639821152,1000.73706
1760639821173,1000.89624
1760639821193,1001.1938
1760639821212,1001.1461
1760639821232,1000.84503
1760639821252,1000.505
1760639821273,1000.3322
1760639821293,1001.23505
1760639821312,1000.3755
1760639821333,1000.84283
1760639821352,1001.1458
1760639821372,1000.6416
1760639821392,1000.61426
1760639821412,1000.3813
1760639821433,1000.4338
1760639821452,1000.54755
1760639821472,1000.5827
1760639821491,1000.6939
1760639821512,1000.7463
1760639821532,1000.79626
1760639821552,1000.83203
1760639821572,1000.8181
1760639821592,1000.8033
1760639821612,1000.7636
1760639821632,1000.6927
1760639821652,1000.6875
1760639821672,1000.6999
1760639821691,1000.7883
1760639821712,1000.84564
1760639821733,1000.73035
1760639821753,1000.6819
1760639821773,1000.85187
1760639821792,1000.96063
1760639821812,1000.97784
1760639821832,1000.9561
1760639821852,1000.6083
1760639821872,1000.5786
1760639821892,1000.6358
1760639821912,1000.5319
1760639821933,1000.3919
1760639821953,1000.36707
1760639821972,1000.34863
1760639821992,1000.3884
1760639822012,1000.935
1760639822032,1001.09454
1760639822052,1001.15424
1760639822072,1000.74066
1760639822093,1000.6464
1760639822113,1000.7044
1760639822132,1000.78424
1760639822152,1001.04205
1760639822173,1001.10266
1760639822192,1000.8925
1760639822213,1000.5616
1760639822233,1000.6258
1760639822253,1001.6314
1760639822273,1000.2466
1760639822292,1001.33
1760639822312,1000.52985
1760639822332,1000.73346
1760639822352,1000.4483
1760639822372,1000.5831
1760639822392,1000.5322
1760639822413,1000.59753
1760639822433,1000.6166
1760639822452,1000.6235
1760639822472,1000.5897
1760639822492,1000.5822
1760639822512,1000.59546
1760639822532,1000.58673
1760639822552,1000.55676
1760639822573,1000.555
1760639822593,1000.5358
1760639822614,1000.5572
1760639822632,1000.6381
1760639822653,1000.7528
1760639822672,1000.6907
1760639822692,1000.7822
1760639822713,1000.98126
1760639822733,1000.91064
1760639822753,1000.80566
1760639822773,1000.8166
1760639822792,1000.7541
1760639822812,1000.5619
1760639822832,1000.5839
1760639822852,1000.67255
1760639822872,1000.6097
1760639822892,1000.423
1760639822913,1000.36664
1760639822933,1000.37317
1760639822953,1000.4966
1760639822972,1000.8782
1760639822992,1000.98145
1760639823012,1000.9036
1760639823032,1000.7075
1760639823052,1000.73785
1760639823072,1000.79364
1760639823093,1001.063
1760639823112,1001.27234
1760639823132,1001.24207
1760639823152,1001.0683
1760639823172,1000.8058
1760639823192,1000.822
1760639823212,1001.5889
1760639823233,1000.78864
1760639823253,1001.24207
1760639823273,1000.8172
1760639823292,1000.5227
1760639823313,1000.3689
1760639823333,1000.4058
1760639823352,1000.4058
1760639823372,1000.5113
1760639823392,1000.59125
1760639823413,1000.64874
1760639823433,1000.59845
1760639823452,1000.60565
1760639823473,1000.6352
1760639823492,1000.6483
1760639823512,1000.6177
1760639823532,1000.6263
1760639823552,1000.65906
1760639823573,1000.73926
1760639823592,1000.8341
1760639823613,1000.7819
1760639823633,1000.78973
1760639823652,1000.84033
1760639823672,1000.90594
1760639823692,1000.98175
1760639823712,1000.8167
1760639823733,1000.6313
1760639823753,1000.5724
1760639823772,1000.7444
1760639823792,1000.77985
1760639823812,1000.6849
1760639823832,1000.5816
1760639823852,1000.60455
1760639823873,1000.41113
1760639823893,1000.323
1760639823913,1000.443
1760639823932,1000.5925
1760639823952,1000.6419
1760639823972,1000.6335
1760639823992,1000.66754
1760639824012,1000.60046
1760639824032,1000.5613
1760639824053,1000.6116
1760639824073,1000.7025
1760639824092,1000.85254
1760639824112,1000.98846
1760639824132,1000.9272
1760639824152,1000.84534
1760639824172,1000.79395
1760639824192,1000.90625
1760639824213,1001.0
1760639824233,1001.03394
1760639824253,1001.1894
1760639824272,1001.4794
1760639824292,1000.5741
1760639824312,1000.5513
1760639824332,1000.65283
1760639824352,1000.70703
1760639824372,1000.8149
1760639824393,1000.6267
1760639824413,1000.4654
1760639824433,1000.33594
1760639824452,1000.40985
1760639824472,1000.44
1760639824492,1000.59564
1760639824512,1000.8235
1760639824532,1000.8849
1760639824553,1000.78284
1760639824573,1000.66516
1760639824592,1000.60516
1760639824612,1000.5236
1760639824632,1000.5667
1760639824652,1000.71655
1760639824672,1000.8916
1760639824692,1000.9524
1760639824713,1000.92816
1760639824733,1000.9272
1760639824752,1001.02344
1760639824772,1001.0755
1760639824792,1001.1442
1760639824813,1001.05566
1760639824832,1000.6367
1760639824853,1000.33234
1760639824873,1000.3153
1760639824893,1000.42395
1760639824912,1000.41705
1760639824932,1000.48364
1760639824953,1000.4944
1760639824972,1000.3778
1760639824992,1000.47174
1760639825012,1000.5047
1760639825033,1000.4531
1760639825053,1000.47485
1760639825073,1000.53644
1760639825092,1000.5603
1760639825112,1000.60516
1760639825132,1000.6227
1760639825152,1000.66907
1760639825172,1000.79675
1760639825192,1000.9322
1760639825213,1000.94916
1760639825233,1000.9424
1760639825252,1000.92065
1760639825272,1000.9519
1760639825292,1001.3319
1760639825312,1000.3533
1760639825332,1001.09534
1760639825352,1000.79425
1760639825373,1000.5724
1760639825393,1000.3785
1760639825412,1000.36786
1760639825433,1000.4633
1760639825453,1000.6191
1760639825473,1000.72156
1760639825492,1000.6953
1760639825513,1000.59625
1760639825533,1000.5594
1760639825553,1000.5947
1760639825572,1000.67456
1760639825593,1000.6411
1760639825613,1000.5788
1760639825632,1000.54596
1760639825653,1000.5161
1760639825673,1000.5572
1760639825693,1000.60144
1760639825713,1000.73926
1760639825732,1000.72644
1760639825752,1000.8142
1760639825772,1000.7572
1760639825792,1000.47925
1760639825812,1000.523
1760639825832,1000.7571
1760639825853,1000.7628
1760639825873,1000.5649
1760639825893,1000.4346
1760639825912,1000.24
1760639825932,1000.1211
1760639825952,1000.16016
1760639825972,1000.3016
1760639825992,1000.85187
1760639826012,1001.1869
1760639826032,1000.8788
1760639826053,1000.4608
1760639826071,1000.48785
1760639826092,1000.513
1760639826111,1000.76
1760639826132,1001.04504
1760639826152,1000.91266
1760639826172,1000.5795
1760639826192,1000.1772
1760639826212,1000.642
1760639826232,1000.53406
1760639826252,1000.2639
1760639826272,1001.4216
1760639826292,1000.6213
1760639826312,1000.83374
1760639826332,1000.3352
1760639826352,1000.21344
1760639826372,1000.3755
1760639826392,1000.39484
1760639826412,1000.3724
1760639826431,1000.40344
1760639826451,1000.4469
1760639826472,1000.53546
1760639826492,1000.59424
1760639826512,1000.578
1760639826532,1000.5194
1760639826552,1000.5621
1760639826571,1000.5583
1760639826591,1000.5614
1760639826612,1000.53754
1760639826632,1000.5622
1760639826652,1000.65063
1760639826672,1000.7516
1760639826692,1000.66736
1760639826712,1000.4883
1760639826732,1000.33673
1760639826752,1000.41705
1760639826772,1000.45734
1760639826792,1000.4396
1760639826812,1000.2595
1760639826833,1000.18176
1760639826852,1000.21515
1760639826873,1000.5586
1760639826892,1000.7502
1760639826911,1000.7675
1760639826932,1000.78687
1760639826952,1000.6494
1760639826972,1000.5681
1760639826992,1000.6913
1760639827012,1000.7525
1760639827033,1000.8719
1760639827052,1000.92346
1760639827072,1000.8766
1760639827092,1000.8397
1760639827112,1000.83
1760639827132,1000.8436
1760639827152,1000.9036
1760639827173,1001.1246
1760639827193,1001.29114
1760639827212,1001.09
1760639827232,1002.2491
1760639827252,1001.6608
1760639827272,1000.48505
1760639827292,1001.2536
1760639827313,999.8352
1760639827332,1000.09125
1760639827353,1000.13544
1760639827372,1000.0516
1760639827392,1000.3736
1760639827412,1000.66284
1760639827432,1000.53485
1760639827452,1000.4916
1760639827472,1000.40393
1760639827492,1000.3239
1760639827513,1000.3297
1760639827533,1000.3919
1760639827552,1000.4275
1760639827572,1000.46875
1760639827592,1000.4405
1760639827612,1000.40753
1760639827632,1000.35364
1760639827653,1000.3711
1760639827673,1000.35315
1760639827693,1000.35925
1760639827712,1000.4338
1760639827732,1000.4913
1760639827752,1000.46265
1760639827772,1000.42676
1760639827792,1000.4371
1760639827812,1000.4511
1760639827833,1000.48737
1760639827853,1000.74036
1760639827872,1001.09406
1760639827892,1000.92456
1760639827912,1000.6483
1760639827932,1000.3889
1760639827952,1000.21985
1760639827973,1000.30176
1760639827993,1000.3336
1760639828013,1000.23114
1760639828032,1000.2586
1760639828052,1000.2948
1760639828072,1000.33813
1760639828092,1000.8113
1760639828112,1000.84454
1760639828132,1000.5705
1760639828153,1000.5032
1760639828173,1000.6244
1760639828192,1000.7136
1760639828212,1000.8027
1760639828232,1000.8256
1760639828252,1000.8047
1760639828272,1000.805
1760639828293,1000.8284
1760639828312,1000.933
1760639828333,1001.1269
1760639828353,1001.2388
1760639828372,1001.2172
1760639828392,1001.1274
1760639828412,1001.20844
1760639828432,1001.5652
1760639828452,1001.52673
1760639828472,1000.54816
1760639828492,999.9219
1760639828513,999.8772
1760639828532,999.98315
1760639828553,1000.34174
1760639828572,1000.756
1760639828593,1000.6433
1760639828612,1000.583
1760639828632,1000.5817
1760639828654,1000.5052
1760639828673,1000.4322
1760639828692,1000.4985
1760639828712,1000.5564
1760639828732,1000.5236
1760639828752,1000.47144
1760639828772,1000.41797
1760639828793,1000.42645
1760639828813,1000.5727
1760639828833,1000.4555
1760639828853,1000.29535
1760639828872,1000.26843
1760639828899,1000.37427
1760639828912,1000.5086
1760639828932,1000.5319
1760639828952,1000.6108
1760639828973,1000.3964
1760639828993,1000.3019
1760639829012,1000.1285
1760639829033,999.97546
1760639829052,999.98206
1760639829072,1000.0611
1760639829092,1000.4978
1760639829112,1000.8339
1760639829133,1001.03796
1760639829153,1000.7064
1760639829173,1000.3919
1760639829192,1000.42206
1760639829212,1000.4583
1760639829232,1000.7702
1760639829252,1000.91406
1760639829273,1000.6871
1760639829292,1000.42206
1760639829313,1000.2009
1760639829333,1000.4266
1760639829352,1001.26
1760639829372,999.97614
1760639829392,1000.91046
1760639829412,1000.2603
1760639829432,1000.16345
1760639829453,1000.2686
1760639829473,1000.10016
1760639829493,1000.2681
1760639829512,1000.5158
1760639829533,1000.5007
1760639829552,1000.39233
1760639829572,1000.35004
1760639829592,1000.3753
1760639829613,1000.35376
1760639829632,1000.3794
1760639829653,1000.3724
1760639829672,1000.3819
1760639829692,1000.435
1760639829712,1000.41656
1760639829732,1000.40643
1760639829752,1000.5585
1760639829772,1000.71704
1760639829793,1000.7652
1760639829813,1000.60925
1760639829832,1000.39874
1760639829865,1000.3047
1760639829884,1000.2635
1760639829892,1000.29614
1760639829926,1000.4117
1760639829936,1000.1795
1760639829953,999.97626
1760639829975,1000.0041
1760639829994,1000.0376
1760639830012,1000.0664
1760639830032,1000.71234
1760639830052,1000.61487
1760639830073,1000.568
1760639830092,1000.39453
1760639830113,1000.42377
1760639830133,1000.6733
1760639830153,1000.91473
1760639830172,1001.0261
1760639830192,1000.8977
1760639830212,1000.66174
1760639830232,1000.5086
1760639830252,1000.1827
1760639830273,1000.823
1760639830293,1000.21344
1760639830313,1000.58
1760639830333,1000.8825
1760639830352,1000.1914
1760639830372,1000.368
1760639830392,1000.2524
1760639830412,1000.41266
1760639830432,1000.392
1760639830453,1000.4858
1760639830473,1000.4969
1760639830492,1000.4464
1760639830512,1000.4589
1760639830533,1000.4589
1760639830552,1000.4897
1760639830572,1000.5383
1760639830593,1000.515
1760639830613,1000.53406
1760639830633,1000.5703
1760639830652,1000.54095
1760639830673,1000.5699
1760639830692,1000.5847
1760639830713,1000.5716
1760639830732,1000.575
1760639830752,1000.4024
1760639830772,1000.2283
1760639830793,1000.238
1760639830813,1000.4469
1760639830832,1000.4216
1760639830852,1000.1827
1760639830873,999.9841
1760639830892,1000.0024
1760639830912,1000.0889
1760639830932,1000.4108
1760639830953,1000.8591
1760639830973,1000.77484
1760639830992,1000.4444
1760639831012,1000.45984
1760639831033,1000.5983
1760639831052,1000.67847
1760639831072,1000.7655
1760639831092,1000.69635
1760639831113,1000.333
1760639831133,1000.0142
1760639831152,1001.41705
1760639831172,999.8841
1760639831192,1001.14813
1760639831212,1000.34143
1760639831232,1000.42487
1760639831253,1000.20844
1760639831273,1000.0138
1760639831293,1000.09125
1760639831313,1000.23236
1760639831332,1000.2717
1760639831353,1000.34265
1760639831372,1000.46313
1760639831392,1000.4469
1760639831412,1000.4255
1760639831432,1000.4344
1760639831453,1000.3825
1760639831473,1000.36206
1760639831492,1000.2681
1760639831512,1000.3378
1760639831532,1000.42255
1760639831552,1000.4972
1760639831572,1000.6141
1760639831594,1000.6907
1760639831613,1000.5632
1760639831633,1000.3752
1760639831653,1000.33234
1760639831673,1000.3644
1760639831692,1000.318
1760639831711,1000.1194
1760639831731,1000.3022
1760639831752,1000.36957
1760639831772,1000.14954
1760639831792,1000.1985
1760639831812,1000.0072
1760639831832,999.98987
1760639831852,1001.2014
1760639831872,1000.97656
1760639831892,1000.6522
1760639831912,1000.66675
1760639831932,1000.73456
1760639831965,1000.70514
1760639831972,1000.78613
1760639831992,1000.90704
1760639832015,1000.7725
1760639832032,1000.53033
1760639832052,1000.35266
1760639832073,1000.59125
1760639832093,1000.3813
1760639832112,1000.875
1760639832131,1001.16473
1760639832151,1000.3961
1760639832171,1000.0781
1760639832192,999.9589
1760639832212,999.9661
1760639832232,1000.0814
1760639832252,1000.2483
1760639832273,1000.3188
1760639832292,1000.3916
1760639832312,1000.4639
1760639832332,1000.4506
1760639832352,1000.43097
1760639832373,1000.4219
1760639832392,1000.3569
1760639832412,1000.3775
1760639832433,1000.4036
1760639832453,1000.3727
1760639832472,1000.328
1760639832493,1000.3405
1760639832512,1000.46265
1760639832532,1000.53253
1760639832552,1000.49677
1760639832573,1000.42126
1760639832593,1000.3788
1760639832613,1000.42096
1760639832632,1000.2081
1760639832653,1000.0053
1760639832672,999.9005
1760639832692,999.9374
1760639832712,999.9414
1760639832732,999.9963
1760639832752,1000.691
1760639832773,1000.6811
1760639832793,1000.53754
1760639832812,1000.1505
1760639832832,1000.40533
1760639832852,1000.55237
1760639832872,1000.77344
1760639832892,1000.85175
1760639832912,1000.756
1760639832933,1000.5638
1760639832952,1000.22375
1760639832972,1000.1285
1760639832992,1000.6594
1760639833012,1000.3691
1760639833032,1000.98315
1760639833053,1000.54266
1760639833074,1000.22705
1760639833093,999.9433
1760639833113,1000.0447
1760639833132,1000.085
1760639833152,1000.1152
1760639833172,1000.2613
1760639833192,1000.3725
1760639833212,1000.3047
1760639833232,1000.3052
1760639833253,1000.3205
1760639833273,1000.3267
1760639833292,1000.34796
1760639833312,1000.3933
1760639833332,1000.40485
1760639833352,1000.45
1760639833372,1000.4411
1760639833392,1000.3925
1760639833412,1000.3483
1760639833433,1000.34863
1760639833453,1000.47754
1760639833473,1000.6253
1760639833493,1000.46875
1760639833512,1000.2585
1760639833532,1000.3241
1760639833552,1000.3188
1760639833573,1000.24316
1760639833593,1000.1747
1760639833613,999.98987
1760639833632,999.86237
1760639833653,999.90314
1760639833672,999.9069
1760639833692,999.96063
1760639833713,1000.9033
1760639833733,1000.72925
1760639833753,1000.35455
1760639833772,1000.2833
1760639833792,1000.4592
1760639833812,1000.4025
1760639833832,1000.6289
1760639833852,1000.8167
1760639833872,1000.74286
1760639833892,1000.5447
1760639833916,1000.3736
1760639833932,1000.22174
1760639833952,1000.3005
1760639833972,1002.4
1760639833992,999.73126
1760639834012,1001.2566
1760639834032,1000.145
1760639834052,1000.1911
1760639834073,1000.0861
1760639834093,1000.03705
1760639834112,1000.18066
1760639834133,1000.27875
1760639834152,1000.3411
1760639834172,1000.3261
1760639834192,1000.2539
1760639834213,1000.2659
1760639834234,1000.3222
1760639834253,1000.34924
1760639834272,1000.3378
1760639834292,1000.3202
1760639834312,1000.35785
1760639834332,1000.3253
1760639834352,1000.3016
1760639834373,1000.3483
1760639834393,1000.46735
1760639834413,1000.5175
1760639834433,1000.5286
1760639834452,1000.48486
1760639834472,1000.3619
1760639834493,1000.1877
1760639834512,1000.16986
1760639834533,1000.4025
1760639834553,1000.5064
1760639834573,1000.3724
1760639834592,1000.1802
1760639834612,999.9911
1760639834632,999.8725
1760639834652,999.8942
1760639834672,999.91406
1760639834692,1000.5494
1760639834712,1000.72363
1760639834733,1000.7025
1760639834753,1000.3352
1760639834772,1000.3925
1760639834792,1000.36707
1760639834812,1000.5038
1760639834832,1000.6172
1760639834853,1000.5322
1760639834874,1000.41156
1760639834893,1000.35126
1760639834913,1000.3172
1760639834933,1000.37067
1760639834952,1000.59766
1760639834973,1000.84406
1760639834992,1000.66364
1760639835012,1000.3411
1760639835033,1003.1208
1760639835053,999.85156
1760639835073,1002.433
1760639835092,999.6327
1760639835112,999.6163
1760639835133,999.97845
1760639835152,999.66614
1760639835172,999.8252
1760639835193,1000.1367
1760639835213,1000.3677
1760639835233,1000.1253
1760639835253,999.99426
1760639835272,1000.08344
1760639835292,1000.0841
1760639835312,1000.08203
1760639835332,1000.0647
1760639835353,1000.09985
1760639835373,1000.123
1760639835393,1000.03516
1760639835412,999.9897
1760639835432,999.9564
1760639835452,999.92706
1760639835472,999.92017
1760639835492,999.97296
1760639835512,1000.1189
1760639835532,1000.5652
1760639835553,1000.9877
1760639835573,1000.6397
1760639835592,1000.10156
1760639835612,999.91846
1760639835632,1000.1797
1760639835652,1000.4205
1760639835673,1000.2563
1760639835692,999.98016
1760639835713,999.8927
1760639835733,999.9011
1760639835753,1000.1105
1760639835773,1000.53546
1760639835792,1000.6241
1760639835812,1000.5806
1760639835832,1000.47504
1760639835852,1000.35266
1760639835873,1000.2081
1760639835893,1000.2627
1760639835913,1000.36145
1760639835932,1000.4286
1760639835952,1000.41174
1760639835972,1000.47626
1760639835992,1000.7058
1760639836012,1000.4628
1760639836033,1000.623
1760639836053,1001.8789
1760639836072,999.8358
1760639836092,1000.61005
1760639836112,1000.04144
1760639836133,999.6384
1760639836152,999.7588
1760639836172,999.9733
1760639836193,1000.1967
1760639836213,1000.34705
1760639836232,1000.28284
1760639836252,1000.28613
1760639836272,1000.3055
1760639836292,1000.2086
1760639836312,1000.1291
1760639836332,1000.1269
1760639836352,1000.14764
1760639836373,1000.1953
1760639836393,1000.2458
1760639836412,1000.3322
1760639836432,1000.4258
1760639836452,1000.35315
1760639836472,1000.2413
1760639836492,1000.4363
1760639836512,1000.51
1760639836532,1000.40125
1760639836553,1000.43317
1760639836571,1000.48846
1760639836591,1000.3366
1760639836612,1000.0294
1760639836631,999.7344
1760639836651,999.7344
1760639836672,999.78937
1760639836692,999.8146
1760639836712,999.90344
1760639836732,1000.8483
1760639836752,1000.71594
1760639836772,1000.36316
1760639836793,1000.1919
1760639836812,1000.0657
1760639836832,1000.03723
1760639836853,1000.1977
1760639836873,1000.5186
1760639836892,1000.6238
1760639836912,1000.512
1760639836932,1000.398
1760639836952,1000.2659
1760639836972,1000.0225
1760639836992,1000.8735
1760639837013,1000.1497
1760639837034,1001.1409
1760639837052,1000.3627
1760639837073,1000.0283
1760639837092,1000.0516
1760639837112,999.8288
1760639837132,1000.0294
1760639837152,1000.0608
1760639837173,1000.205
1760639837193,1000.2546
1760639837213,1000.1177
1760639837232,1000.0744
1760639837252,1000.09375
1760639837272,1000.10535
1760639837292,1000.1533
1760639837312,1000.1911
1760639837333,1000.22754
1760639837353,1000.2753
1760639837373,1000.28613
1760639837392,1000.33704
1760639837412,1000.3839
1760639837432,1000.45953
1760639837452,1000.3358
1760639837472,1000.35675
1760639837493,1000.4975
1760639837513,1000.29407
1760639837533,1000.2521
1760639837553,1000.3375
1760639837572,1000.1213
1760639837592,1000.1422
1760639837612,1000.1136
1760639837632,999.9509
1760639837652,999.8044
1760639837673,999.7997
1760639837693,1000.1436
1760639837712,1000.4353
1760639837732,1000.7741
1760639837752,1000.5105
1760639837772,1000.0336
1760639837792,1000.0759
1760639837812,1000.23114
1760639837833,1000.5241
1760639837853,1000.7716
1760639837872,1000.67236
1760639837892,1000.52985
1760639837912,1000.3163
1760639837932,999.9352
1760639837952,1000.90814
1760639837973,999.79565
1760639837993,1001.4908
1760639838013,1000.60504
1760639838033,1000.0077
1760639838053,999.9697
1760639838072,999.7108
1760639838092,999.8197
1760639838112,999.9586
1760639838133,1000.10266
1760639838152,1000.15796
1760639838173,1000.09894
1760639838193,1000.01556
1760639838212,999.98285
1760639838233,1000.03796
1760639838252,1000.1116
1760639838272,1000.16595
1760639838293,1000.1345
1760639838314,1000.1914
1760639838333,1000.2764
1760639838353,1000.34674
1760639838372,1000.2569
1760639838392,1000.29517
1760639838412,1000.325
1760639838432,1000.3284
1760639838452,1000.365
1760639838473,1000.3405
1760639838493,1000.2505
1760639838513,1000.28687
1760639838532,1000.6238
1760639838552,1000.6447
1760639838572,1000.1253
1760639838592,999.97876
1760639838612,999.9339
1760639838632,999.8366
1760639838653,999.7258
1760639838673,999.73376
1760639838692,1000.45593
1760639838712,1000.6341
1760639838732,1000.7044
1760639838752,1000.028
1760639838772,1000.16473
1760639838792,1000.0597
1760639838812,1000.2125
1760639838833,1000.4533
1760639838853,1000.55707
1760639838872,1000.47516
1760639838892,1000.36707
1760639838912,1000.2486
1760639838932,1000.1282
1760639838953,1000.6594
1760639838973,1000.8852
1760639838993,1000.04297
1760639839013,1000.1425
1760639839032,999.7058
1760639839053,999.8391
1760639839072,999.65173
1760639839092,999.7728
1760639839112,999.90283
1760639839133,1000.06
1760639839152,1000.0889
1760639839173,1000.09375
1760639839192,1000.0747
1760639839213,1000.04315
1760639839232,1000.03033
1760639839252,1000.04926
1760639839272,1000.1296
1760639839292,1000.1555
1760639839313,1000.2139
1760639839333,1000.1907
1760639839352,1000.1247
1760639839373,1000.0814
1760639839392,1000.09875
1760639839412,1000.2649
1760639839432,1000.318
1760639839452,1000.3732
1760639839473,1000.17145
1760639839493,1000.0447
1760639839512,1000.09625
1760639839533,1000.0605
1760639839553,1000.1363
1760639839572,1000.0097
1760639839592,999.9008
1760639839612,999.73645
1760639839632,999.71533
1760639839653,999.7475
1760639839673,1000.06067
1760639839693,1000.066
1760639839712,1000.4266
1760639839732,1000.3922
1760639839752,1000.1392
1760639839772,1000.0781
1760639839792,1000.17096
1760639839813,1000.2683
1760639839833,1000.47626
1760639839852,1000.54596
1760639839872,1000.4219
1760639839892,1000.29047
1760639839913,1000.2624
1760639839932,1000.2161
1760639839953,1000.91797
1760639839972,1000.0644
1760639839992,1000.5756
1760639840012,1000.1931
1760639840032,1000.04315
1760639840052,999.7513
1760639840072,999.6658
1760639840092,999.7347
1760639840112,999.798
1760639840133,999.9069
1760639840153,999.9605
1760639840172,999.98395
1760639840192,1000.0561
1760639840212,1000.1306
1760639840232,1000.1358
1760639840252,1000.0633
1760639840273,1000.10406
1760639840293,1000.04846
1760639840313,1000.0599
1760639840332,1000.1208
1760639840352,1000.1741
1760639840372,1000.2608
1760639840393,1000.3066
1760639840412,1000.3849
1760639840432,1000.511
1760639840453,1000.40173
1760639840473,1000.17676
1760639840493,1000.20984
1760639840512,1000.3328
1760639840533,999.9939
1760639840552,999.8958
1760639840572,999.8077
1760639840592,999.755
1760639840612,999.7485
1760639840633,999.7161
1760639840653,999.7666
1760639840672,999.98596
1760639840692,1000.3878
1760639840712,1000.1283
1760639840732,999.98236
1760639840752,1000.0714
1760639840772,1000.1911
1760639840793,1000.2733
1760639840813,1000.46594
1760639840832,1000.5486
1760639840853,1000.47736
1760639840872,1000.3767
1760639840892,1000.3283
1760639840912,1000.1872
1760639840932,1001.11395
1760639840953,1000.3225
1760639840973,1000.8838
1760639840992,1000.0741
1760639841012,999.9497
1760639841033,999.768
1760639841052,999.72424
1760639841072,999.8366
1760639841092,999.8983
1760639841113,999.91815
1760639841133,999.9396
1760639841152,999.9636
1760639841172,999.96375
1760639841192,999.9594
1760639841212,999.97015
1760639841232,999.97156
1760639841253,1000.0099
1760639841273,1000.1475
1760639841293,1000.2645
1760639841313,1000.28705
1760639841332,1000.3444
1760639841354,1000.2652
1760639841372,1000.16754
1760639841392,1000.15283
1760639841412,1000.24457
1760639841433,1000.2616
1760639841452,1000.14453
1760639841473,999.9927
1760639841493,1000.1331
1760639841512,1000.1872
1760639841532,999.8747
1760639841553,999.78204
1760639841572,999.66534
1760639841592,999.7081
1760639841613,999.6822
1760639841633,999.6813
1760639841652,999.7002
1760639841687,999.8192
1760639841694,999.9955
1760639841712,1000.0745
1760639841732,1000.183
1760639841752,1000.077
1760639841773,1000.0753
1760639841793,1000.125
1760639841813,1000.2525
1760639841832,1000.3977
1760639841852,1000.41644
1760639841872,1000.34534
1760639841892,1000.258
1760639841913,1000.15784
1760639841933,1000.14594
1760639841953,1000.18097
1760639841972,1001.072
1760639841992,1000.48157
1760639842013,1000.2786
1760639842032,999.92487
1760639842052,999.79047
1760639842072,999.8821
1760639842093,999.8253
1760639842113,999.9461
1760639842133,1000.0061
1760639842153,1000.0483
1760639842172,1000.0269
1760639842193,1000.0116
1760639842212,1000.09064
1760639842232,1000.19
1760639842252,1000.28503
1760639842273,1000.3097
1760639842293,1000.3222
1760639842312,1000.3633
1760639842332,1000.28253
1760639842352,1000.2583
1760639842372,1000.2439
1760639842392,1000.3216
1760639842413,1000.4
1760639842433,1000.3508
1760639842453,1000.3327
1760639842472,1000.3683
1760639842492,1000.2969
1760639842512,1000.1355
1760639842532,1000.08234
1760639842552,1000.09973
1760639842573,1000.2595
1760639842593,1000.10284
1760639842613,999.90796
1760639842632,999.6819
1760639842652,999.6561
1760639842672,999.6306
1760639842692,999.6433
1760639842712,999.68317
1760639842732,999.685
1760639842753,999.94775
1760639842773,1000.1197
1760639842792,1000.2105
1760639842813,1000.0447
1760639842832,1000.09924
1760639842852,1000.1299
1760639842872,1000.0025
1760639842892,1000.10065
1760639842913,1000.1297
1760639842933,1000.0789
1760639842953,1000.03625
1760639842972,999.993
1760639842992,1000.1297
1760639843012,1000.61707
1760639843032,1000.7636
1760639843052,1000.1924
1760639843072,999.9336
1760639843093,999.89984
1760639843113,1000.23315
1760639843132,1000.3344
1760639843153,1000.1308
1760639843173,999.89484
1760639843192,999.6183
1760639843212,999.65533
1760639843232,999.66986
1760639843253,999.72723
1760639843273,999.72095
1760639843292,999.7908
1760639843312,999.9033
1760639843332,1000.205
1760639843352,1000.28033
1760639843372,1000.1188
1760639843394,999.98425
1760639843413,999.8909
1760639843433,999.8903
1760639843452,999.98175
1760639843472,1000.065
1760639843492,1000.0936
1760639843512,1000.1683
1760639843532,1000.22125
1760639843553,1000.3711
1760639843573,1000.3114
1760639843593,1000.0805
1760639843612,1000.0761
1760639843632,1000.17456
1760639843652,1000.29297
1760639843672,1000.142
1760639843692,1000.03156
1760639843712,999.8769
1760639843732,999.84125
1760639843762,999.90234
1760639843774,1000.1526
1760639843792,1000.34015
1760639843812,1000.53876
1760639843832,1000.54425
1760639843852,1000.41846
1760639843872,1000.3102
1760639843892,1000.2169
1760639843913,1000.2194
1760639843933,1000.2386
1760639843952,1000.23145
1760639843973,1000.2544
1760639843992,1000.4397
1760639844012,1000.7133
1760639844032,1000.696
1760639844053,1000.02704
1760639844073,999.6384
1760639844093,1002.3433
1760639844112,1000.3136
1760639844132,999.5027
1760639844152,1000.5214
1760639844173,999.5795
1760639844192,999.5502
1760639844212,999.5752
1760639844233,999.97986
1760639844253,1000.01843
1760639844273,1000.09875
1760639844292,1000.23065
1760639844312,1000.0919
1760639844332,999.9958
1760639844352,999.99036
1760639844372,1000.0078
1760639844393,1000.0124
1760639844413,999.98566
1760639844433,999.80426
1760639844452,999.8281
1760639844472,999.9481
1760639844492,1000.1266
1760639844512,1000.4244
1760639844532,1000.5408
1760639844552,1000.41797
1760639844573,1000.0538
1760639844593,1000.0191
1760639844612,1000.16156
1760639844632,1000.03784
1760639844652,999.8241
1760639844672,999.72864
1760639844692,999.67255
1760639844712,999.6342
1760639844733,999.6741
1760639844753,1000.1214
1760639844773,1000.73846
1760639844793,1000.46906
1760639844812,1000.22784
1760639844832,1000.0597
1760639844852,999.9886
1760639844873,1000.14594
1760639844893,1000.39874
1760639844913,1000.48517
1760639844933,1000.3831
1760639844952,1000.2617
1760639844972,1000.1452
1760639844992,1000.01
1760639845012,999.8755
1760639845032,1001.6914
1760639845053,999.41504
1760639845073,1001.03033
1760639845092,999.811
1760639845112,999.9578
1760639845132,999.66736
1760639845152,999.7447
1760639845172,999.7333
1760639845192,999.86237
1760639845212,999.9572
1760639845233,999.9254
1760639845252,999.9244
1760639845272,999.9492
1760639845293,999.938
1760639845312,999.9403
1760639845332,999.9261
1760639845352,999.9252
1760639845372,999.893
1760639845393,999.8741
1760639845413,999.9625
1760639845432,1000.006
1760639845452,1000.108
1760639845472,1000.09564
1760639845493,1000.1122
1760639845512,1000.2577
1760639845533,1000.15643
1760639845553,1000.10925
1760639845573,1000.22845
1760639845592,1000.4016
1760639845612,1000.1478
1760639845632,999.8978
1760639845652,999.8144
1760639845672,999.6766
1760639845692,999.6406
1760639845713,999.65796
1760639845733,1000.14343
1760639845752,1000.5253
1760639845773,1000.583
1760639845792,1000.16235
1760639845812,999.96124
1760639845832,1000.09314
1760639845852,1000.2047
1760639845872,1000.4183
1760639845893,1000.4538
1760639845912,1000.4286
1760639845932,1000.41315
1760639845952,1000.33984
1760639845972,1000.22296
1760639845992,1000.3303
1760639846012,1001.24927
1760639846033,999.68
1760639846053,1000.66516
1760639846072,999.71875
1760639846092,999.9527
1760639846112,999.54926
1760639846132,999.60504
1760639846152,999.77454
1760639846173,999.9016
1760639846192,999.92065
1760639846213,1000.0053
1760639846233,999.98016
1760639846252,999.91534
1760639846273,999.86346
1760639846292,999.8821
1760639846312,999.8833
1760639846332,999.92004
1760639846352,999.97644
1760639846373,999.9589
1760639846393,999.9916
1760639846412,1000.02234
1760639846433,1000.005
1760639846452,1000.0597
1760639846472,1000.2419
1760639846492,1000.4177
1760639846512,1000.33844
1760639846533,1000.0152
1760639846553,999.8103
1760639846572,999.7585
1760639846592,999.71655
1760639846612,999.5585
1760639846632,999.53845
1760639846652,999.54926
1760639846672,999.568
1760639846693,999.6166
1760639846713,999.645
1760639846732,999.8938
1760639846752,1000.09845
1760639846772,999.8725
1760639846792,999.876
1760639846812,999.8777
1760639846832,999.9627
1760639846852,1000.27484
1760639846873,1000.6174
1760639846892,1000.60736
1760639846912,1000.30005
1760639846932,999.97375
1760639846952,999.67267
1760639846974,999.96783
1760639846992,999.99927
1760639847012,1000.085
1760639847033,1000.0602
1760639847053,999.9022
1760639847072,999.59906
1760639847092,999.54297
1760639847112,999.6127
1760639847132,999.61597
1760639847152,999.685
1760639847173,999.8292
1760639847193,999.902
1760639847213,999.92706
1760639847232,999.92114
1760639847252,999.8956
1760639847272,999.8991
1760639847292,999.8558
1760639847312,999.8461
1760639847333,999.89594
1760639847353,1000.0111
1760639847373,1000.10205
1760639847392,1000.16364
1760639847412,1000.22925
1760639847432,1000.22626
1760639847452,1000.09845
1760639847472,999.9399
1760639847493,999.8728
1760639847513,999.92706
1760639847533,999.84485
1760639847552,999.6849
1760639847572,999.60297
1760639847592,999.60406
1760639847612,999.6274
1760639847632,999.6869
1760639847652,999.9883
1760639847672,1000.6871
1760639847693,1000.5572
1760639847712,999.96204
1760639847732,1000.04517
1760639847752,1000.10455
1760639847772,1000.197
1760639847792,1000.3242
1760639847812,1000.4333
1760639847833,1000.47406
1760639847853,1000.28033
1760639847873,999.9978
1760639847892,999.9244
1760639847912,1001.1961
1760639847932,999.7686
1760639847952,1000.4439
1760639847972,999.70953
1760639847993,999.60864
1760639848013,999.6669
1760639848033,999.5677
1760639848052,999.7086
1760639848072,999.7528
1760639848093,999.85736
1760639848112,999.9241
1760639848132,999.91895
1760639848153,999.85016
1760639848174,999.7941
1760639848193,999.7686
1760639848212,999.80566
1760639848232,999.79736
1760639848252,999.8763
1760639848273,999.8752
1760639848292,1000.0625
1760639848312,1000.2517
1760639848333,1000.18207
1760639848353,1000.1378
1760639848372,1000.0025
1760639848392,999.9514
1760639848412,999.91254
1760639848432,999.9466
1760639848452,999.8605
1760639848472,999.8103
1760639848492,999.7638
1760639848513,999.66156
1760639848533,999.5731
1760639848552,999.67566
1760639848572,999.92737
1760639848593,1000.10114
1760639848612,1000.0752
1760639848632,1000.2616
1760639848653,1000.0561
1760639848673,999.9541
1760639848693,1000.10516
1760639848712,1000.3633
1760639848732,1000.52234
1760639848752,1000.4344
1760639848772,1000.1303
1760639848792,999.6846
1760639848812,999.5549
1760639848833,1002.1097
1760639848853,999.4567
1760639848872,999.5795
1760639848893,1000.29755
1760639848912,999.5419
1760639848932,999.84906
1760639848953,999.6175
1760639848973,999.65234
1760639848993,999.7597
1760639849013,999.8366
1760639849032,999.868
1760639849052,999.8203
1760639849072,999.8044
1760639849092,999.8483
1760639849112,999.87
1760639849133,999.8925
1760639849153,999.8358
1760639849173,999.8796
1760639849192,999.9522
1760639849212,999.9564
1760639849232,999.97015
1760639849252,999.99316
1760639849272,1000.0627
1760639849292,1000.19
1760639849312,999.77783
1760639849333,999.58954
1760639849353,999.7597
1760639849372,1000.135
1760639849393,1000.02124
1760639849412,999.7542
1760639849432,999.5145
1760639849452,999.4531
1760639849472,999.47046
1760639849492,999.5294
1760639849513,1000.1917
1760639849532,1000.1533
1760639849552,1000.1897
1760639849573,999.98505
1760639849592,999.8313
1760639849613,999.91656
1760639849632,1000.0841
1760639849653,1000.3803
1760639849673,1000.4542
1760639849692,1000.2702
1760639849712,999.983
1760639849732,999.60223
1760639849753,1000.6378
1760639849772,1000.2014
1760639849792,1000.178
1760639849812,1000.09985
1760639849833,999.65283
1760639849852,999.6983
1760639849872,999.5111
1760639849892,999.66003
1760639849912,999.73895
1760639849933,999.8183
1760639849952,999.8845
1760639849973,999.9438
1760639849993,999.9433
1760639850012,999.8861
1760639850032,999.9058
1760639850052,999.90704
1760639850072,999.92316
1760639850092,999.923
1760639850112,999.9563
1760639850132,1000.02344
1760639850153,999.9577
1760639850173,999.8663
1760639850192,999.78925
1760639850212,999.89844
1760639850232,1000.09155
1760639850252,1000.0197
1760639850272,999.98395
1760639850292,999.7496
1760639850313,999.60626
1760639850333,999.823
1760639850352,999.85785
1760639850372,999.744
1760639850393,999.64624
1760639850412,999.5032
1760639850432,999.4481
1760639850452,999.3869
1760639850473,999.3746
1760639850493,999.42175
1760639850512,999.4447
1760639850532,999.48676
1760639850552,1000.01575
1760639850572,999.8066
1760639850592,999.84784
1760639850613,999.7541
1760639850633,999.7058
1760639850653,999.695
1760639850673,999.71844
1760639850692,999.7034
1760639850712,999.66956
1760639850732,999.6869
1760639850752,999.64874
1760639850772,999.5886
1760639850793,999.59265
1760639850813,999.6224
1760639850833,999.7786
1760639850852,1000.7797
1760639850872,1000.5077
1760639850892,1000.7175
1760639850912,999.9566
1760639850933,999.54114
1760639850952,999.6802
1760639850973,999.72925
1760639850993,999.6547
1760639851012,999.5597
1760639851032,999.4442
1760639851053,999.5075
1760639851072,999.637
1760639851092,999.6409
1760639851112,999.64923
1760639851133,999.9572
1760639851153,1000.0055
1760639851172,999.8419
1760639851191,999.8038
1760639851212,999.8211
1760639851232,999.9322
1760639851252,999.8669
1760639851273,999.91125
1760639851292,1000.04614
1760639851313,999.9475
1760639851332,999.8782
1760639851352,1000.1208
1760639851372,1000.128
1760639851418,1000.01605
1760639851418,999.9349
1760639851432,1000.0749
1760639851453,1000.3199
1760639851473,1000.30316
1760639851493,999.8969
1760639851512,999.5261
1760639851533,999.47797
1760639851553,999.47235
1760639851572,999.4672
1760639851593,999.46423
1760639851613,999.5646
1760639851633,1000.0138
1760639851652,1000.436
1760639851672,1000.22784
1760639851692,999.96204
1760639851713,999.72455
1760639851732,999.65454
1760639851752,999.72394
1760639851773,999.8652
1760639851793,999.9647
1760639851813,999.9594
1760639851832,999.9219
1760639851853,999.8767
1760639851872,999.8799
1760639851892,999.9244
1760639851912,1000.54156
1760639851932,999.5016
1760639851953,1001.60034
1760639851973,999.5725
1760639851993,999.828
1760639852012,999.5202
1760639852032,999.40454
1760639852052,999.4991
1760639852072,999.6163
1760639852093,999.7094
1760639852113,999.7474
1760639852133,999.79517
1760639852152,999.73737
1760639852172,999.84503
1760639852192,999.91034
1760639852213,999.89874
1760639852232,999.8884
1760639852252,999.8767
1760639852272,999.85376
1760639852293,999.84625
1760639852312,999.84955
1760639852332,999.8714
1760639852353,999.98364
1760639852373,1000.05786
1760639852392,1000.1166
1760639852413,999.97516
1760639852433,999.6927
1760639852453,999.6341
1760639852472,999.8611
1760639852492,999.948
1760639852513,999.65796
1760639852532,999.47955
1760639852552,999.5783
1760639852572,999.59735
1760639852592,999.46063
1760639852613,999.4472
1760639852633,999.70874
1760639852652,999.96124
1760639852672,1000.1477
1760639852692,1000.35004
1760639852712,999.98676
1760639852732,999.79816
1760639852752,999.84894
1760639852773,999.9922
1760639852793,1000.14813
1760639852812,1000.1822
1760639852833,1000.0525
1760639852852,999.92816
1760639852872,999.9083
1760639852892,999.8877
1760639852912,999.8164
1760639852933,1000.0525
1760639852953,1000.8597
1760639852972,999.8777
1760639852993,1000.47046
1760639853012,999.29095
1760639853032,999.47925
1760639853052,999.4005
1760639853072,999.41675
1760639853092,999.5719
1760639853113,999.72876
1760639853132,999.8358
1760639853152,999.762
1760639853172,999.6327
1760639853192,999.5469
1760639853212,999.5125
1760639853232,999.5681
1760639853252,999.6313
1760639853273,999.673
1760639853292,999.763
1760639853312,999.8063
1760639853332,999.78937
1760639853352,999.7519
1760639853372,999.7714
1760639853392,999.7558
1760639853412,999.7608
1760639853433,999.8253
1760639853452,999.8089
1760639853472,999.68
1760639853492,999.54675
1760639853512,999.8153
1760639853532,999.8216
1760639853552,999.6389
1760639853572,999.47437
1760639853592,999.3835
1760639853613,999.3469
1760639853632,999.3672
1760639853652,999.4014
1760639853672,999.4461
1760639853692,1000.4974
1760639853712,1000.43176
1760639853732,999.8772
1760639853753,999.60315
1760639853773,999.7692
1760639853792,999.7161
1760639853812,1000.04895
1760639853832,1000.2042
1760639853852,999.96893
1760639853872,999.6766
1760639853892,999.45953
1760639853913,999.41394
1760639853933,1000.84735
1760639853952,999.311
1760639853972,1000.8166
1760639853992,999.8674
1760639854012,999.48236
1760639854032,999.39
1760639854052,999.34424
1760639854073,999.3393
1760639854093,999.4197
1760639854112,999.59344
1760639854133,999.6935
1760639854153,999.8057
1760639854173,999.78455
1760639854192,999.73267
1760639854212,999.6946
1760639854232,999.6263
1760639854253,999.6322
1760639854273,999.72064
1760639854293,999.7525
1760639854312,999.77905
1760639854332,999.85986
1760639854352,999.8813
1760639854372,999.8944
1760639854392,999.7819
1760639854413,999.72974
1760639854433,999.78937
1760639854452,999.60986
1760639854473,999.74817
1760639854492,999.98236
1760639854512,999.7786
1760639854532,999.5186
1760639854553,999.42114
1760639854573,999.4299
1760639854593,999.40784
1760639854612,999.3788
1760639854632,999.4363
1760639854652,999.73254
1760639854672,1000.2425
1760639854692,1000.1266
1760639854712,999.8977
1760639854733,999.7585
1760639854753,999.6922
1760639854772,999.82983
1760639854792,1000.083
1760639854812,1000.23065
1760639854832,1000.2474
1760639854852,1000.0632
1760639854872,999.90015
1760639854892,999.8444
1760639854913,999.8986
1760639854932,1000.42426
1760639854952,999.3994
1760639854973,1000.3241
1760639854992,999.6533
1760639855012,999.6977
1760639855032,999.4625
1760639855052,999.47986
1760639855073,999.5217
1760639855093,999.6411
1760639855112,999.6902
1760639855132,999.7027
1760639855152,999.6235
1760639855172,999.6194
1760639855192,999.7466
1760639855213,999.78125
1760639855232,999.7617
1760639855253,999.763
1760639855272,999.7627
1760639855292,999.77094
1760639855312,999.80347
1760639855333,999.7786
1760639855352,999.79614
1760639855372,999.808
1760639855393,999.8808
1760639855413,999.78265
1760639855432,999.6489
1760639855453,999.77344
1760639855473,999.86926
1760639855492,999.73645
1760639855512,999.6583
1760639855532,999.6472
1760639855553,999.4661
1760639855573,999.28534
1760639855592,999.3219
1760639855613,999.3347
1760639855632,999.4758
1760639855653,999.97284
1760639855672,1000.278
1760639855693,999.96844
1760639855713,999.6917
1760639855733,999.61707
1760639855753,999.67926
1760639855772,999.8972
1760639855793,1000.21344
1760639855813,1000.1899
1760639855832,999.9286
1760639855852,999.6819
1760639855873,999.5042
1760639855893,999.7627
1760639855913,1000.46906
1760639855932,999.34424
1760639855952,1000.59344
1760639855972,999.3711
1760639855992,999.6347
1760639856012,999.3074
1760639856033,999.29486
1760639856053,999.41156
1760639856073,999.46783
1760639856093,999.5647
1760639856113,999.66046
1760639856133,999.65955
1760639856152,999.6172
1760639856172,999.66547
1760639856192,999.673
1760639856212,999.7102
1760639856233,999.7036
1760639856252,999.7647
1760639856272,999.84344
1760639856292,999.84674
1760639856312,999.87177
1760639856332,999.8883
1760639856352,999.8188
1760639856373,999.77783
1760639856393,999.8758
1760639856412,999.79346
1760639856432,999.66895
1760639856452,999.59485
1760639856472,999.64813
1760639856492,999.7477
1760639856513,999.5933
1760639856532,999.338
1760639856553,999.2719
1760639856573,999.2663
1760639856592,999.41205
1760639856612,999.67645
1760639856632,1000.0216
1760639856652,1000.16626
1760639856673,999.8652
1760639856692,999.65204
1760639856713,999.7033
1760639856733,999.7994
1760639856752,999.9534
1760639856772,999.90674
1760639856792,999.71234
1760639856813,999.4241
1760639856832,999.72394
1760639856852,999.78595
1760639856873,999.46533
1760639856893,1000.128
1760639856912,999.27625
1760639856932,999.6274
1760639856952,999.3913
1760639856972,999.33954
1760639856992,999.3953
1760639857012,999.4438
1760639857033,999.5033
1760639857053,999.4983
1760639857073,999.511
1760639857092,999.53973
1760639857113,999.55176
1760639857132,999.5858
1760639857153,999.65924
1760639857172,999.669
1760639857193,999.65924
1760639857213,999.6718
1760639857232,999.6967
1760639857252,999.7369
1760639857272,999.818
1760639857292,999.8461
1760639857312,999.85846
1760639857332,999.71735
1760639857352,999.6425
1760639857373,999.64923
1760639857393,999.6985
1760639857412,999.46
1760639857432,999.2706
1760639857452,999.24286
1760639857472,999.3202
1760639857492,999.28937
1760639857512,999.2672
1760639857533,999.3008
1760639857553,999.3736
1760639857572,999.49426
1760639857592,999.5661
1760639857612,999.7424
1760639857632,999.6399
1760639857652,999.61145
1760639857672,999.7155
1760639857693,999.78156
1760639857713,999.8369
1760639857732,999.8861
1760639857753,999.8636
1760639857772,999.77985
1760639857792,999.7056
1760639857813,999.6425
1760639857832,999.67126
1760639857852,1000.6716
1760639857873,999.21844
1760639857892,1000.1967
1760639857912,999.9011
1760639857932,999.5842
1760639857953,999.47394
1760639857972,999.2608
1760639857992,999.305
1760639858013,999.35004
1760639858033,999.3772
1760639858052,999.4205
1760639858072,999.4503
1760639858092,999.4294
1760639858112,999.46625
1760639858132,999.4911
1760639858152,999.4888
1760639858173,999.48364
1760639858193,999.4377
1760639858213,999.4197
1760639858232,999.35785
1760639858252,999.41254
1760639858272,999.4435
1760639858293,999.47644
1760639858312,999.5203
1760639858334,999.6888
1760639858353,999.943
1760639858373,1000.03296
1760639858392,1000.1278
1760639858413,1000.5739
1760639858432,1001.0611
1760639858452,1001.59894
1760639858472,1002.0175
1760639858492,1001.9536
1760639858513,1001.8036
1760639858533,1001.8216
1760639858552,1001.7727
1760639858571,1001.4405
1760639858592,1001.4528
1760639858612,1001.60925
1760639858632,1001.65955
1760639858652,1001.65955
1760639858673,1000.9458
1760639858693,1000.4883
1760639858712,1000.2474
1760639858732,999.9994
1760639858752,999.3995
1760639858773,999.28986
1760639858792,999.1428
1760639858812,998.7556
1760639858833,999.02734
1760639858853,999.65405
1760639858872,1000.23175
1760639858892,1000.5561
1760639858912,1000.3816
1760639858933,1000.6708
