1760639502817,1000.84845
1760639502838,1000.8186
1760639502857,1000.6422
1760639502877,1000.65594
1760639502898,1000.92737
1760639502918,1001.0777
1760639502939,1001.59283
1760639502958,1001.21515
1760639502977,1000.8022
1760639502997,1001.04144
1760639503017,1000.97003
1760639503038,1001.09
1760639503058,1001.2116
1760639503078,1001.1345
1760639503098,1001.03345
1760639503118,1000.91705
1760639503137,1000.7408
1760639503157,1001.17786
1760639503177,1000.97723
1760639503198,1001.0072
1760639503219,1000.9371
1760639503238,1000.60626
1760639503258,1000.635
1760639503277,1000.55817
1760639503297,1000.67847
1760639503317,1000.8688
1760639503338,1000.8702
1760639503357,1000.85095
1760639503378,1000.98126
1760639503398,1001.03754
1760639503418,1001.17426
1760639503439,1001.10046
1760639503458,1000.92377
1760639503478,1000.78546
1760639503497,1000.73627
1760639503518,1000.7542
1760639503537,1000.8064
1760639503557,1000.8161
1760639503578,1000.90704
1760639503598,1000.8881
1760639503618,1000.84155
1760639503637,1000.98364
1760639503657,1001.0169
1760639503677,1000.90985
1760639503698,1000.91406
1760639503718,1000.85266
1760639503738,1000.60895
1760639503759,1000.4446
1760639503778,1000.513
1760639503797,1000.8355
1760639503817,1001.10626
1760639503837,1001.5035
1760639503857,1001.29614
1760639503877,1000.80414
1760639503898,1000.91187
1760639503919,1000.85046
1760639503937,1001.0077
1760639503957,1001.10614
1760639503977,1001.03845
1760639503997,1000.91156
1760639504017,1000.80676
1760639504037,1000.7535
1760639504058,1000.67346
1760639504078,1001.1875
1760639504098,1000.7064
1760639504117,1001.2524
1760639504138,1000.5758
1760639504157,1000.59155
1760639504178,1000.4517
1760639504197,1000.4388
1760639504218,1000.635
1760639504238,1000.7372
1760639504258,1000.73376
1760639504277,1000.73065
1760639504297,1000.8202
1760639504317,1000.9371
1760639504337,1000.9511
1760639504357,1000.92926
1760639504378,1000.80536
1760639504398,1000.75
1760639504418,1000.7105
1760639504437,1000.72205
1760639504457,1000.67957
1760639504477,1000.6871
1760639504497,1000.8361
1760639504517,1000.98035
1760639504538,1000.92255
1760639504558,1001.0097
1760639504578,1001.1919
1760639504598,1001.0192
1760639504617,1000.59735
1760639504638,1000.443
1760639504657,1000.34735
1760639504677,1000.3775
1760639504697,1000.60297
1760639504718,1000.85126
1760639504738,1000.91876
1760639504757,1001.54095
1760639504777,1000.9389
1760639504797,1000.65533
1760639504817,1000.97314
1760639504843,1000.9467
1760639504859,1001.138
1760639504877,1001.1875
1760639504898,1001.00116
1760639504917,1000.84894
1760639504937,1000.66455
1760639504957,1000.46173
1760639504977,1001.5017
1760639504997,1000.8244
1760639505017,1001.1572
1760639505037,1000.65283
1760639505058,1000.3758
1760639505077,1000.4966
1760639505097,1000.36646
1760639505117,1000.4349
1760639505137,1000.59
1760639505157,1000.7081
1760639505177,1000.6777
1760639505197,1000.7086
1760639505218,1000.7469
1760639505238,1000.7675
1760639505257,1000.74927
1760639505277,1000.7966
1760639505297,1000.8025
1760639505317,1000.7549
1760639505337,1000.72864
1760639505358,1000.6928
1760639505378,1000.6939
1760639505398,1000.6989
1760639505417,1000.8183
1760639505437,1000.9407
1760639505457,1000.98157
1760639505477,1000.97034
1760639505497,1000.91174
1760639505517,1000.811
1760639505538,1000.66956
1760639505558,1000.5214
1760639505577,1000.39874
1760639505609,1000.37225
1760639505620,1000.42126
1760639505638,1000.5241
1760639505657,1000.7571
1760639505677,1001.0163
1760639505698,1001.2805
1760639505718,1000.7571
1760639505737,1000.77734
1760639505757,1000.86145
1760639505777,1000.9524
1760639505797,1001.0961
1760639505817,1001.0222
1760639505838,1000.9341
1760639505858,1000.8295
1760639505879,1000.6826
1760639505897,1000.4005
1760639505918,1001.05206
1760639505938,1000.6924
1760639505957,1000.90656
1760639505977,1001.0058
1760639505997,1000.8908
1760639506018,1000.4541
1760639506038,1000.35846
1760639506057,1000.3802
1760639506077,1000.4541
1760639506097,1000.513
1760639506118,1000.55786
1760639506137,1000.5805
1760639506157,1000.67377
1760639506178,1000.8025
1760639506198,1000.8819
1760639506225,1000.9275
1760639506237,1000.8658
1760639506257,1000.77203
1760639506278,1000.6791
1760639506297,1000.65674
1760639506319,1000.6752
1760639506337,1000.6897
1760639506358,1000.8783
1760639506379,1000.91376
1760639506397,1000.7645
1760639506417,1000.91174
1760639506437,1000.6924
1760639506457,1000.5239
1760639506477,1000.3652
1760639506497,1000.30347
1760639506517,1000.36145
1760639506538,1000.4502
1760639506557,1000.645
1760639506577,1001.69
1760639506597,1001.15515
1760639506617,1000.5255
1760639506637,1000.9363
1760639506657,1000.8544
1760639506678,1000.86255
1760639506698,1001.03
1760639506717,1001.0591
1760639506737,1000.92175
1760639506757,1000.73517
1760639506777,1000.53485
1760639506797,1000.3252
1760639506817,1001.1886
1760639506838,1000.7175
1760639506858,1000.8468
1760639506878,1000.8661
1760639506897,1000.8394
1760639506917,1000.517
1760639506937,1000.35205
1760639506957,1000.53143
1760639506977,1000.5513
1760639506997,1000.5711
1760639507018,1000.5819
1760639507038,1000.6044
1760639507058,1000.66034
1760639507077,1000.7436
1760639507097,1000.74036
1760639507117,1000.6775
1760639507137,1000.72095
1760639507157,1000.6816
1760639507178,1000.65674
1760639507198,1000.6561
1760639507217,1000.6336
1760639507237,1000.67737
1760639507257,1000.7219
1760639507277,1000.86285
1760639507298,1000.9216
1760639507318,1000.9455
1760639507338,1001.093
1760639507358,1000.7908
1760639507377,1000.61487
1760639507397,1000.53033
1760639507417,1000.41016
1760639507437,1000.35986
1760639507457,1000.42847
1760639507478,1000.49426
1760639507498,1000.7471
1760639507518,1001.4447
1760639507537,1001.43567
1760639507557,1000.86816
1760639507577,1000.9675
1760639507597,1000.91656
1760639507617,1001.0069
1760639507638,1001.06
1760639507658,1000.9794
1760639507678,1000.825
1760639507697,1000.623
1760639507717,1000.4208
1760639507737,1000.96533
1760639507757,1000.22064
1760639507777,1000.778
1760639507797,1001.0141
1760639507818,1000.66315
1760639507838,1000.5511
1760639507857,1000.3411
1760639507877,1000.34344
1760639507898,1000.4877
1760639507918,1000.5247
1760639507937,1000.6247
1760639507957,1000.6852
1760639507978,1000.7606
1760639507998,1000.7649
1760639508019,1000.7819
1760639508037,1000.7502
1760639508058,1000.66956
1760639508077,1000.5947
1760639508098,1000.5789
1760639508117,1000.5817
1760639508138,1000.66437
1760639508158,1000.68317
1760639508178,1000.5759
1760639508198,1000.5831
1760639508217,1000.54297
1760639508238,1000.60394
1760639508257,1000.7489
1760639508277,1000.5657
1760639508298,1000.4302
1760639508318,1000.41766
1760639508338,1000.3089
1760639508357,1000.3088
1760639508377,1000.30786
1760639508397,1000.35144
1760639508417,1000.5947
1760639508437,1000.8025
1760639508457,1000.8997
1760639508478,1000.7667
1760639508498,1000.7544
1760639508517,1000.7602
1760639508537,1000.8178
1760639508557,1000.9431
1760639508577,1000.9872
1760639508597,1000.8889
1760639508618,1000.78937
1760639508638,1000.7624
1760639508658,1000.77594
1760639508678,1000.8022
1760639508697,1001.23627
1760639508717,1000.96094
1760639508737,1001.1221
1760639508758,1000.7486
1760639508778,1000.48065
1760639508798,1000.35535
1760639508818,1000.31885
1760639508838,1000.3891
1760639508858,1000.41016
1760639508877,1000.45
1760639508897,1000.5038
1760639508917,1000.61005
1760639508938,1000.72174
1760639508958,1000.7645
1760639508978,1000.743
1760639509000,1000.73816
1760639509018,1000.70593
1760639509037,1000.65704
1760639509057,1000.5614
1760639509077,1000.5544
1760639509097,1000.59534
1760639509118,1000.8508
1760639509138,1001.14984
1760639509159,1001.03094
1760639509178,1000.91254
1760639509197,1000.903
1760639509217,1000.90796
1760639509238,1000.8091
1760639509257,1000.7208
1760639509278,1000.52484
1760639509298,1000.40375
1760639509318,1000.4324
1760639509337,1000.4261
1760639509357,1000.47906
1760639509377,1000.54175
1760639509397,1000.3803
1760639509417,1000.218
1760639509437,1000.1864
1760639509458,1000.1967
1760639509478,1000.1972
1760639509497,1000.22003
1760639509517,1000.2908
1760639509537,1000.3261
1760639509557,1000.3705
1760639509577,1000.613
1760639509598,1000.71484
1760639509618,1000.58484
1760639509638,1000.3425
1760639509657,1000.2283
1760639509677,1000.2103
1760639509697,1000.23315
1760639509717,1000.2086
1760639509738,1000.2397
1760639509758,1000.28687
1760639509778,1000.327
1760639509799,1000.54285
1760639509817,1001.15204
1760639509837,1000.4572
1760639509857,1000.27203
1760639509877,1000.3331
1760639509897,1000.45483
1760639509917,1000.2658
1760639509938,1000.3088
1760639509958,1000.308
1760639509979,1000.3447
1760639509997,1000.28485
1760639510018,1000.33624
1760639510038,1000.35504
1760639510057,1000.523
1760639510077,1000.493
1760639510098,1000.52594
1760639510118,1000.49817
1760639510138,1000.4538
1760639510157,1000.41364
1760639510177,1000.3902
1760639510197,1000.42487
1760639510217,1000.5519
1760639510237,1000.9886
1760639510258,1000.8808
1760639510279,1000.8011
1760639510299,1000.79425
1760639510318,1000.5806
1760639510337,1000.3608
1760639510357,1000.35815
1760639510377,1000.3342
1760639510398,1000.36206
1760639510417,1000.376
1760639510438,1000.4291
1760639510458,1001.3291
1760639510477,1001.1395
1760639510497,1001.0114
1760639510517,1000.68317
1760639510537,1000.49316
1760639510557,1000.49817
1760639510577,1000.54987
1760639510598,1000.6916
1760639510618,1000.78296
1760639510637,1000.73987
1760639510657,1000.54205
1760639510677,1000.47864
1760639510697,1000.92035
1760639510717,1000.23785
1760639510738,1000.71875
1760639510758,1000.573
1760639510778,1000.7141
1760639510799,1000.4422
1760639510817,1000.3292
1760639510838,1000.4886
1760639510859,1000.5191
1760639510877,1000.46265
1760639510897,1000.59454
1760639510917,1000.5652
1760639510938,1000.59424
1760639510958,1000.6505
1760639510977,1000.6452
1760639510997,1000.635
1760639511017,1000.6325
1760639511037,1000.66614
1760639511057,1000.7669
1760639511078,1000.8313
1760639511099,1000.7722
1760639511118,1000.71594
1760639511138,1000.68176
1760639511157,1000.7002
1760639511177,1000.6222
1760639511197,1000.67175
1760639511218,1000.69
1760639511237,1000.59845
1760639511258,1000.53674
1760639511278,1000.46124
1760639511297,1000.35144
1760639511317,1000.28906
1760639511337,1000.30005
1760639511357,1000.3124
1760639511378,1000.5608
1760639511397,1000.8175
1760639511418,1001.1408
1760639511438,1000.92126
1760639511457,1000.6453
1760639511477,1000.5047
1760639511497,1000.5666
1760639511517,1000.71265
1760639511538,1000.9608
1760639511557,1000.98645
1760639511578,1000.79144
1760639511599,1000.67255
1760639511617,1000.6111
1760639511637,1000.465
1760639511657,1001.0969
1760639511678,1000.3444
1760639511698,1001.23535
1760639511718,1000.6428
1760639511738,1000.6878
1760639511758,1000.2522
1760639511779,1000.3136
1760639511797,1000.29126
1760639511818,1000.3366
1760639511838,1000.376
1760639511857,1000.34406
1760639511878,1000.3825
1760639511898,1000.3847
1760639511918,1000.4495
1760639511938,1000.47266
1760639511958,1000.52124
1760639511978,1000.58844
1760639511998,1000.563
1760639512018,1000.48126
1760639512038,1000.3933
1760639512058,1000.4592
1760639512078,1000.47205
1760639512098,1000.48956
1760639512117,1000.49286
1760639512137,1000.6475
1760639512157,1000.7532
1760639512177,1000.60516
1760639512198,1000.86066
1760639512218,1000.6175
1760639512238,1000.483
1760639512258,1000.3366
1760639512278,1000.23535
1760639512298,1000.2408
1760639512317,1000.21906
1760639512338,1000.2761
1760639512358,1000.4996
1760639512378,1000.9474
1760639512399,1001.3219
1760639512418,1000.6503
1760639512437,1000.7169
1760639512457,1000.7147
1760639512477,1000.8266
1760639512497,1001.0071
1760639512517,1000.9391
1760639512538,1000.67706
1760639512558,1000.48425
1760639512578,1000.3155
1760639512597,1000.3124
1760639512617,1000.9542
1760639512637,1000.21454
1760639512657,1000.9428
1760639512677,1000.6058
1760639512698,1000.5272
1760639512718,1000.2122
1760639512738,1000.22784
1760639512759,1000.29926
1760639512777,1000.31
1760639512797,1000.3758
1760639512817,1000.3666
1760639512839,1000.4044
1760639512857,1000.4591
1760639512878,1000.5058
1760639512899,1000.48254
1760639512918,1000.5092
1760639512937,1000.5333
1760639512957,1000.4258
1760639512977,1000.3675
1760639512997,1000.3874
1760639513018,1000.53345
1760639513038,1000.59625
1760639513058,1000.6444
1760639513078,1000.7219
1760639513097,1000.61395
1760639513117,1000.5633
1760639513137,1000.67505
1760639513157,1000.59454
1760639513177,1000.4661
1760639513198,1000.3163
1760639513218,1000.2089
1760639513238,1000.153
1760639513257,1000.2044
1760639513278,1000.261
1760639513297,1000.54755
1760639513317,1001.21423
1760639513337,1001.23175
1760639513358,1000.7488
1760639513378,1000.79565
1760639513401,1000.6999
1760639513417,1000.79047
1760639513437,1000.8158
1760639513457,1000.8319
1760639513477,1000.7208
1760639513497,1000.5731
1760639513517,1000.47034
1760639513538,1000.41284
1760639513559,1000.66815
1760639513579,1001.2477
1760639513597,1000.7556
1760639513618,1000.92395
1760639513637,1000.34314
1760639513657,1000.1931
1760639513677,1000.17255
1760639513698,1000.145
1760639513718,1000.2422
1760639513738,1000.34735
1760639513758,1000.41815
1760639513777,1000.41144
1760639513797,1000.4485
1760639513818,1000.41016
1760639513838,1000.42096
1760639513858,1000.46625
1760639513879,1000.54504
1760639513899,1000.515
1760639513917,1000.392
1760639513937,1000.316
1760639513958,1000.3761
1760639513977,1000.3669
1760639513997,1000.3711
1760639514018,1000.48175
1760639514038,1000.61127
1760639514059,1000.48175
1760639514077,1000.5658
1760639514098,1000.68286
1760639514117,1000.66315
1760639514137,1000.52563
1760639514157,1000.41284
1760639514178,1000.3636
1760639514198,1000.33496
1760639514218,1000.16187
1760639514237,1000.2097
1760639514257,1000.3339
1760639514278,1000.4472
1760639514297,1000.686
1760639514318,1001.0013
1760639514338,1000.72766
1760639514358,1000.4509
1760639514379,1000.59424
1760639514399,1000.68286
1760639514417,1000.91364
1760639514437,1001.03687
1760639514457,1000.83344
1760639514477,1000.58954
1760639514498,1000.3261
1760639514517,1000.1257
1760639514538,1000.9567
1760639514558,1000.21985
1760639514577,1000.97064
1760639514597,1000.8836
1760639514617,1000.6456
1760639514637,1000.1885
1760639514657,1000.055
1760639514677,1000.08923
1760639514698,1000.0814
1760639514719,1000.18036
1760639514737,1000.2664
1760639514757,1000.2666
1760639514777,1000.3227
1760639514797,1000.3636
1760639514818,1000.3778
1760639514838,1000.42065
1760639514859,1000.4449
1760639514878,1000.47266
1760639514897,1000.4447
1760639514917,1000.39343
1760639514938,1000.3658
1760639514957,1000.3771
1760639514977,1000.47394
1760639514998,1000.5513
1760639515018,1000.5594
1760639515038,1000.483
1760639515058,1000.4633
1760639515077,1000.5211
1760639515097,1000.47626
1760639515117,1000.27594
1760639515137,1000.11285
1760639515157,1000.0589
1760639515178,1000.0919
1760639515198,1000.16364
1760639515217,1000.28143
1760639515238,1000.46704
1760639515257,1000.2622
1760639515278,1000.7355
1760639515297,1000.5741
1760639515317,1000.41473
1760639515338,1000.66656
1760639515359,1000.7052
1760639515378,1000.7986
1760639515397,1000.7717
1760639515417,1000.59143
1760639515437,1000.40894
1760639515458,1000.17377
1760639515478,1000.2063
1760639515498,1000.5149
1760639515518,1000.35864
1760639515539,1001.1741
1760639515557,1000.35864
1760639515589,1000.28174
1760639515605,1000.1131
1760639515628,1000.0294
1760639515638,1000.0781
1760639515658,1000.16785
1760639515678,1000.22784
1760639515698,1000.27203
1760639515718,1000.35516
1760639515737,1000.36035
1760639515757,1000.41064
1760639515778,1000.47723
1760639515798,1000.4572
1760639515818,1000.42596
1760639515838,1000.35004
1760639515858,1000.3569
1760639515877,1000.4266
1760639515897,1000.47345
1760639515918,1000.4758
1760639515937,1000.4353
1760639515958,1000.3699
1760639515977,1000.3796
1760639515998,1000.5033
1760639516018,1000.5558
1760639516037,1000.4508
1760639516057,1000.3647
1760639516077,1000.2627
1760639516097,1000.1555
1760639516117,1000.0533
1760639516137,1000.04016
1760639516157,1000.0972
1760639516178,1000.36346
1760639516197,1000.74146
1760639516217,1000.6263
1760639516237,1000.71783
1760639516257,1000.575
1760639516277,1000.436
1760639516297,1000.59705
1760639516318,1000.72375
1760639516338,1000.8472
1760639516358,1000.72534
1760639516377,1000.3855
1760639516398,1000.08185
1760639516417,1000.298
1760639516437,1000.2972
1760639516457,1000.53735
1760639516478,1000.9452
1760639516498,1000.5842
1760639516519,1000.21783
1760639516537,1000.0167
1760639516557,1000.0119
1760639516577,1000.10175
1760639516598,1000.1779
1760639516618,1000.2656
1760639516638,1000.3544
1760639516659,1000.3689
1760639516678,1000.42426
1760639516697,1000.3964
1760639516717,1000.41156
1760639516737,1000.3913
1760639516757,1000.3891
1760639516777,1000.365
1760639516798,1000.39294
1760639516818,1000.4844
1760639516838,1000.52783
1760639516857,1000.54926
1760639516877,1000.53845
1760639516897,1000.47046
1760639516917,1000.35266
1760639516938,1000.35345
1760639516958,1000.3091
1760639516978,1000.308
1760639516998,1000.36145
1760639517018,1000.34924
1760639517038,1000.08923
1760639517057,999.9385
1760639517078,999.92957
1760639517098,999.96954
1760639517118,1000.0283
1760639517138,1000.5178
1760639517158,1001.0191
1760639517177,1000.7172
1760639517197,1000.7597
1760639517217,1000.48004
1760639517237,1000.42847
1760639517258,1000.5091
1760639517278,1000.5685
1760639517298,1000.5129
1760639517318,1000.4133
1760639517338,1000.3705
1760639517358,1000.446
1760639517378,1000.5983
1760639517397,1000.9464
1760639517417,1001.4883
1760639517437,1001.1271
1760639517458,1000.65674
1760639517478,1000.5664
1760639517499,1001.98114
1760639517517,999.6344
1760639517538,999.7539
1760639517557,1000.05005
1760639517578,999.8919
1760639517597,1000.17017
1760639517618,1000.441
1760639517638,1000.16254
1760639517658,1000.10266
1760639517677,1000.10626
1760639517697,1000.1367
1760639517717,1000.1839
1760639517737,1000.31067
1760639517757,1000.3916
1760639517777,1000.23236
1760639517797,1000.04407
1760639517818,999.99097
1760639517837,999.98236
1760639517857,999.97815
1760639517877,999.97736
1760639517897,999.98175
1760639517917,999.9999
1760639517938,999.98645
1760639517958,999.91626
1760639517979,999.9428
1760639517997,1000.203
1760639518017,1000.5911
1760639518038,1000.8135
1760639518057,1000.5128
1760639518077,1000.1597
1760639518097,999.9969
1760639518117,1000.08844
1760639518138,1000.41644
1760639518157,1000.1216
1760639518177,999.828
1760639518197,999.8903
1760639518217,999.91187
1760639518237,999.9308
1760639518257,999.9286
1760639518277,999.9947
1760639518298,999.9971
1760639518318,1000.40985
1760639518337,1000.455
1760639518357,1000.3558
1760639518377,1000.2433
1760639518397,1000.11566
1760639518418,1000.0083
1760639518438,999.9644
1760639518458,999.9978
1760639518478,1000.2092
1760639518497,1001.4327
1760639518517,1001.60547
1760639518537,1000.72314
1760639518557,999.8831
1760639518577,999.9614
1760639518598,1000.0161
1760639518618,999.97565
1760639518639,1000.3005
1760639518658,1000.75
1760639518678,1000.3149
1760639518697,1000.02924
1760639518724,999.9363
1760639518742,999.9421
1760639518760,1000.10706
1760639518777,1000.22687
1760639518798,1000.5106
1760639518817,1000.3627
1760639518839,1000.05853
1760639518857,999.95844
1760639518877,999.98987
1760639518897,1000.03876
1760639518917,1000.1952
1760639518937,1001.5194
1760639518958,1001.1425
1760639518977,1000.8278
1760639519000,1000.2514
1760639519017,999.97485
1760639519037,1000.16174
1760639519057,1000.3739
1760639519077,1000.23676
1760639519097,1000.1572
1760639519118,1000.3986
1760639519138,1000.48175
1760639519157,1000.6111
1760639519177,1000.4927
1760639519197,1000.2617
1760639519217,1000.35895
1760639519237,1000.5769
1760639519257,1000.41473
1760639519278,1000.4891
1760639519298,1000.5789
1760639519317,1000.5247
1760639519337,1000.4413
1760639519357,1000.4561
1760639519377,1000.55786
1760639519397,1000.7386
1760639519417,1001.6999
1760639519439,1002.21423
1760639519458,999.5227
1760639519477,999.7833
1760639519497,1000.9467
1760639519518,999.71906
1760639519537,999.71924
1760639519557,999.7636
1760639519577,999.83765
1760639519597,1000.0169
1760639519618,1000.90314
1760639519637,1000.2128
1760639519657,1000.02875
1760639519677,1000.3677
1760639519697,1000.41705
1760639519717,1000.1594
1760639519737,1000.28015
1760639519757,1000.27954
1760639519778,1000.2567
1760639519797,1000.3066
1760639519817,1000.2066
1760639519837,1000.14594
1760639519857,1000.16614
1760639519877,1000.28784
1760639519897,1000.3644
1760639519918,1000.6214
1760639519939,1000.501
1760639519958,1000.0044
1760639519978,999.84766
1760639519997,999.9527
1760639520018,999.91907
1760639520037,999.8972
1760639520057,1000.0181
1760639520078,1000.21857
1760639520098,1000.61957
1760639520119,1000.67487
1760639520137,1000.27313
1760639520157,1000.3775
1760639520177,1000.3425
1760639520197,1000.3922
1760639520217,1000.48376
1760639520238,1000.4513
1760639520258,1000.27594
1760639520278,1000.04596
1760639520298,999.89
1760639520317,1000.5786
1760639520337,1000.1475
1760639520357,999.85187
1760639520377,1000.8669
1760639520398,999.8893
1760639520418,1000.311
1760639520438,999.8502
1760639520457,999.89
1760639520477,1000.203
1760639520498,1000.1251
1760639520517,1000.21735
1760639520537,1000.29004
1760639520557,1000.2013
1760639520578,1000.22534
1760639520598,1000.22455
1760639520618,1000.23956
1760639520637,1000.2036
1760639520657,1000.17645
1760639520677,1000.22516
1760639520697,1000.28455
1760639520717,1000.3749
1760639520738,1000.34955
1760639520758,1000.40344
1760639520778,1000.43677
1760639520797,1000.41504
1760639520817,1000.3319
1760639520837,1000.28284
1760639520857,1000.28894
1760639520878,1000.5161
1760639520897,1000.4822
1760639520918,1000.2141
1760639520937,1000.0136
1760639520958,1000.1174
1760639520977,999.91986
1760639520997,999.84894
1760639521018,1000.0197
1760639521037,1000.1417
1760639521057,1000.17285
1760639521078,1000.7122
1760639521098,1000.6044
1760639521117,1000.34515
1760639521137,1000.3352
1760639521157,1000.3931
1760639521177,1000.60474
1760639521197,1000.7056
1760639521217,1000.5933
1760639521238,1000.3777
1760639521258,1000.22754
1760639521277,1000.142
1760639521298,1001.1777
1760639521317,999.8778
1760639521337,1000.7136
1760639521357,1000.3181
1760639521378,1000.40454
1760639521398,999.90015
1760639521419,999.8247
1760639521437,999.91705
1760639521458,999.9428
1760639521477,1000.0752
1760639521497,1000.1311
1760639521517,1000.08704
1760639521537,1000.0575
1760639521558,1000.05817
1760639521578,1000.128
1760639521597,1000.14
1760639521617,1000.2024
1760639521637,1000.2045
1760639521657,1000.17255
1760639521677,1000.10535
1760639521698,1000.0802
1760639521718,1000.12683
1760639521738,1000.0719
1760639521758,1000.1966
1760639521777,1000.35284
1760639521797,1000.26843
1760639521817,1000.35046
1760639521838,1000.4371
1760639521858,1000.2744
1760639521878,999.97095
1760639521898,999.7471
1760639521917,999.78534
1760639521937,999.8616
1760639521958,999.9452
1760639521978,1000.15955
1760639521997,1000.54645
1760639522018,1000.8302
1760639522038,1000.3817
1760639522058,1000.2622
1760639522078,1000.2571
1760639522097,1000.3674
1760639522117,1000.58453
1760639522137,1000.6383
1760639522157,1000.3558
1760639522177,999.93317
1760639522198,999.85754
1760639522218,1000.49677
1760639522238,999.71875
1760639522257,1000.42035
1760639522277,999.98206
1760639522297,1000.2521
1760639522317,999.9592
1760639522338,999.9458
1760639522358,1000.0333
1760639522378,1000.10297
1760639522399,1000.09454
1760639522418,1000.0853
1760639522437,1000.10956
1760639522457,1000.10016
1760639522477,1000.0936
1760639522498,1000.1219
1760639522518,1000.14484
1760639522538,1000.10876
1760639522558,1000.0961
1760639522577,1000.123
1760639522597,1000.1758
1760639522617,1000.3272
1760639522637,1000.3922
1760639522657,1000.54626
1760639522678,1000.36566
1760639522698,1000.1325
1760639522718,1000.0825
1760639522738,1000.04407
1760639522757,999.98145
1760639522777,1000.09283
1760639522797,999.9492
1760639522817,999.85095
1760639522837,999.79297
1760639522858,999.79626
1760639522878,1000.09625
1760639522898,1000.40094
1760639522917,1000.6327
1760639522937,1000.5233
1760639522958,1000.183
1760639522978,1000.11096
1760639522998,1000.2194
1760639523018,1000.40814
1760639523038,1000.4572
1760639523058,1000.4335
1760639523077,1000.3866
1760639523097,1000.34064
1760639523117,1000.238
1760639523137,1000.1928
1760639523158,999.96643
1760639523178,1000.2966
1760639523198,1000.4927
1760639523218,1001.4435
1760639523238,1000.47876
1760639523257,999.90063
1760639523277,999.8063
1760639523297,999.6163
1760639523317,999.7319
1760639523338,999.80927
1760639523358,999.9463
1760639523378,1000.0736
1760639523398,1000.03546
1760639523418,999.9822
1760639523437,999.9941
1760639523457,1000.0911
1760639523478,1000.1408
1760639523498,1000.1904
1760639523518,1000.15845
1760639523538,1000.1494
1760639523557,1000.09814
1760639523577,1000.09546
1760639523597,1000.1345
1760639523617,1000.10895
1760639523637,1000.09064
1760639523658,999.97424
1760639523678,999.9469
1760639523698,1000.1447
1760639523717,1000.3394
1760639523737,1000.3358
1760639523758,1000.0211
1760639523777,1000.0597
1760639523798,1000.0222
1760639523818,999.8825
1760639523838,999.6777
1760639523859,999.7026
1760639523878,999.70953
1760639523897,1000.04205
1760639523918,1000.22705
1760639523937,1000.60156
1760639523958,1000.4572
1760639523977,1000.0017
1760639523998,1000.10767
1760639524019,1000.1263
1760639524039,1000.3847
1760639524057,1000.6397
1760639524077,1000.55145
1760639524097,1000.2717
1760639524117,1000.02893
1760639524137,999.876
1760639524158,999.9963
1760639524178,1000.4795
1760639524198,1000.6302
1760639524217,1000.8766
1760639524237,1000.298
1760639524258,999.71655
1760639524277,999.6902
1760639524298,999.80005
1760639524318,999.91376
1760639524338,999.9641
1760639524359,1000.04736
1760639524377,1000.04736
1760639524397,1000.0028
1760639524417,1000.0244
1760639524437,1000.10596
1760639524459,1000.1486
1760639524478,1000.0795
1760639524498,1000.0644
1760639524519,1000.04645
1760639524539,1000.0772
1760639524558,1000.1669
1760639524577,1000.1955
1760639524597,1000.2675
1760639524617,1000.205
1760639524637,1000.1833
1760639524658,1000.2066
1760639524679,1000.36145
1760639524698,1000.2219
1760639524717,999.97546
1760639524737,999.76984
1760639524757,999.7958
1760639524777,999.92175
1760639524798,1000.1839
1760639524818,1000.1991
1760639524838,999.8919
1760639524859,999.6905
1760639524877,999.6208
1760639524898,999.6216
1760639524917,999.6119
1760639524938,999.66125
1760639524958,999.6747
1760639524978,999.6999
1760639524998,999.8247
1760639525019,999.7647
1760639525037,999.85156
1760639525057,1000.05566
1760639525077,999.97455
1760639525097,999.8286
1760639525117,999.77844
1760639525138,999.77515
1760639525158,999.7319
1760639525178,999.72125
1760639525197,999.7538
1760639525217,999.7624
1760639525237,999.8325
1760639525257,999.96875
1760639525277,1000.7574
1760639525298,1000.89557
1760639525318,1000.8177
1760639525338,1000.15515
1760639525357,999.6166
1760639525377,999.7027
1760639525397,999.7147
1760639525417,999.6827
1760639525437,999.66675
1760639525458,999.7027
1760639525478,999.71533
1760639525499,999.7578
1760639525518,999.8686
1760639525537,1000.45
1760639525557,1000.2611
1760639525577,1000.17316
1760639525597,1000.0811
1760639525617,1000.0635
1760639525637,999.9966
1760639525658,999.9008
1760639525678,999.8906
1760639525697,999.84894
1760639525717,999.86316
1760639525737,999.8961
1760639525757,1000.1697
1760639525777,1000.4347
1760639525797,1000.3892
1760639525818,1000.23566
1760639525838,1000.2705
1760639525857,1000.27515
1760639525877,999.99963
1760639525897,999.8906
1760639525917,999.8077
1760639525945,999.79095
1760639525960,999.74146
1760639525977,999.7369
1760639525998,999.7542
1760639526017,999.77673
1760639526037,1000.42255
1760639526057,1000.4639
1760639526077,1000.3788
1760639526097,1000.2461
1760639526117,1000.10645
1760639526137,1000.15393
1760639526158,1000.3016
1760639526177,1000.4542
1760639526197,1000.34705
1760639526217,1000.0158
1760639526237,999.85095
1760639526257,1000.02234
1760639526277,1000.2822
1760639526298,999.6249
1760639526318,1000.34973
1760639526337,999.90234
1760639526357,1000.18207
1760639526377,999.9847
1760639526397,999.8258
1760639526417,1000.0
1760639526438,999.9391
1760639526458,999.91815
1760639526478,999.98047
1760639526497,999.9936
1760639526517,999.9983
1760639526537,999.9438
1760639526558,999.90234
1760639526577,999.9208
1760639526597,999.93677
1760639526618,999.90735
1760639526638,999.97296
1760639526658,1000.1835
1760639526677,1000.3791
1760639526697,1000.34015
1760639526717,1000.2647
1760639526737,1000.2592
1760639526757,1000.0597
1760639526777,999.8272
1760639526798,999.79224
1760639526830,999.7984
1760639526837,999.7036
1760639526857,999.71735
1760639526877,999.80426
1760639526897,1000.0585
1760639526918,1000.2622
1760639526938,1000.5188
1760639526958,1000.303
1760639526978,999.92645
1760639526997,1000.03894
1760639527017,1000.15
1760639527038,1000.35846
1760639527057,1000.48364
1760639527077,1000.3611
1760639527097,1000.1436
1760639527118,999.97626
1760639527138,1000.2013
1760639527157,1000.8925
1760639527177,999.9517
1760639527197,1000.9474
1760639527217,999.9602
1760639527237,999.935
1760639527257,999.62067
1760639527277,999.6367
1760639527298,999.71924
1760639527317,999.74426
1760639527337,999.85504
1760639527357,999.98346
1760639527377,999.953
1760639527398,999.8975
1760639527418,999.90735
1760639527438,999.9375
1760639527458,999.9382
1760639527478,999.98157
1760639527497,1000.0188
1760639527517,999.9575
1760639527537,999.91486
1760639527557,999.92676
1760639527577,999.9628
1760639527597,1000.03033
1760639527618,1000.0703
1760639527638,1000.1414
1760639527657,1000.04736
1760639527677,999.9719
1760639527697,1000.04614
1760639527717,1000.06177
1760639527737,999.97363
1760639527758,999.90924
1760639527778,999.8383
1760639527798,999.67255
1760639527818,999.61237
1760639527837,999.6239
1760639527857,999.80927
1760639527877,999.9844
1760639527897,1000.48926
1760639527918,1000.4286
1760639527938,1000.04236
1760639527959,1000.0572
1760639527979,1000.08093
1760639527997,1000.22815
1760639528017,1000.4475
1760639528037,1000.5002
1760639528057,1000.3838
1760639528077,1000.1811
1760639528098,999.72455
1760639528119,999.66815
1760639528137,1000.29266
1760639528157,1000.7652
1760639528177,1000.8736
1760639528197,999.9158
1760639528217,999.6763
1760639528237,999.655
1760639528258,999.5814
1760639528278,999.691
1760639528297,999.77814
1760639528317,999.8341
1760639528337,999.85614
1760639528357,999.84906
1760639528377,999.8355
1760639528398,999.8261
1760639528418,999.8366
1760639528439,999.86456
1760639528458,999.91797
1760639528477,999.9391
1760639528497,999.9417
1760639528517,1000.0002
1760639528537,1000.0002
1760639528557,1000.0113
1760639528577,1000.03784
1760639528598,1000.061
1760639528618,1000.0444
1760639528637,999.84564
1760639528657,999.79034
1760639528677,999.8906
1760639528697,1000.10767
1760639528717,1000.0074
1760639528738,999.8662
1760639528758,999.7045
1760639528778,999.6896
1760639528797,999.5164
1760639528817,999.5147
1760639528837,999.5247
1760639528857,999.66705
1760639528877,999.99457
1760639528898,1000.52985
1760639528918,1000.3135
1760639528938,999.8347
1760639528957,999.97546
1760639528978,999.91156
1760639528997,1000.2033
1760639529017,1000.5155
1760639529037,1000.438
1760639529057,1000.17676
1760639529078,999.91296
1760639529098,999.7697
1760639529117,999.96204
1760639529137,1000.5816
1760639529157,1000.16534
1760639529177,1000.5828
1760639529197,999.73376
1760639529217,999.6228
1760639529238,999.55035
1760639529258,999.5205
1760639529278,999.5686
1760639529298,999.62317
1760639529318,999.72534
1760639529337,999.79285
1760639529357,999.83875
1760639529377,999.8419
1760639529398,999.827
1760639529419,999.843
1760639529439,999.923
1760639529457,999.9464
1760639529477,999.96313
1760639529497,999.8972
1760639529517,999.91534
1760639529537,999.8847
1760639529558,999.88
1760639529578,999.8799
1760639529599,999.9467
1760639529617,999.96313
1760639529637,999.9924
1760639529657,1000.1439
1760639529677,1000.0761
1760639529698,999.91174
1760639529718,999.7556
1760639529739,999.6219
1760639529758,999.5175
1760639529779,999.5222
1760639529797,999.78455
1760639529821,999.90515
1760639529837,1000.0969
1760639529857,1000.2471
1760639529879,999.9431
1760639529898,999.8202
1760639529918,999.9994
1760639529937,1000.1441
1760639529957,1000.2624
1760639529977,1000.28546
1760639529997,1000.1505
1760639530017,1000.0202
1760639530037,999.7524
1760639530058,999.5518
1760639530078,1001.09454
1760639530097,999.48816
1760639530117,1000.7411
1760639530137,999.78705
1760639530157,999.99
1760639530177,999.46783
1760639530197,999.4014
1760639530218,999.5588
1760639530238,999.5808
1760639530257,999.7333
1760639530279,999.78815
1760639530297,999.80927
1760639530317,999.84766
1760639530337,999.8372
1760639530358,999.8297
1760639530379,999.83484
1760639530398,999.8777
1760639530420,999.8273
1760639530438,999.78204
1760639530458,999.8157
1760639530477,999.79614
1760639530497,999.85657
1760639530517,999.9531
1760639530537,999.9594
1760639530558,999.8836
1760639530578,999.6855
1760639530597,999.633
1760639530617,999.7147
1760639530637,999.7722
1760639530657,999.7919
1760639530678,999.71704
1760639530697,999.53784
1760639530718,999.40814
1760639530739,999.41504
1760639530757,999.42737
1760639530777,999.4491
1760639530797,999.5228
1760639530817,1000.10254
1760639530837,1000.3782
1760639530858,999.9694
1760639530878,999.8966
1760639530898,999.7761
1760639530917,999.85675
1760639530938,1000.0585
1760639530957,1000.03705
1760639530977,999.95874
1760639530997,999.9352
1760639531017,999.97516
1760639531037,1000.2
1760639531058,1000.4428
1760639531078,1000.4377
1760639531097,999.9922
1760639531117,1000.77313
1760639531138,1000.6608
1760639531158,1000.1386
1760639531177,1000.0713
1760639531198,999.2513
1760639531219,999.5336
1760639531237,999.39874
1760639531257,999.45
1760639531277,999.5749
1760639531297,999.66486
1760639531317,999.84125
1760639531337,1000.0961
1760639531358,999.8674
1760639531378,999.6403
1760639531399,999.577
1760639531417,999.5522
1760639531437,999.5333
1760639531458,999.5614
1760639531478,999.53937
1760639531497,999.512
1760639531517,999.4977
1760639531538,999.5033
1760639531558,999.46643
1760639531577,999.4513
1760639531597,999.4536
1760639531617,999.5013
1760639531637,999.53253
1760639531657,999.5544
1760639531677,999.6986
1760639531698,999.7647
1760639531718,999.8372
1760639531737,999.73755
1760639531758,999.6175
1760639531777,999.5347
1760639531797,999.5134
1760639531817,999.452
1760639531837,999.48627
1760639531858,999.46375
1760639531878,999.49146
1760639531898,999.5447
1760639531917,999.57
1760639531937,999.7574
1760639531957,999.8644
1760639531978,999.97754
1760639531997,999.7541
1760639532018,999.6258
1760639532038,999.60095
1760639532057,999.6313
1760639532077,999.8196
1760639532097,1000.10535
1760639532117,1000.3055
1760639532137,1000.3906
1760639532158,1000.09143
1760639532178,1000.1555
1760639532200,999.7172
1760639532217,1000.77563
1760639532237,999.96484
1760639532258,999.7197
1760639532278,999.4513
1760639532297,999.5111
1760639532318,999.5689
1760639532338,999.6464
1760639532359,999.7128
1760639532379,999.715
1760639532397,999.84656
1760639532417,999.96454
1760639532437,999.9011
1760639532457,999.8313
1760639532478,999.78406
1760639532498,999.6802
1760639532518,999.66235
1760639532538,999.5802
1760639532557,999.5936
1760639532577,999.58734
1760639532597,999.5611
1760639532617,999.7322
1760639532637,1000.0103
1760639532657,999.97675
1760639532678,999.8853
1760639532698,999.8202
1760639532717,999.7725
1760639532737,999.6908
1760639532757,999.6308
1760639532777,999.6669
1760639532799,999.5864
1760639532817,999.61926
1760639532838,999.7608
1760639532859,1000.2
1760639532877,999.97144
1760639532897,1000.3288
1760639532918,999.97986
1760639532938,999.86536
1760639532957,1000.0769
1760639532978,1000.2092
1760639532998,1000.2472
1760639533018,1000.0011
1760639533038,999.6975
1760639533057,999.4544
1760639533077,999.4503
1760639533097,1000.7052
1760639533117,999.3733
1760639533137,1000.78375
1760639533158,999.7422
1760639533178,1000.1264
1760639533198,999.54877
1760639533217,999.53375
1760639533237,999.5286
1760639533257,999.6378
1760639533277,999.65796
1760639533298,999.6816
1760639533318,999.7624
1760639533339,999.79065
1760639533359,999.78455
1760639533378,999.79254
1760639533398,999.8328
1760639533417,999.79846
1760639533438,999.6878
1760639533458,999.6338
1760639533478,999.60345
1760639533498,999.6758
1760639533518,999.74774
1760639533537,999.78815
1760639533557,999.7347
1760639533577,999.7175
1760639533598,999.941
1760639533617,1000.03546
1760639533638,999.8113
1760639533658,999.5825
1760639533678,999.48395
1760639533697,999.4794
1760639533717,999.4477
1760639533737,999.3991
1760639533758,999.4275
1760639533778,1000.1335
1760639533798,1000.4952
1760639533818,1000.04004
1760639533838,999.8113
1760639533857,999.91064
1760639533877,999.97815
1760639533897,1000.0753
1760639533917,1000.1758
1760639533939,1000.0102
1760639533957,999.7183
1760639533978,999.3702
1760639534001,1000.1477
1760639534017,999.9719
1760639534037,1000.17487
1760639534057,1000.5099
1760639534077,999.60767
1760639534097,999.5538
1760639534117,999.28796
1760639534137,999.3864
1760639534158,999.49347
1760639534178,999.523
1760639534197,999.66986
1760639534217,999.7075
1760639534237,999.65533
1760639534258,999.5808
1760639534278,999.62036
1760639534298,999.6914
1760639534318,999.6983
1760639534338,999.6472
1760639534358,999.5828
1760639534377,999.59174
1760639534398,999.6736
1760639534417,999.7535
1760639534438,999.84766
1760639534458,999.8295
1760639534478,999.6569
1760639534500,999.58484
1760639534517,999.697
1760639534537,999.72955
1760639534557,999.6413
1760639534577,999.52515
1760639534597,999.3877
1760639534625,999.29346
1760639534637,999.3153
1760639534658,999.4283
1760639534677,999.78925
1760639534697,1000.0205
1760639534717,1000.35284
1760639534737,999.96533
1760639534757,999.7009
1760639534777,999.7764
1760639534798,999.9517
1760639534818,1000.1241
1760639534838,1000.0817
1760639534857,999.7532
1760639534877,999.43427
1760639534897,999.28143
1760639534917,1000.29535
1760639534938,999.46625
1760639534958,1000.4396
1760639534978,999.91693
1760639534998,999.8755
1760639535018,999.3203
1760639535037,999.313
1760639535057,999.3938
1760639535078,999.40814
1760639535098,999.54175
1760639535118,999.53094
1760639535139,999.5891
1760639535158,999.6189
1760639535177,999.60345
1760639535197,999.5747
1760639535217,999.58234
1760639535237,999.5889
1760639535258,999.5308
1760639535278,999.48987
1760639535298,999.4555
1760639535318,999.46674
1760639535338,999.48627
1760639535357,999.5588
1760639535377,999.61145
1760639535397,999.5725
1760639535418,999.67316
1760639535437,999.77515
1760639535458,999.91876
1760639535478,999.7308
1760639535497,999.42377
1760639535517,999.29144
1760639535537,999.28925
1760639535557,999.30286
1760639535584,999.3254
1760639535609,999.38763
1760639535629,999.567
1760639535649,999.742
1760639535662,1000.1256
1760639535677,999.83704
1760639535697,999.5786
1760639535717,999.7361
1760639535737,999.8799
1760639535758,1000.10474
1760639535778,1000.1394
1760639535798,999.8415
1760639535817,999.48065
1760639535838,999.2591
1760639535858,999.8733
1760639535878,999.34985
1760639535898,999.77454
1760639535918,1000.1722
1760639535938,999.92505
1760639535959,999.4619
1760639535977,999.2483
1760639535998,999.3328
1760639536017,999.3572
1760639536037,999.41907
1760639536057,999.4938
1760639536078,999.52893
1760639536098,999.54736
1760639536118,999.5483
1760639536140,999.5808
1760639536158,999.59863
1760639536177,999.6442
1760639536197,999.655
1760639536217,999.6608
1760639536237,999.6491
1760639536258,999.62787
1760639536278,999.64984
1760639536298,999.71
1760639536317,999.83875
1760639536338,999.73706
1760639536357,999.5519
1760639536377,999.4444
1760639536397,999.74066
1760639536418,999.78986
1760639536438,999.59595
1760639536458,999.508
1760639536477,999.4385
1760639536497,999.3186
1760639536517,999.29626
1760639536538,999.3794
1760639536558,999.46655
1760639536579,999.73206
1760639536598,1000.22424
1760639536619,999.98553
1760639536638,999.6583
1760639536657,999.6899
1760639536677,999.8333
1760639536697,1000.0683
1760639536717,1000.1461
1760639536737,1000.04346
1760639536758,999.9297
1760639536778,999.8421
1760639536797,999.6783
1760639536817,999.6127
1760639536837,1001.0572
1760639536857,999.3877
1760639536877,1000.52563
1760639536897,999.49286
1760639536918,999.54425
1760639536938,999.1083
1760639536957,999.1405
1760639536977,999.2533
1760639536997,999.3138
1760639537017,999.39233
1760639537037,999.4438
1760639537058,999.42206
1760639537078,999.45
1760639537099,999.5632
1760639537119,999.6222
1760639537139,999.585
1760639537158,999.5694
1760639537177,999.52563
1760639537197,999.5908
1760639537217,999.64813
1760639537238,999.64874
1760639537258,999.7474
1760639537278,999.86816
1760639537297,999.8231
1760639537317,999.8294
1760639537337,999.8061
1760639537357,999.77515
1760639537377,999.6094
1760639537398,999.3544
1760639537418,999.23364
1760639537438,999.40424
1760639537457,999.59924
1760639537477,999.6083
1760639537497,999.3705
1760639537517,999.1372
1760639537538,999.1413
1760639537558,999.15485
1760639537578,999.15735
1760639537598,999.17426
1760639537618,999.1775
1760639537637,999.6503
1760639537658,999.40735
1760639537677,999.79254
1760639537697,999.8975
1760639537718,999.59784
1760639537738,999.4247
1760639537758,999.3794
1760639537777,999.3785
1760639537797,999.3977
1760639537817,999.4858
1760639537837,999.5694
1760639537857,999.6241
1760639537878,999.6914
1760639537898,999.91626
1760639537919,1000.1394
1760639537937,1000.0621
1760639537957,999.84393
1760639537977,999.73816
1760639537997,999.7472
1760639538017,999.9625
1760639538038,999.9966
1760639538058,999.6166
1760639538078,999.27893
1760639538099,999.23047
1760639538117,999.1949
1760639538137,999.1608
1760639538160,999.1494
1760639538177,999.33875
1760639538197,999.16956
1760639538218,999.1549
1760639538238,999.1925
1760639538259,999.21423
1760639538277,999.1949
1760639538297,999.23376
1760639538317,999.22156
1760639538337,999.2844
1760639538357,999.3174
1760639538378,999.3705
1760639538398,999.42175
1760639538418,999.45483
1760639538437,999.5025
1760639538457,999.46906
1760639538477,999.4556
1760639538497,999.4294
1760639538517,999.4302
1760639538537,999.4311
1760639538558,999.5097
1760639538578,999.60895
1760639538597,999.65405
1760639538617,999.72455
1760639538637,999.84344
1760639538658,999.7017
1760639538677,999.40125
1760639538697,999.3231
1760639538718,999.27875
1760639538738,999.2383
1760639538757,999.24457
1760639538777,999.2691
1760639538797,999.29987
1760639538817,999.62317
1760639538837,1000.1202
1760639538857,999.77484
1760639538878,999.6874
1760639538898,999.5283
1760639538919,999.46564
1760639538937,999.4883
1760639538957,999.56177
1760639538977,999.5108
1760639538997,999.4485
1760639539018,999.4241
1760639539038,999.768
1760639539059,999.83234
1760639539079,999.186
1760639539099,999.2514
1760639539117,999.48505
1760639539137,999.49536
1760639539157,999.74286
1760639539177,999.3953
1760639539197,999.36816
1760639539218,999.4288
1760639539238,999.3149
1760639539257,999.35565
1760639539277,999.42676
1760639539297,999.42566
1760639539317,999.5066
1760639539337,999.5572
1760639539358,999.5206
1760639539378,999.48505
1760639539398,999.46094
1760639539417,999.43427
1760639539438,999.4569
1760639539457,999.6477
1760639539477,999.7438
1760639539497,999.71344
1760639539518,999.6455
1760639539538,999.5599
1760639539558,999.513
1760639539578,999.4577
1760639539597,999.41907
1760639539617,999.3977
1760639539638,999.43286
1760639539657,999.47687
1760639539677,999.4902
1760639539697,999.4975
1760639539718,999.4489
1760639539737,999.3245
1760639539757,999.256
1760639539777,999.29565
1760639539797,999.47644
1760639539817,999.60547
1760639539838,999.9421
1760639539858,999.9958
1760639539878,999.6939
1760639539898,999.4647
1760639539917,999.55286
1760639539937,999.6399
1760639539957,999.8161
1760639539977,999.97516
1760639539997,999.8789
1760639540018,999.78394
1760639540038,999.6391
1760639540059,999.5525
1760639540078,999.9033
1760639540098,1000.1997
1760639540117,1000.3333
1760639540137,1000.59094
1760639540158,999.42377
1760639540177,999.403
1760639540198,999.121
1760639540219,999.21173
1760639540237,999.17487
1760639540257,999.27454
1760639540278,999.28796
1760639540297,999.2844
1760639540317,999.3113
1760639540338,999.34644
1760639540358,999.4197
1760639540378,999.45
1760639540397,999.41876
1760639540417,999.4503
1760639540437,999.4602
1760639540458,999.5124
1760639540485,999.5029
1760639540497,999.4447
1760639540518,999.4361
1760639540538,999.4494
1760639540559,999.53815
1760639540577,999.6939
1760639540597,999.6472
1760639540617,999.3975
1760639540638,999.3661
1760639540658,999.4413
1760639540678,999.4061
1760639540698,999.3705
1760639540717,999.261
1760639540737,999.15283
1760639540757,999.15375
1760639540777,999.1594
1760639540797,999.14813
1760639540818,999.34814
1760639540838,999.36957
1760639540858,999.9255
1760639540878,999.7758
1760639540897,999.4011
1760639540917,999.5591
1760639540937,999.6516
1760639540957,999.8933
1760639540978,1000.0563
1760639540998,999.86237
1760639541018,999.5408
1760639541038,999.1347
1760639541057,999.7663
1760639541077,999.2494
1760639541097,999.8483
1760639541117,999.91614
1760639541138,999.6422
1760639541158,999.1694
1760639541178,999.09644
1760639541198,999.1822
1760639541218,999.16785
1760639541237,999.2463
1760639541257,999.3064
1760639541277,999.35785
1760639541297,999.4313
1760639541318,999.41565
1760639541338,999.3967
1760639541359,999.4383
1760639541377,999.40424
1760639541397,999.4352
1760639541417,999.3866
1760639541437,999.34015
1760639541457,999.33374
1760639541477,999.393
1760639541498,999.3733
1760639541519,999.4489
1760639541537,999.4311
1760639541557,999.34753
1760639541577,999.48706
1760639541597,999.593
1760639541618,999.3902
1760639541637,999.3052
1760639541658,999.22455
1760639541678,999.1058
1760639541699,999.1097
1760639541717,999.21924
1760639541738,999.38495
1760639541757,999.73517
1760639541777,1000.0872
1760639541798,999.678
1760639541818,999.5003
1760639541838,999.5825
1760639541858,999.72375
1760639541878,999.8461
1760639541898,999.86176
1760639541918,999.71173
1760639541938,999.506
1760639541958,999.1999
1760639541978,999.6983
1760639541998,999.39343
1760639542018,999.85767
1760639542037,1000.0872
1760639542057,999.7528
1760639542077,999.2458
1760639542098,999.0116
1760639542118,999.063
1760639542138,999.1216
1760639542158,999.2008
1760639542179,999.37067
1760639542197,999.41144
1760639542217,999.3672
1760639542237,999.3364
1760639542257,999.33765
1760639542277,999.3733
1760639542298,999.40063
1760639542318,999.41425
1760639542338,999.3938
1760639542357,999.3928
1760639542377,999.3752
1760639542397,999.41907
1760639542417,999.47986
1760639542437,999.5172
1760639542457,999.41614
1760639542477,999.3288
1760639542498,999.363
1760639542517,999.40265
1760639542537,999.47546
1760639542557,999.3824
1760639542577,999.3725
1760639542598,999.3458
1760639542618,999.28204
1760639542638,999.11005
1760639542658,998.993
1760639542678,999.005
1760639542697,999.0297
1760639542717,999.4819
1760639542737,999.8408
1760639542757,999.90814
1760639542777,999.4922
1760639542798,999.4647
1760639542818,999.4481
1760639542838,999.7092
1760639542857,999.89874
1760639542878,999.893
1760639542897,999.7786
1760639542917,999.6091
1760639542938,999.29675
1760639542958,999.52094
1760639542978,1000.0566
1760639542998,998.97345
1760639543017,999.8772
1760639543037,999.6511
1760639543057,999.53424
1760639543077,999.09485
1760639543098,999.0266
1760639543118,999.1341
1760639543138,999.2061
1760639543158,999.41846
1760639543177,999.4108
1760639543197,999.3749
1760639543217,999.3231
1760639543238,999.2725
1760639543257,999.213
1760639543278,999.23846
1760639543298,999.32
1760639543318,999.41504
1760639543337,999.4619
1760639543357,999.48395
1760639543377,999.46423
1760639543398,999.3782
1760639543417,999.48956
1760639543437,999.46375
1760639543459,999.4511
1760639543478,999.4822
1760639543497,999.5594
1760639543517,999.46814
1760639543537,999.1827
1760639543557,999.09406
1760639543577,999.20984
1760639543597,999.3661
1760639543618,999.1758
1760639543638,999.0878
1760639543658,999.10187
1760639543677,999.0763
1760639543697,998.95984
1760639543717,998.93207
1760639543737,999.02924
1760639543758,999.3389
1760639543777,999.3952
1760639543798,999.8113
1760639543818,999.5586
1760639543837,999.375
1760639543857,999.43097
1760639543877,999.4675
1760639543898,999.59564
1760639543917,999.5784
1760639543938,999.53937
1760639543958,999.46906
1760639543978,999.42535
1760639543997,999.41425
1760639544017,999.4435
1760639544037,999.5591
1760639544057,999.8224
1760639544077,1000.0222
1760639544098,999.89954
1760639544118,1000.30286
1760639544139,1000.97516
1760639544158,999.6911
1760639544177,1000.3906
1760639544204,999.1866
1760639544217,999.2488
1760639544237,999.04626
1760639544257,999.4444
1760639544278,999.4183
1760639544298,999.22125
1760639544317,999.0666
1760639544338,999.0561
1760639544357,999.0147
1760639544377,999.0203
1760639544397,999.1839
1760639544417,999.36285
1760639544438,999.1902
1760639544458,999.12317
1760639544477,999.05676
1760639544498,999.0736
1760639544517,999.0717
1760639544538,999.10645
1760639544557,999.1324
1760639544578,999.11066
1760639544599,999.0869
1760639544618,999.0922
1760639544638,999.10297
1760639544657,999.1155
1760639544677,999.0725
1760639544697,999.0122
1760639544717,998.97125
1760639544737,998.9375
1760639544757,998.98755
1760639544778,999.09534
1760639544798,999.24066
1760639544817,999.7719
1760639544837,999.5046
1760639544857,999.1491
1760639544877,998.9197
1760639544897,999.0505
1760639544918,999.04877
1760639544938,998.9905
1760639544959,998.99347
1760639544977,998.9655
1760639544997,998.935
1760639545017,998.92004
1760639545037,998.9503
1760639545057,999.10486
1760639545078,999.2636
1760639545098,999.49677
1760639545118,999.5611
1760639545137,999.47266
1760639545157,999.3291
1760639545178,999.2347
1760639545198,999.2433
1760639545217,999.3925
1760639545237,999.53125
1760639545257,999.5781
1760639545278,999.5558
1760639545297,999.54736
1760639545317,999.60223
1760639545337,999.47473
1760639545357,999.6127
1760639545377,999.6891
1760639545397,999.1286
1760639545418,1000.0694
1760639545438,998.9994
1760639545457,999.0622
1760639545477,999.0172
1760639545497,998.8683
1760639545517,998.9966
1760639545538,999.41547
1760639545558,999.10175
1760639545578,999.113
1760639545598,999.2544
1760639545618,999.1846
1760639545637,999.16376
1760639545659,999.16797
1760639545677,999.16925
1760639545697,999.1733
1760639545717,999.113
1760639545738,999.15344
1760639545758,999.1338
1760639545778,999.1946
1760639545797,999.2175
1760639545817,999.1136
1760639545837,999.0752
1760639545857,999.14233
1760639545877,999.24426
1760639545897,999.3828
1760639545918,999.42505
1760639545938,999.1705
1760639545957,999.04254
1760639545977,999.16547
1760639545997,999.10645
1760639546017,998.98035
1760639546037,998.91376
1760639546058,998.9516
1760639546079,998.983
1760639546099,999.5706
1760639546117,999.6966
1760639546137,999.7586
1760639546158,999.40924
1760639546177,999.1755
1760639546199,999.3674
1760639546217,999.42206
1760639546237,999.54565
1760639546258,999.54376
1760639546277,999.3025
1760639546297,999.1392
1760639546317,998.96625
1760639546337,999.55676
1760639546357,999.09485
1760639546377,999.29626
1760639546398,999.7524
1760639546418,999.73157
1760639546437,999.1441
1760639546457,998.9394
1760639546477,998.98425
1760639546497,999.0089
1760639546517,999.0664
1760639546537,999.03296
1760639546558,999.02563
1760639546578,999.0744
1760639546599,999.1246
1760639546617,999.17035
1760639546637,999.1972
1760639546657,999.22363
1760639546677,999.1939
1760639546697,999.16547
1760639546718,999.1788
1760639546738,999.2078
1760639546758,999.24097
1760639546777,999.2728
1760639546797,999.27625
1760639546817,999.315
1760639546837,999.2683
1760639546857,999.17645
1760639546878,999.18
1760639546898,999.3408
1760639546918,999.47736
1760639546937,999.30316
1760639546957,999.0858
1760639546977,999.0794
1760639546998,999.10614
1760639547017,998.9855
1760639547038,998.9841
1760639547058,998.97284
1760639547078,999.0791
1760639547098,999.33344
1760639547117,1000.008
1760639547137,999.7594
1760639547157,999.3799
1760639547177,999.5055
1760639547198,999.3931
1760639547217,999.51733
1760639547238,999.6202
1760639547257,999.6277
1760639547277,999.5972
1760639547297,999.4886
1760639547317,999.3853
1760639547337,999.186
1760639547357,999.6935
1760639547378,1000.98114
1760639547398,999.17566
1760639547417,1000.4208
1760639547437,999.0033
1760639547457,999.05676
1760639547477,998.798
1760639547498,998.8986
1760639547517,998.9322
1760639547537,999.1427
1760639547558,999.1952
1760639547579,999.131
1760639547597,998.9961
1760639547617,998.97864
1760639547637,998.9722
1760639547657,999.0203
1760639547678,999.0958
1760639547698,999.1882
1760639547718,999.17017
1760639547738,999.1697
1760639547757,999.22845
1760639547777,999.1841
1760639547797,999.1947
1760639547817,999.23676
1760639547838,999.3213
1760639547858,999.3049
1760639547878,999.2025
1760639547898,999.0103
1760639547917,999.0258
1760639547937,999.10284
1760639547957,999.04034
1760639547977,998.9985
1760639547997,998.91296
1760639548018,998.8831
1760639548038,998.86066
1760639548059,998.827
1760639548077,998.98486
1760639548097,999.43097
1760639548117,999.3352
1760639548137,999.768
1760639548157,999.4985
1760639548178,999.21796
1760639548198,999.39594
1760639548218,999.5141
1760639548237,999.6261
1760639548258,999.60815
1760639548277,999.428
1760639548297,999.0122
1760639548317,998.73035
1760639548338,999.15173
1760639548358,999.4291
1760639548378,998.80536
1760639548397,999.92737
1760639548418,999.2797
1760639548438,999.15704
1760639548457,998.7808
1760639548477,998.9272
1760639548497,998.8733
1760639548518,998.9639
1760639548538,999.0024
1760639548559,999.03516
1760639548578,999.093
1760639548597,999.1186
1760639548618,999.0561
1760639548638,999.0266
1760639548658,999.0445
1760639548678,999.0852
1760639548701,999.0561
1760639548718,999.10565
1760639548737,999.14453
1760639548757,999.1988
1760639548777,999.2577
1760639548797,999.1917
1760639548817,999.08
1760639548837,999.08954
1760639548858,999.1417
1760639548878,999.15015
1760639548897,999.43066
1760639548917,999.3958
1760639548937,999.02814
1760639548957,998.8242
1760639548977,998.79565
1760639548997,998.8055
1760639549018,998.79095
1760639549038,998.79926
1760639549057,998.8283
1760639549078,998.9841
1760639549097,999.34784
1760639549117,999.1374
1760639549138,999.1942
1760639549158,999.10504
1760639549178,999.12933
1760639549199,999.29926
1760639549217,999.42004
1760639549237,999.503
1760639549257,999.5222
1760639549277,999.4205
1760639549297,999.28516
1760639549318,999.16003
1760639549338,999.0047
1760639549358,999.8164
1760639549377,999.04297
1760639549398,1000.3797
1760639549417,999.4283
1760639549437,999.1406
1760639549458,998.7933
1760639549478,998.7694
1760639549498,998.8711
1760639549518,999.0588
1760639549538,999.14
1760639549557,999.10596
1760639549578,999.02203
1760639549598,998.95953
1760639549617,998.9508
1760639549638,998.98346
1760639549658,998.99347
1760639549678,999.0627
1760639549699,999.1356
1760639549718,999.22675
1760639549737,999.268
1760639549757,999.22394
1760639549777,999.1321
1760639549797,999.0777
1760639549818,999.1166
1760639549838,999.0864
1760639549859,998.98035
1760639549877,998.9608
1760639549897,999.03265
1760639549918,999.0032
1760639549937,999.125
1760639549957,999.30707
1760639549978,999.1257
1760639549998,999.0408
1760639550018,999.0125
1760639550037,998.95953
1760639550058,998.84503
1760639550077,998.7358
1760639550097,998.76
1760639550118,998.7681
1760639550138,999.33453
1760639550158,999.67346
1760639550179,999.7564
1760639550198,999.22314
1760639550217,999.0142
1760639550237,999.16486
1760639550257,999.3241
1760639550277,999.5811
1760639550298,999.59955
1760639550318,999.47687
1760639550338,999.2583
1760639550357,999.05145
1760639550377,998.91174
1760639550397,1000.66656
1760639550417,998.7944
1760639550437,1000.3331
1760639550457,999.09546
1760639550478,999.2686
1760639550498,998.7081
1760639550518,998.7439
1760639550537,998.74207
1760639550557,998.85785
1760639550577,998.9475
1760639550597,998.98755
1760639550618,999.01953
1760639550638,999.04114
1760639550659,999.0866
1760639550679,999.09015
1760639550698,999.10065
1760639550717,999.0969
1760639550737,999.05176
1760639550757,999.03204
1760639550777,999.03754
1760639550797,999.0708
1760639550818,999.1409
1760639550838,999.3085
1760639550857,999.4506
1760639550877,999.35675
1760639550897,999.29346
1760639550917,999.30035
1760639550937,999.3591
1760639550957,999.15344
1760639550977,999.04846
1760639550998,999.1144
1760639551017,999.0774
1760639551037,998.8188
1760639551057,998.7641
1760639551077,998.66144
1760639551097,998.7053
1760639551118,998.67926
1760639551138,998.6405
1760639551158,998.66003
1760639551177,998.65204
1760639551198,998.7055
1760639551218,998.73035
1760639551237,999.16675
1760639551257,999.16473
1760639551277,999.1869
1760639551298,999.0583
1760639551318,999.006
1760639551337,998.97516
1760639551357,998.9385
1760639551377,998.9241
1760639551398,998.9605
1760639551417,999.0049
1760639551437,999.0186
1760639551458,999.02704
1760639551478,999.28534
1760639551498,999.73816
1760639551517,999.6816
1760639551537,999.22974
1760639551558,998.80707
1760639551577,998.6911
1760639551598,998.71484
1760639551618,998.7547
1760639551638,999.0663
1760639551658,998.7589
1760639551678,998.79004
1760639551697,999.2078
1760639551718,998.7019
1760639551737,998.6992
1760639551757,998.7591
1760639551777,998.7505
1760639551798,999.0161
1760639551818,998.8749
1760639551837,998.871
1760639551857,998.8806
1760639551877,998.91125
1760639551897,998.90845
1760639551917,998.9335
1760639551938,998.9611
1760639551958,999.0336
1760639551978,999.04364
1760639551997,998.97705
1760639552017,998.8771
1760639552037,998.9405
1760639552058,999.10114
1760639552078,999.21625
1760639552098,999.18097
1760639552119,998.9948
1760639552138,998.8025
1760639552157,998.8322
1760639552177,998.97363
1760639552197,999.0155
1760639552219,999.02905
1760639552237,998.9822
1760639552257,998.8302
1760639552277,998.7747
1760639552298,998.775
1760639552318,998.80316
1760639552337,998.9394
1760639552357,999.1261
1760639552377,999.58734
1760639552398,999.6911
1760639552418,999.40234
1760639552438,999.1683
1760639552458,998.9924
1760639552479,998.9846
1760639552497,999.15125
1760639552517,999.3644
1760639552537,999.53894
1760639552557,999.5564
1760639552577,999.34204
1760639552598,999.28864
1760639552618,999.6947
1760639552638,999.0702
1760639552657,999.9403
1760639552678,998.7786
1760639552697,998.9658
1760639552718,998.8121
1760639552737,998.68036
1760639552757,998.89984
1760639552778,999.023
1760639552798,998.95953
1760639552817,999.0672
1760639552837,999.04736
1760639552857,999.08875
1760639552877,999.03516
1760639552897,999.0167
1760639552918,999.03296
1760639552938,999.0042
1760639552959,998.9941
1760639552978,998.98285
1760639552998,999.01733
1760639553017,999.03656
1760639553037,999.03064
1760639553057,999.03723
1760639553078,998.9983
1760639553098,998.96204
1760639553118,999.02765
1760639553137,999.14844
1760639553159,999.2097
1760639553177,999.22864
1760639553197,999.10126
1760639553218,999.0122
1760639553237,998.90735
1760639553257,998.7502
1760639553278,998.7038
1760639553298,998.7141
1760639553317,998.72485
1760639553337,999.5019
1760639553358,999.91516
1760639553377,999.688
1760639553397,999.2511
1760639553418,999.1561
1760639553438,999.1922
1760639553458,999.4316
1760639553477,999.48254
1760639553497,999.368
1760639553518,999.1428
1760639553537,998.8847
1760639553557,998.71625
1760639553578,999.5203
1760639553598,999.0053
1760639553619,998.90674
1760639553638,999.29095
1760639553657,998.8697
1760639553677,998.9352
1760639553698,998.8458
1760639553718,998.8533
1760639553737,998.90393
1760639553758,998.94055
1760639553778,998.8658
1760639553797,998.8889
1760639553817,998.9377
1760639553837,998.97174
1760639553858,998.92487
1760639553877,998.98425
1760639553897,998.97864
1760639553918,998.97437
1760639553938,998.995
1760639553958,999.0672
1760639553977,999.0269
1760639553997,999.0063
1760639554017,999.1378
1760639554038,999.2488
1760639554058,999.2292
1760639554078,999.04846
1760639554099,998.85547
1760639554117,998.83203
1760639554137,998.98956
1760639554157,999.2744
1760639554177,999.1902
1760639554197,998.8813
1760639554217,998.6953
1760639554238,998.6946
1760639554258,998.6863
1760639554278,998.73285
1760639554297,998.7031
1760639554333,998.9035
1760639554342,999.6614
1760639554366,999.57184
1760639554400,999.20996
1760639554405,999.124
1760639554418,999.1327
1760639554438,999.27594
1760639554457,999.4352
1760639554478,999.49
1760639554497,999.3778
1760639554517,999.191
1760639554539,998.91406
1760639554558,998.8236
1760639554579,1000.48956
1760639554598,998.72565
1760639554618,999.9888
1760639554637,998.73505
1760639554657,999.0017
1760639554677,998.64484
1760639554698,998.60156
1760639554718,998.6375
1760639554737,998.7083
1760639554758,998.7667
1760639554777,998.7666
1760639554797,998.79395
1760639554817,998.8405
1760639554838,998.8952
1760639554857,998.91626
1760639554878,998.9316
1760639554898,998.9316
1760639554918,998.96454
1760639554937,998.946
1760639554957,998.99176
1760639554977,999.0211
1760639554997,998.9938
1760639555017,998.98956
1760639555038,999.09686
1760639555058,999.17017
1760639555079,998.98816
1760639555097,998.90594
1760639555117,998.9553
1760639555138,999.0311
1760639555157,998.98596
1760639555177,998.99286
1760639555198,998.8977
1760639555221,998.8227
1760639555238,998.7077
1760639555258,998.5842
1760639555277,998.66516
1760639555297,998.9336
1760639555317,999.02893
1760639555337,999.2452
1760639555357,999.3341
1760639555382,999.0481
1760639555398,999.0788
1760639555418,999.2006
1760639555437,999.3508
1760639555457,999.3861
1760639555477,999.29065
1760639555497,999.1428
1760639555517,998.7661
1760639555537,998.58484
1760639555558,999.9294
1760639555578,998.6713
1760639555597,999.745
1760639555618,999.08453
1760639555637,999.0583
1760639555657,998.54785
1760639555677,998.48816
1760639555698,998.52844
1760639555718,998.54565
1760639555738,998.6917
1760639555757,998.818
1760639555777,998.8727
1760639555797,998.7705
1760639555818,998.7279
1760639555838,998.76
1760639555857,998.84485
1760639555878,998.85114
1760639555898,998.9033
1760639555918,998.91516
1760639555938,998.8877
1760639555959,998.91473
1760639555977,998.84875
1760639555998,998.8955
1760639556018,999.0172
1760639556038,999.0738
1760639556058,998.91766
1760639556077,998.9316
1760639556097,998.9364
1760639556117,998.8269
1760639556138,998.6291
1760639556157,998.6775
1760639556177,998.8855
1760639556198,998.7624
1760639556218,998.6105
1760639556238,998.53973
1760639556257,998.5516
1760639556277,998.59906
1760639556297,998.73987
1760639556317,998.89954
1760639556337,999.3769
1760639556358,999.2636
1760639556378,998.9272
1760639556398,998.91846
1760639556417,998.95953
1760639556438,999.10474
1760639556458,999.28815
1760639556478,999.3222
1760639556497,999.1877
1760639556518,999.003
1760639556538,999.04004
1760639556558,999.1352
1760639556578,999.33704
1760639556597,998.9266
1760639556618,999.4333
1760639556638,999.47406
1760639556657,998.90204
1760639556678,998.5155
1760639556698,998.56415
1760639556719,998.53754
1760639556738,998.52765
1760639556757,998.6847
1760639556777,998.8135
1760639556797,998.8853
1760639556817,998.8386
1760639556837,998.84125
1760639556858,998.8163
1760639556878,998.8247
1760639556897,998.83
1760639556917,998.8747
1760639556937,998.8172
1760639556957,998.8247
1760639556977,998.8917
1760639556998,998.96985
1760639557018,999.0139
1760639557038,999.0102
1760639557057,998.9516
1760639557079,998.9369
1760639557097,998.92847
1760639557117,998.7775
1760639557137,998.7186
1760639557158,998.8389
1760639557178,999.0095
1760639557199,999.0055
1760639557219,998.80206
1760639557238,998.71204
1760639557257,998.66144
1760639557277,998.5864
1760639557297,998.49457
1760639557317,998.5099
1760639557338,998.64557
1760639557358,998.86035
1760639557378,999.42395
1760639557397,999.256
1760639557417,998.8291
1760639557437,998.811
1760639557457,998.9494
1760639557477,999.1416
1760639557497,999.3077
1760639557518,999.30237
1760639557538,999.1353
1760639557557,998.91925
1760639557577,998.60754
1760639557597,998.97687
1760639557617,999.89874
1760639557638,998.54266
1760639557658,1000.04596
1760639557678,998.47125
1760639557699,998.72125
1760639557717,998.41113
1760639557737,998.48926
1760639557757,998.5036
1760639557777,998.5702
1760639557797,998.6903
1760639557817,998.71204
1760639557838,998.7608
1760639557858,998.8289
1760639557877,998.9374
1760639557897,998.9449
1760639557918,998.827
1760639557938,998.80145
1760639557958,998.77765
1760639557977,998.77765
1760639557998,998.8235
1760639558018,998.8741
1760639558038,998.983
1760639558057,999.02344
1760639558078,998.98486
1760639558097,998.9311
1760639558118,998.958
1760639558138,999.0039
1760639558158,999.0217
1760639558178,999.063
1760639558199,998.79126
1760639558218,998.6888
1760639558237,998.803
1760639558257,998.80347
1760639558278,998.691
1760639558297,998.5547
1760639558318,998.63074
1760639558338,998.5686
1760639558358,998.493
1760639558377,998.3791
1760639558397,998.35956
1760639558418,998.3755
1760639558437,998.40125
1760639558457,998.4258
1760639558478,998.4608
1760639558498,998.48676
1760639558519,998.48676
1760639558537,998.5041
1760639558557,998.86176
1760639558577,998.7641
1760639558597,998.7574
1760639558618,998.8313
1760639558638,998.753
1760639558658,998.6477
1760639558680,998.5656
1760639558697,998.5458
1760639558717,998.54315
1760639558737,998.6216
1760639558757,998.6877
1760639558777,998.7519
1760639558798,998.8842
1760639558818,998.98816
1760639558838,999.2488
1760639558857,999.54144
1760639558877,999.53656
1760639558897,999.24097
1760639558917,999.118
1760639558937,999.11456
1760639558957,998.9408
1760639558978,998.6352
1760639558998,998.5344
1760639559018,998.465
1760639559037,998.4427
1760639559057,998.4419
1760639559077,999.253
1760639559097,998.7122
1760639559117,998.6033
1760639559138,998.47144
1760639559159,998.6241
1760639559179,998.8964
1760639559198,998.9477
1760639559217,998.865
1760639559237,998.79095
1760639559257,998.83
1760639559277,998.8331
1760639559297,998.805
1760639559318,998.8281
1760639559338,998.9272
1760639559357,998.943
1760639559377,998.9322
1760639559397,998.87427
1760639559418,998.79224
1760639559438,998.8248
1760639559458,998.97986
1760639559478,999.0358
1760639559498,998.91113
1760639559517,998.84515
1760639559537,998.78033
1760639559557,998.72394
1760639559578,998.7141
1760639559598,998.85986
1760639559618,998.9453
1760639559638,998.7536
1760639559659,998.59094
1760639559677,998.5696
1760639559698,998.48315
1760639559717,998.48016
1760639559738,998.455
1760639559757,998.52783
1760639559777,998.6497
1760639559798,999.0228
1760639559818,999.49316
1760639559837,999.2502
1760639559857,998.8253
1760639559877,998.78015
1760639559897,998.7055
1760639559917,998.84015
1760639559938,999.09064
1760639559958,999.1597
1760639559978,998.90674
1760639559999,998.72504
1760639560017,998.613
1760639560037,998.6361
1760639560057,999.9316
1760639560077,998.4563
1760639560098,999.73987
1760639560119,999.055
1760639560138,999.1072
1760639560159,998.4277
1760639560177,998.47845
1760639560197,998.5122
1760639560218,998.5767
1760639560240,998.6342
1760639560257,998.67255
1760639560277,998.72845
1760639560298,998.8178
1760639560318,998.7611
1760639560337,998.78424
1760639560357,998.7483
1760639560377,998.7094
1760639560397,998.73596
1760639560418,998.823
1760639560438,998.91235
1760639560458,998.9519
1760639560478,998.9908
1760639560498,998.9941
1760639560517,998.92706
1760639560537,998.8169
1760639560557,998.6355
1760639560578,998.6705
1760639560598,998.8938
1760639560618,998.98987
1760639560638,998.8764
1760639560657,998.696
1760639560677,998.73926
1760639560697,998.718
1760639560718,998.5466
1760639560738,998.43
1760639560758,998.43097
1760639560778,998.70844
1760639560798,999.0958
1760639560817,999.1853
1760639560837,999.197
1760639560857,999.02704
1760639560877,998.89594
1760639560897,999.0027
1760639560918,999.1455
1760639560938,999.2431
1760639560958,999.21265
1760639560979,999.15765
1760639560997,999.0889
1760639561017,998.9382
1760639561037,998.7847
1760639561057,999.7136
1760639561077,998.66986
1760639561098,999.76984
1760639561118,998.8877
1760639561139,998.79626
1760639561157,998.47015
1760639561178,998.3113
1760639561197,998.46954
1760639561217,998.5119
1760639561238,998.6716
1760639561257,998.65924
1760639561278,998.6822
1760639561298,998.64484
1760639561317,998.6366
1760639561337,998.61176
1760639561357,998.6241
1760639561377,998.60016
1760639561397,998.60205
1760639561418,998.64246
1760639561438,998.67847
1760639561458,998.7094
1760639561477,998.7128
1760639561497,998.7455
1760639561517,998.7702
1760639561537,998.7933
1760639561557,998.78296
1760639561578,998.6239
1760639561598,998.60474
1760639561618,998.77734
1760639561637,998.79376
1760639561657,998.79114
1760639561679,998.73016
1760639561697,998.623
1760639561718,998.5147
1760639561738,998.3691
1760639561757,998.3864
1760639561778,998.43243
1760639561797,998.6992
1760639561817,999.17426
1760639561837,999.23004
1760639561857,998.83594
1760639561877,998.72845
1760639561897,998.86035
1760639561918,999.05316
1760639561938,999.15125
1760639561959,999.11975
1760639561977,998.8644
1760639561997,998.66907
1760639562017,998.3764
1760639562037,999.91766
1760639562057,998.963
1760639562078,998.8088
1760639562098,998.98785
1760639562119,998.3771
1760639562137,998.52905
1760639562157,998.32983
1760639562177,998.4794
1760639562198,998.5141
1760639562218,998.66187
1760639562238,998.61676
1760639562258,998.59125
1760639562278,998.6163
1760639562297,998.6247
1760639562317,998.53564
1760639562337,998.53656
1760639562357,998.59674
1760639562377,998.58765
1760639562397,998.5505
1760639562418,998.5666
1760639562438,998.5758
1760639562457,998.6133
1760639562478,998.6669
1760639562497,998.696
1760639562517,998.5725
1760639562537,998.56067
1760639562557,998.621
1760639562578,998.84906
1760639562598,999.0103
1760639562617,998.7391
1760639562637,998.513
1760639562658,998.48145
1760639562677,998.36536
1760639562698,998.3135
1760639562718,998.3746
1760639562738,998.4014
1760639562758,998.8772
1760639562777,999.255
1760639562797,999.0032
1760639562817,998.6814
1760639562837,998.72156
1760639562857,998.74817
1760639562877,998.9424
1760639562898,999.10547
1760639562918,999.0663
1760639562938,998.8697
1760639562958,998.6291
1760639562977,998.3352
1760639562997,1000.0119
1760639563017,998.5095
1760639563038,999.7063
1760639563058,998.9872
1760639563078,998.6455
1760639563098,998.4055
1760639563117,998.16003
1760639563138,998.3325
1760639563158,998.4086
1760639563177,998.4525
1760639563197,998.5527
1760639563218,998.548
1760639563238,998.54596
1760639563258,998.6136
1760639563277,998.5936
1760639563297,998.5802
1760639563317,998.572
1760639563337,998.56177
1760639563358,998.5728
1760639563377,998.5666
1760639563398,998.48425
1760639563418,998.4444
1760639563437,998.4861
1760639563457,998.5789
1760639563477,998.7614
1760639563497,998.718
1760639563518,998.55206
1760639563538,998.54376
1760639563558,998.85406
1760639563578,998.7038
1760639563598,998.5696
1760639563617,998.49
1760639563637,998.35736
1760639563658,998.2563
1760639563678,998.2786
1760639563698,998.41815
1760639563718,998.6091
1760639563739,998.8683
1760639563758,998.9508
1760639563777,998.823
1760639563797,998.67096
1760639563817,998.6888
1760639563837,998.8132
1760639563857,998.97266
1760639563878,999.0139
1760639563898,998.96735
1760639563918,998.85736
1760639563937,998.718
1760639563957,998.5519
1760639563978,998.5
1760639563998,1000.625
1760639564017,998.29456
1760639564038,999.78546
1760639564058,998.42395
1760639564079,998.7624
1760639564097,998.2692
1760639564118,998.2653
1760639564137,998.40204
1760639564158,998.4108
1760639564178,998.4366
1760639564198,998.4016
1760639564218,998.3927
1760639564240,998.42645
1760639564257,998.4547
1760639564277,998.4425
1760639564297,998.4936
1760639564317,998.5691
1760639564337,998.58954
1760639564358,998.60925
1760639564378,998.5889
1760639564398,998.5283
1760639564417,998.548
1760639564437,998.58594
1760639564457,998.64233
1760639564477,998.73737
1760639564497,998.71063
1760639564518,998.70087
1760639564538,998.715
1760639564559,998.562
1760639564577,998.523
1760639564597,998.60223
1760639564617,998.64813
1760639564637,998.51
1760639564658,998.54736
1760639564678,998.5044
1760639564698,998.3477
1760639564719,998.2683
1760639564738,998.2486
1760639564758,998.3074
1760639564777,998.4008
1760639564797,998.5039
1760639564817,998.66187
1760639564837,998.8219
1760639564858,998.6925
1760639564879,998.6448
1760639564898,998.72095
1760639564917,998.7783
1760639564937,998.8016
1760639564957,998.77594
1760639564977,998.7527
1760639564998,998.74
1760639565018,998.73566
1760639565038,998.7524
1760639565059,998.87885
1760639565077,999.05145
1760639565097,999.2147
1760639565117,999.34515
1760639565137,999.48535
1760639565159,999.72845
1760639565178,999.97437
1760639565198,999.2322
1760639565219,998.8666
1760639565237,998.99567
1760639565260,998.1349
1760639565277,998.4972
1760639565297,998.7097
1760639565317,999.0527
1760639565337,998.86005
1760639565358,998.48175
1760639565378,998.23785
1760639565397,998.22345
1760639565417,998.2811
1760639565437,998.54395
1760639565457,998.7575
1760639565477,998.60504
1760639565498,998.42175
1760639565531,998.3652
1760639565553,998.33997
1760639565564,998.408
1760639565577,998.5675
1760639565597,998.6138
1760639565617,998.5716
1760639565637,998.47534
1760639565658,998.43066
1760639565677,998.3378
1760639565698,998.2686
1760639565718,998.2656
1760639565737,998.1967
1760639565757,998.1816
1760639565777,998.15704
1760639565797,998.12
1760639565817,998.1394
1760639565837,998.17847
1760639565858,998.2472
1760639565878,998.3022
1760639565897,998.39624
1760639565917,998.30927
1760639565937,998.22876
1760639565957,998.20984
1760639565978,998.3239
1760639565997,998.71533
1760639566018,998.5727
1760639566038,998.32983
1760639566057,998.1947
1760639566077,998.1447
1760639566097,998.16455
1760639566117,998.16736
1760639566138,998.15674
1760639566158,998.1816
1760639566178,998.2592
1760639566199,998.29486
1760639566217,998.8066
1760639566237,998.9435
1760639566257,998.92126
1760639566277,998.7052
1760639566297,998.5025
1760639566317,998.4058
1760639566338,998.563
1760639566358,998.85986
1760639566377,999.0247
1760639566397,998.98517
1760639566417,998.89923
1760639566437,998.8842
1760639566458,998.91376
1760639566478,998.95953
1760639566498,999.08813
1760639566518,999.2139
1760639566537,999.1288
1760639566557,998.8789
1760639566578,998.5019
1760639566597,998.6438
1760639566618,999.5766
1760639566638,999.328
1760639566658,999.97046
1760639566679,998.0742
1760639566699,998.0919
1760639566717,998.3966
1760639566738,998.09753
1760639566758,998.15656
1760639566777,998.33374
1760639566797,998.423
1760639566817,998.53876
1760639566838,998.60425
1760639566858,998.66595
1760639566877,998.62177
1760639566897,998.6339
1760639566918,998.59424
1760639566937,998.47955
1760639566957,998.35657
1760639566978,998.3266
1760639566998,998.3206
1760639567018,998.3256
1760639567037,998.3683
1760639567057,998.3242
1760639567077,998.2661
1760639567097,998.2308
1760639567118,998.3127
1760639567138,998.59845
1760639567159,998.53625
1760639567179,998.2433
1760639567197,998.1766
1760639567217,998.1244
1760639567238,998.1127
1760639567257,998.1253
1760639567277,998.2183
1760639567297,998.42566
1760639567317,998.91156
1760639567338,998.893
1760639567357,998.53485
1760639567377,998.35065
1760639567397,998.41876
1760639567417,998.4808
1760639567437,998.6882
1760639567457,998.8202
1760639567478,998.745
1760639567498,998.5253
1760639567517,998.35455
1760639567537,998.28925
1760639567557,998.59155
1760639567577,999.6406
1760639567597,998.8238
1760639567618,999.68365
1760639567638,998.09906
1760639567659,998.35815
1760639567679,998.0675
1760639567697,998.0217
1760639567717,998.09735
1760639567737,998.2308
1760639567758,998.39
1760639567778,998.55536
1760639567797,998.5063
1760639567818,998.4475
1760639567838,998.4014
1760639567857,998.54626
1760639567877,998.5152
1760639567898,998.4458
1760639567918,998.4589
1760639567937,998.47766
1760639567958,998.53656
1760639567979,998.5588
1760639567998,998.558
1760639568017,998.5894
1760639568037,998.68097
1760639568057,998.7111
1760639568077,998.6966
1760639568097,998.54254
1760639568118,998.46564
1760639568139,998.6358
1760639568159,998.7511
1760639568177,998.6494
1760639568197,998.34924
1760639568217,998.2689
1760639568237,998.4275
1760639568257,998.29285
1760639568277,998.1872
1760639568297,998.1569
1760639568318,998.3447
1760639568337,998.66864
1760639568358,998.7505
1760639568377,998.77
1760639568397,998.5759
1760639568418,998.42816
1760639568438,998.47424
1760639568458,998.6327
1760639568478,998.7569
1760639568497,998.78906
1760639568517,998.808
1760639568537,998.7072
1760639568557,998.65894
1760639568577,998.5844
1760639568597,998.6547
1760639568618,999.24
1760639568638,999.4822
1760639568659,998.79456
1760639568677,999.0211
1760639568697,998.3103
1760639568717,998.2627
1760639568738,998.15814
1760639568758,998.2655
1760639568777,998.3344
1760639568798,998.39233
1760639568818,998.4158
1760639568837,998.4461
1760639568857,998.4561
1760639568877,998.3677
1760639568897,998.28125
1760639568917,998.24097
1760639568938,998.2358
1760639568958,998.30005
1760639568978,998.3533
1760639568997,998.36786
1760639569017,998.49066
1760639569037,998.4911
1760639569057,998.48926
1760639569077,998.4639
1760639569098,998.4305
1760639569118,998.3375
1760639569139,998.16064
1760639569157,998.3044
1760639569178,998.53546
1760639569197,998.70984
1760639569217,998.6464
1760639569238,998.47675
1760639569258,998.33344
1760639569278,998.1935
1760639569298,998.0163
1760639569318,997.99567
1760639569338,998.04114
1760639569357,998.23315
1760639569378,998.52924
1760639569397,998.8821
1760639569418,998.7427
1760639569439,998.3794
1760639569458,998.27673
1760639569477,998.29156
1760639569497,998.4455
1760639569518,998.79395
1760639569538,998.8724
1760639569557,998.70953
1760639569578,998.5808
1760639569598,998.4452
1760639569619,999.0044
1760639569638,998.34344
1760639569657,998.8666
1760639569677,999.0694
1760639569697,998.77423
1760639569717,998.243
1760639569738,998.1122
1760639569758,998.07245
1760639569778,998.072
1760639569798,998.21234
1760639569817,998.2994
1760639569837,998.34845
1760639569857,998.3397
1760639569878,998.3352
1760639569897,998.2972
1760639569918,998.29034
1760639569938,998.2578
1760639569958,998.28284
1760639569977,998.35175
1760639569998,998.4933
1760639570017,998.47754
1760639570037,998.41034
1760639570057,998.3089
1760639570078,998.2933
1760639570098,998.4335
1760639570118,998.5408
1760639570137,998.5519
1760639570158,998.41736
1760639570177,998.2536
1760639570197,998.3225
1760639570217,998.60175
1760639570237,998.5177
1760639570258,998.3663
1760639570278,998.28424
1760639570297,998.14453
1760639570317,998.03986
1760639570337,997.948
1760639570357,997.98846
1760639570377,998.0447
1760639570398,998.53253
1760639570418,998.7081
1760639570438,998.6444
1760639570457,998.3369
1760639570477,998.34546
1760639570497,998.36346
1760639570517,998.54254
1760639570537,998.7464
1760639570557,998.84033
1760639570578,998.79236
1760639570598,998.683
1760639570618,998.59674
1760639570637,998.59985
1760639570657,998.4366
1760639570677,999.3102
1760639570697,998.5577
1760639570719,999.46344
1760639570738,998.2017
1760639570758,998.3835
1760639570779,998.0244
1760639570797,998.11145
1760639570817,998.1277
1760639570837,998.2628
1760639570857,998.3164
1760639570877,998.30286
1760639570898,998.2481
1760639570918,998.2716
1760639570938,998.29626
1760639570958,998.2858
1760639570977,998.3072
1760639570997,998.3038
1760639571017,998.3461
1760639571037,998.392
1760639571058,998.4164
1760639571078,998.3487
1760639571098,998.3372
1760639571117,998.2769
1760639571137,998.27203
1760639571157,998.27673
1760639571177,998.34705
1760639571198,998.3711
1760639571218,998.2592
1760639571238,998.0933
1760639571259,998.11444
1760639571278,998.4447
1760639571297,998.59064
1760639571317,998.42596
1760639571337,998.2463
1760639571357,998.3889
1760639571377,998.3906
1760639571398,998.2711
1760639571418,998.10297
1760639571437,998.04175
1760639571457,998.15015
1760639571477,998.7488
1760639571497,998.7552
