1760637801827,1000.9497
1760637801847,1000.9236
1760637801867,1000.9494
1760637801887,1000.97955
1760637801907,1001.04706
1760637801927,1001.91595
1760637801947,1001.8235
1760637801968,1001.53314
1760637801987,1001.2441
1760637802007,1001.1289
1760637802027,1001.2061
1760637802047,1001.29315
1760637802067,1001.1866
1760637802088,1000.98785
1760637802108,1000.9299
1760637802134,1001.1927
1760637802147,1000.9513
1760637802167,1001.0016
1760637802187,1001.23785
1760637802207,1001.14734
1760637802227,1001.15924
1760637802247,1000.9994
1760637802267,1001.04926
1760637802288,1001.0705
1760637802309,1001.0294
1760637802327,1001.1414
1760637802347,1001.2638
1760637802369,1001.21924
1760637802387,1001.2571
1760637802407,1001.1931
1760637802427,1001.1155
1760637802448,1001.09656
1760637802468,1001.0814
1760637802487,1001.1292
1760637802507,1001.2589
1760637802527,1001.2541
1760637802547,1001.2447
1760637802567,1001.1347
1760637802588,1001.0628
1760637802608,1001.08203
1760637802628,1000.97363
1760637802648,1000.9488
1760637802667,1000.98254
1760637802687,1001.03937
1760637802708,1001.9577
1760637802727,1002.29236
1760637802747,1001.5644
1760637802767,1001.315
1760637802788,1001.145
1760637802809,1001.2558
1760637802828,1001.4286
1760637802847,1001.3222
1760637802867,1001.09814
1760637802887,1000.9722
1760637802908,1001.0136
1760637802927,1000.9402
1760637802948,1000.93097
1760637802968,1001.1288
1760637802987,1001.0844
1760637803007,1001.3397
1760637803027,1001.0646
1760637803048,1001.0603
1760637803067,1001.1285
1760637803088,1001.013
1760637803108,1001.0585
1760637803128,1001.17487
1760637803148,1001.2027
1760637803168,1001.1314
1760637803187,1001.0563
1760637803207,1001.03516
1760637803227,1001.03156
1760637803247,1001.0555
1760637803267,1001.1986
1760637803288,1001.3303
1760637803307,1001.22565
1760637803327,1001.11426
1760637803347,1001.0649
1760637803367,1001.06067
1760637803387,1000.97614
1760637803408,1000.91364
1760637803427,1000.9316
1760637803448,1000.9509
1760637803468,1001.01953
1760637803487,1001.8142
1760637803507,1002.1949
1760637803527,1001.42065
1760637803548,1001.17065
1760637803567,1001.0136
1760637803587,1001.1719
1760637803608,1001.36536
1760637803628,1001.2703
1760637803647,1001.0766
1760637803667,1000.9556
1760637803687,1001.0233
1760637803707,1000.893
1760637803728,1000.9069
1760637803747,1000.97614
1760637803768,1001.02454
1760637803788,1001.2622
1760637803807,1001.29626
1760637803828,1001.0003
1760637803847,1001.04156
1760637803867,1001.0294
1760637803888,1001.0094
1760637803908,1001.10504
1760637803927,1001.193
1760637803948,1001.1511
1760637803967,1001.0889
1760637803987,1001.0635
1760637804007,1001.0286
1760637804027,1001.0806
1760637804047,1001.198
1760637804067,1001.3147
1760637804088,1001.33765
1760637804108,1001.1044
1760637804128,1001.03674
1760637804147,1001.0241
1760637804167,1000.9514
1760637804187,1000.8889
1760637804207,1000.8675
1760637804227,1000.9083
1760637804249,1000.9255
1760637804268,1000.9794
1760637804288,1001.8178
1760637804307,1002.0113
1760637804328,1001.28564
1760637804347,1001.1947
1760637804367,1001.0497
1760637804387,1001.15784
1760637804407,1001.2663
1760637804427,1001.23956
1760637804448,1000.965
1760637804467,1000.90173
1760637804487,1001.3085
1760637804507,1000.8633
1760637804527,1000.8733
1760637804547,1001.14874
1760637804567,1000.9553
1760637804588,1001.29395
1760637804608,1001.0244
1760637804628,1000.99316
1760637804647,1001.0652
1760637804667,1001.03986
1760637804687,1001.0125
1760637804707,1001.1285
1760637804727,1001.21265
1760637804747,1001.1931
1760637804768,1001.12067
1760637804789,1001.0803
1760637804807,1000.97455
1760637804828,1000.9697
1760637804848,1001.16144
1760637804867,1001.3263
1760637804902,1001.20166
1760637804931,1001.1708
1760637804931,1001.09064
1760637804951,1001.0013
1760637804967,1000.8952
1760637804987,1000.8233
1760637805007,1000.8205
1760637805027,1000.86676
1760637805047,1000.93677
1760637805067,1001.9335
1760637805088,1001.9913
1760637805108,1001.33484
1760637805127,1001.18207
1760637805147,1001.0784
1760637805167,1001.28564
1760637805187,1001.4444
1760637805207,1001.42096
1760637805227,1001.22974
1760637805248,1000.8909
1760637805267,1000.86005
1760637805288,1001.34393
1760637805307,1000.8746
1760637805327,1000.9269
1760637805347,1001.03876
1760637805367,1001.0046
1760637805387,1000.9286
1760637805408,1000.8661
1760637805428,1000.91846
1760637805448,1000.9389
1760637805467,1000.91254
1760637805488,1000.9441
1760637805507,1001.0839
1760637805527,1001.0652
1760637805547,1001.0891
1760637805567,1001.08734
1760637805588,1001.0069
1760637805608,1001.0228
1760637805627,1001.0333
1760637805647,1001.0766
1760637805667,1001.1356
1760637805687,1001.22504
1760637805707,1001.1402
1760637805727,1001.1452
1760637805748,1001.17786
1760637805768,1001.2369
1760637805788,1001.17645
1760637805807,1001.16235
1760637805827,1001.3219
1760637805847,1001.0603
1760637805868,1000.7692
1760637805888,1000.8691
1760637805908,1000.7883
1760637805929,1000.7741
1760637805948,1000.85516
1760637805967,1000.9033
1760637805987,1000.79614
1760637806007,1000.7711
1760637806027,1000.78174
1760637806048,1000.8238
1760637806067,1001.53674
1760637806088,1001.0783
1760637806108,1001.08344
1760637806127,1001.1452
1760637806149,1001.1347
1760637806167,1001.1386
1760637806187,1001.0759
1760637806207,1001.03033
1760637806227,1000.97125
1760637806248,1000.952
1760637806268,1000.97406
1760637806287,1001.0114
1760637806307,1001.2522
1760637806327,1002.0544
1760637806348,1001.3786
1760637806368,1000.6489
1760637806388,1000.7522
1760637806408,1000.80176
1760637806430,1000.8235
1760637806447,1001.0936
1760637806467,1001.02
1760637806487,1000.7694
1760637806507,1000.71
1760637806527,1000.7405
1760637806548,1000.79956
1760637806568,1001.2577
1760637806587,1001.10486
1760637806608,1000.9779
1760637806627,1000.91473
1760637806649,1000.84344
1760637806667,1000.8458
1760637806687,1000.99286
1760637806707,1001.5714
1760637806727,1001.4314
1760637806748,1001.34564
1760637806768,1001.3875
1760637806788,1001.10956
1760637806807,1000.8302
1760637806829,1000.73676
1760637806848,1000.7447
1760637806868,1000.7103
1760637806888,1000.72797
1760637806908,1000.79065
1760637806928,1000.83203
1760637806947,1001.8331
1760637806967,1001.9417
1760637806987,1001.35864
1760637807007,1001.03455
1760637807028,1000.8608
1760637807048,1000.8769
1760637807068,1001.0491
1760637807089,1001.22723
1760637807110,1001.15393
1760637807128,1000.9489
1760637807147,1000.7463
1760637807168,1000.8103
1760637807187,1000.7083
1760637807207,1000.9291
1760637807228,1001.23816
1760637807247,1001.35016
1760637807268,1000.7603
1760637807287,1000.7619
1760637807307,1000.78906
1760637807327,1000.8622
1760637807347,1000.8247
1760637807367,1000.9308
1760637807387,1001.1228
1760637807407,1001.1455
1760637807428,1001.1199
1760637807447,1001.0486
1760637807467,1000.99146
1760637807487,1000.9311
1760637807508,1000.8796
1760637807528,1000.8922
1760637807548,1001.03
1760637807567,1001.1399
1760637807589,1001.0032
1760637807607,1000.98566
1760637807627,1000.9438
1760637807647,1000.8892
1760637807667,1000.7733
1760637807687,1000.7369
1760637807708,1000.7722
1760637807728,1000.79596
1760637807748,1000.8721
1760637807768,1001.72626
1760637807787,1001.84937
1760637807807,1001.05927
1760637807827,1001.018
1760637807847,1000.9483
1760637807867,1001.02734
1760637807887,1001.18176
1760637807908,1001.063
1760637807928,1000.7944
1760637807947,1000.73065
1760637807967,1000.9216
1760637807987,1001.02783
1760637808007,1000.6777
1760637808028,1000.85675
1760637808047,1000.80566
1760637808068,1000.8132
1760637808088,1001.04987
1760637808107,1000.84515
1760637808127,1000.96924
1760637808147,1000.9883
1760637808167,1000.9683
1760637808187,1001.0085
1760637808207,1001.0147
1760637808227,1000.9616
1760637808248,1000.95087
1760637808267,1000.8622
1760637808287,1000.8217
1760637808307,1000.8258
1760637808327,1001.0075
1760637808347,1001.03156
1760637808367,1000.92957
1760637808387,1000.8411
1760637808408,1000.9417
1760637808428,1000.8266
1760637808447,1000.77893
1760637808467,1000.7044
1760637808487,1000.7097
1760637808507,1000.7466
1760637808527,1002.79047
1760637808548,1002.15875
1760637808568,1001.3847
1760637808588,1001.3089
1760637808607,1001.14453
1760637808627,1001.2578
1760637808648,1001.36456
1760637808667,1001.40784
1760637808687,1001.3739
1760637808707,1001.1896
1760637808728,1000.9494
1760637808748,1000.8844
1760637808767,1000.9578
1760637808787,1001.09656
1760637808807,1001.3508
1760637808827,1000.8119
1760637808847,1000.6244
1760637808867,1000.5744
1760637808887,1000.59235
1760637808908,1000.6511
1760637808928,1000.91656
1760637808947,1000.96375
1760637808967,1000.8847
1760637808987,1001.0202
1760637809009,1001.0016
1760637809028,1000.9275
1760637809048,1000.91016
1760637809068,1000.90955
1760637809089,1000.86237
1760637809107,1000.80426
1760637809127,1000.8389
1760637809148,1001.08344
1760637809167,1001.10205
1760637809187,1000.84125
1760637809208,1000.8052
1760637809228,1000.7705
1760637809248,1000.73755
1760637809267,1000.7689
1760637809287,1000.64954
1760637809307,1000.6264
1760637809327,1000.6885
1760637809347,1000.93207
1760637809368,1001.22437
1760637809388,1001.53876
1760637809409,1001.11456
1760637809427,1001.2542
1760637809447,1001.16046
1760637809467,1001.30096
1760637809487,1001.4372
1760637809507,1001.36566
1760637809528,1001.16284
1760637809548,1000.89923
1760637809568,1000.6511
1760637809588,1001.2034
1760637809607,1000.696
1760637809627,1000.72095
1760637809647,1001.0222
1760637809667,1000.80286
1760637809687,1000.8041
1760637809708,1000.635
1760637809728,1000.67596
1760637809748,1000.84515
1760637809768,1000.8591
1760637809787,1000.8205
1760637809807,1000.9392
1760637809828,1000.9603
1760637809847,1000.98175
1760637809868,1000.8733
1760637809888,1000.7635
1760637809908,1000.72144
1760637809927,1000.7669
1760637809947,1000.8447
1760637809967,1000.89624
1760637809987,1000.7581
1760637810007,1000.72705
1760637810028,1000.7521
1760637810048,1000.78876
1760637810068,1000.65533
1760637810088,1000.5764
1760637810107,1000.5969
1760637810127,1000.6316
1760637810147,1000.9308
1760637810168,1001.66504
1760637810187,1001.3144
1760637810217,1001.1558
1760637810228,1000.9431
1760637810248,1000.8224
1760637810269,1000.9481
1760637810287,1001.03894
1760637810308,1000.90015
1760637810327,1000.7499
1760637810347,1000.61066
1760637810367,1000.642
1760637810387,1000.7714
1760637810408,1000.5616
1760637810427,1000.593
1760637810447,1000.67236
1760637810467,1000.67676
1760637810487,1000.92505
1760637810507,1000.73566
1760637810528,1000.8721
1760637810547,1000.81177
1760637810568,1000.7605
1760637810587,1000.7624
1760637810607,1000.78784
1760637810627,1000.8188
1760637810647,1000.893
1760637810668,1000.885
1760637810687,1000.8213
1760637810708,1000.76953
1760637810728,1000.7549
1760637810747,1000.7764
1760637810767,1000.80566
1760637810787,1000.85126
1760637810807,1000.8838
1760637810827,1000.8669
1760637810847,1000.90924
1760637810868,1000.80536
1760637810888,1000.6808
1760637810908,1000.6813
1760637810927,1000.6219
1760637810947,1000.6211
1760637810967,1000.65424
1760637810987,1000.733
1760637811008,1001.0046
1760637811028,1001.4489
1760637811048,1001.16876
1760637811068,1000.8044
1760637811088,1000.92316
1760637811108,1000.92505
1760637811127,1001.09393
1760637811147,1001.16766
1760637811167,1001.04956
1760637811187,1000.8189
1760637811208,1000.60736
1760637811228,1000.695
1760637811247,1000.67285
1760637811267,1000.6505
1760637811287,1000.97473
1760637811308,1000.79095
1760637811327,1000.8953
1760637811347,1000.6752
1760637811368,1000.61426
1760637811389,1000.7081
1760637811408,1000.80426
1760637811427,1000.7786
1760637811447,1000.8458
1760637811467,1000.8942
1760637811487,1000.8919
1760637811507,1000.8746
1760637811528,1000.8619
1760637811548,1000.8027
1760637811568,1000.74347
1760637811587,1000.67395
1760637811607,1000.6974
1760637811627,1000.83923
1760637811647,1000.90894
1760637811667,1000.89703
1760637811687,1000.96173
1760637811707,1000.8752
1760637811728,1000.84143
1760637811747,1000.74
1760637811767,1000.6985
1760637811787,1000.70734
1760637811807,1000.6733
1760637811827,1000.59985
1760637811847,1000.61707
1760637811867,1000.85846
1760637811888,1000.98737
1760637811907,1001.4586
1760637811927,1001.1228
1760637811948,1000.7633
1760637811967,1000.9675
1760637811987,1001.0827
1760637812008,1001.3011
1760637812028,1001.2649
1760637812049,1001.1683
1760637812069,1001.0216
1760637812088,1000.77625
1760637812107,1000.5972
1760637812127,1001.0894
1760637812147,1000.49677
1760637812168,1000.92065
1760637812188,1000.78314
1760637812207,1000.7642
1760637812228,1000.60034
1760637812247,1000.54626
1760637812267,1000.558
1760637812288,1000.7322
1760637812307,1000.8308
1760637812327,1000.90015
1760637812347,1000.875
1760637812368,1000.8361
1760637812388,1000.8196
1760637812407,1000.83844
1760637812427,1000.8675
1760637812447,1000.86646
1760637812467,1000.87036
1760637812487,1000.9525
1760637812507,1000.9058
1760637812527,1000.89874
1760637812548,1000.905
1760637812567,1000.92004
1760637812587,1000.97205
1760637812607,1000.92096
1760637812627,1000.8253
1760637812647,1000.6381
1760637812668,1000.5675
1760637812688,1000.7705
1760637812708,1000.85016
1760637812728,1000.7645
1760637812748,1000.6433
1760637812767,1000.54034
1760637812787,1000.47156
1760637812808,1000.4686
1760637812828,1000.46906
1760637812848,1000.5141
1760637812868,1000.53754
1760637812889,1001.28204
1760637812907,1000.6891
1760637812928,1000.47986
1760637812947,1000.493
1760637812967,1000.5819
1760637812987,1000.79425
1760637813007,1000.7783
1760637813028,1000.7424
1760637813048,1000.68
1760637813068,1000.71924
1760637813089,1000.7469
1760637813107,1000.762
1760637813127,1000.8391
1760637813147,1001.0116
1760637813167,1001.28125
1760637813187,1001.4169
1760637813208,1001.3977
1760637813228,1001.2483
1760637813247,1000.8286
1760637813267,1000.5003
1760637813287,1000.47504
1760637813307,1000.7458
1760637813327,1001.24426
1760637813348,1000.59174
1760637813368,1000.45483
1760637813389,1000.5094
1760637813407,1000.6356
1760637813428,1000.52783
1760637813447,1000.47235
1760637813467,1000.5208
1760637813488,1000.5852
1760637813508,1000.65405
1760637813528,1000.6974
1760637813549,1000.6819
1760637813567,1000.70984
1760637813587,1000.7116
1760637813607,1000.71173
1760637813627,1000.73505
1760637813647,1000.71765
1760637813668,1000.72034
1760637813688,1000.762
1760637813709,1000.92096
1760637813727,1000.99817
1760637813747,1000.98035
1760637813768,1000.8149
1760637813787,1000.6967
1760637813807,1000.78705
1760637813827,1000.89813
1760637813848,1000.8597
1760637813868,1000.7577
1760637813888,1000.60986
1760637813912,1000.593
1760637813927,1000.77313
1760637813947,1000.7416
1760637813967,1000.573
1760637813987,1000.73376
1760637814007,1001.0831
1760637814028,1001.1791
1760637814049,1001.1224
1760637814067,1001.1325
1760637814087,1001.0336
1760637814107,1000.9382
1760637814127,1000.90656
1760637814147,1001.03656
1760637814168,1001.1163
1760637814188,1001.0792
1760637814208,1000.78156
1760637814227,1000.60376
1760637814248,1001.0825
1760637814267,1000.6253
1760637814287,1000.6389
1760637814308,1000.5336
1760637814328,1000.4952
1760637814348,1000.53253
1760637814368,1000.5583
1760637814388,1000.73096
1760637814407,1000.84534
1760637814433,1000.71564
1760637814453,1000.6872
1760637814467,1000.6925
1760637814487,1000.68176
1760637814507,1000.6733
1760637814527,1000.683
1760637814548,1000.6544
1760637814567,1000.66547
1760637814587,1000.67535
1760637814607,1000.6119
1760637814627,1000.6741
1760637814647,1000.698
1760637814667,1000.6391
1760637814688,1000.5052
1760637814708,1000.4861
1760637814727,1000.5147
1760637814747,1000.91895
1760637814767,1001.6277
1760637814787,1001.29956
1760637814808,1001.09064
1760637814828,1000.9442
1760637814848,1000.85004
1760637814868,1000.823
1760637814887,1000.6341
1760637814907,1000.4491
1760637814928,1000.3977
1760637814947,1000.4455
1760637814967,1000.62177
1760637814987,1000.3272
1760637815008,1000.4108
1760637815028,1000.77234
1760637815047,1000.7016
1760637815067,1000.6769
1760637815087,1000.67676
1760637815107,1000.6597
1760637815127,1000.8208
1760637815147,1000.8753
1760637815167,1000.85406
1760637815188,1000.8099
1760637815208,1000.72565
1760637815228,1000.66144
1760637815247,1000.6428
1760637815267,1000.6897
1760637815287,1000.71625
1760637815307,1000.7553
1760637815328,1000.72504
1760637815348,1000.58875
1760637815368,1000.5619
1760637815387,1000.6427
1760637815408,1000.6336
1760637815427,1000.5056
1760637815447,1000.42206
1760637815467,1000.423
1760637815487,1000.4795
1760637815507,1001.0092
1760637815528,1001.4268
1760637815547,1001.3069
1760637815567,1000.78906
1760637815587,1000.768
1760637815607,1000.77734
1760637815627,1000.9994
1760637815648,1001.0169
1760637815667,1000.80536
1760637815688,1000.5919
1760637815707,1000.4492
1760637815727,1000.3738
1760637815748,1000.95844
1760637815768,1000.3139
1760637815787,1000.383
1760637815807,1000.92645
1760637815828,1000.3899
1760637815848,1000.60547
1760637815869,1000.4986
1760637815887,1000.48254
1760637815908,1000.7408
1760637815927,1000.7258
1760637815947,1000.60986
1760637815967,1000.67145
1760637815987,1000.6519
1760637816008,1000.6477
1760637816028,1000.6608
1760637816047,1000.7144
1760637816067,1000.6885
1760637816087,1000.6363
1760637816107,1000.5694
1760637816127,1000.6363
1760637816147,1000.7624
1760637816168,1000.84924
1760637816188,1000.6836
1760637816207,1000.5597
1760637816227,1000.58344
1760637816247,1000.5511
1760637816267,1000.5175
1760637816287,1000.5502
1760637816308,1000.4108
1760637816329,1000.34973
1760637816349,1000.3741
1760637816369,1000.42395
1760637816387,1000.8177
1760637816407,1001.23175
1760637816427,1001.09705
1760637816447,1000.7569
1760637816467,1000.6813
1760637816487,1000.6813
1760637816508,1000.7547
1760637816528,1000.97235
1760637816547,1000.90765
1760637816568,1000.66425
1760637816587,1000.34406
1760637816608,1000.3303
1760637816628,1001.72363
1760637816648,1000.2438
1760637816668,1000.3483
1760637816688,1000.5919
1760637816707,1000.59784
1760637816727,1000.6853
1760637816747,1000.3205
1760637816767,1000.3303
1760637816788,1000.46344
1760637816808,1000.60956
1760637816828,1000.48016
1760637816848,1000.4308
1760637816867,1000.452
1760637816887,1000.5038
1760637816907,1000.47754
1760637816927,1000.4975
1760637816947,1000.4625
1760637816967,1000.4583
1760637816988,1000.42865
1760637817008,1000.47687
1760637817028,1000.58734
1760637817048,1000.6986
1760637817067,1000.7516
1760637817087,1000.86096
1760637817107,1000.6263
1760637817127,1000.5095
1760637817148,1000.6741
1760637817168,1000.61395
1760637817188,1000.4363
1760637817207,1000.34344
1760637817227,1000.34375
1760637817247,1000.35657
1760637817267,1000.4113
1760637817288,1000.43286
1760637817308,1001.4524
1760637817328,1001.23755
1760637817348,1000.6794
1760637817368,1000.696
1760637817388,1000.6436
1760637817407,1000.73706
1760637817427,1000.9533
1760637817447,1001.0408
1760637817467,1000.93176
1760637817487,1000.7536
1760637817508,1000.5794
1760637817527,1000.41504
1760637817547,1000.5666
1760637817567,1000.6255
1760637817587,1000.8858
1760637817607,1000.2844
1760637817627,1000.4722
1760637817649,1000.2661
1760637817668,1000.3052
1760637817688,1000.42737
1760637817707,1000.54645
1760637817727,1000.5753
1760637817747,1000.60425
1760637817767,1000.5724
1760637817787,1000.60284
1760637817808,1000.64
1760637817828,1000.6914
1760637817848,1000.653
1760637817867,1000.66547
1760637817887,1000.60986
1760637817907,1000.5666
1760637817937,1000.48486
1760637817947,1000.4461
1760637817967,1000.59064
1760637817988,1000.6572
1760637818008,1000.65454
1760637818027,1000.47546
1760637818047,1000.47955
1760637818067,1000.58844
1760637818087,1000.54486
1760637818107,1000.4305
1760637818127,1000.333
1760637818148,1000.3305
1760637818168,1000.36536
1760637818188,1000.3975
1760637818208,1000.4911
1760637818228,1000.6942
1760637818248,1000.8171
1760637818269,1000.65643
1760637818288,1000.60394
1760637818308,1000.5692
1760637818328,1000.6044
1760637818348,1000.7091
1760637818367,1000.8753
1760637818387,1001.025
1760637818407,1001.09937
1760637818428,1001.0192
1760637818447,1000.9258
1760637818467,1000.8319
1760637818488,1000.642
1760637818508,1000.4733
1760637818527,1000.625
1760637818547,1000.72424
1760637818567,1000.6741
1760637818587,1000.66595
1760637818607,1000.718
1760637818627,1000.55536
1760637818648,1000.41345
1760637818668,1000.35126
1760637818687,1000.42065
1760637818707,1000.48755
1760637818727,1000.4941
1760637818747,1000.498
1760637818767,1000.4524
1760637818788,1000.4563
1760637818808,1000.53546
1760637818830,1000.5537
1760637818847,1000.528
1760637818868,1000.4991
1760637818888,1000.41705
1760637818907,1000.4392
1760637818927,1000.47205
1760637818948,1000.6239
1760637818967,1000.8208
1760637818988,1000.88745
1760637819008,1000.67596
1760637819027,1000.28644
1760637819047,1000.3267
1760637819067,1000.6408
1760637819087,1000.4983
1760637819108,1000.29504
1760637819128,1000.3011
1760637819148,1000.3231
1760637819168,1000.3782
1760637819188,1001.2555
1760637819207,1000.9922
1760637819227,1000.9963
1760637819247,1000.7441
1760637819267,1000.5789
1760637819288,1000.54987
1760637819308,1000.72986
1760637819328,1000.96533
1760637819348,1000.8884
1760637819367,1000.5769
1760637819389,1000.34143
1760637819407,1000.2649
1760637819427,1000.5194
1760637819447,1000.2741
1760637819467,1000.3791
1760637819488,1000.7802
1760637819507,1000.4308
1760637819527,1000.4327
1760637819547,1000.3605
1760637819567,1000.3149
1760637819587,1000.36597
1760637819607,1000.46924
1760637819628,1000.49316
1760637819649,1000.5013
1760637819668,1000.53986
1760637819687,1000.5383
1760637819707,1000.54004
1760637819727,1000.48505
1760637819747,1000.3997
1760637819767,1000.35156
1760637819788,1000.3408
1760637819808,1000.3669
1760637819828,1000.6555
1760637819847,1000.6894
1760637819867,1000.6372
1760637819888,1000.6239
1760637819908,1000.4275
1760637819928,1000.35425
1760637819947,1000.42566
1760637819968,1000.3858
1760637819988,1000.27234
1760637820007,1000.2711
1760637820027,1000.28735
1760637820047,1000.3216
1760637820068,1000.61456
1760637820087,1000.9216
1760637820107,1001.1314
1760637820128,1000.892
1760637820148,1000.5833
1760637820168,1000.7494
1760637820187,1000.80566
1760637820207,1000.9244
1760637820227,1000.89703
1760637820247,1000.8397
1760637820267,1000.798
1760637820288,1000.77203
1760637820310,1000.69
1760637820329,1000.4005
1760637820347,1000.47644
1760637820367,1000.9308
1760637820388,1000.2981
1760637820407,1000.61145
1760637820428,1000.40594
1760637820448,1000.1533
1760637820468,1000.2139
1760637820488,1000.145
1760637820507,1000.16394
1760637820527,1000.34924
1760637820547,1000.5638
1760637820567,1000.48364
1760637820587,1000.4941
1760637820607,1000.4436
1760637820628,1000.4452
1760637820648,1000.40393
1760637820667,1000.4524
1760637820687,1000.46344
1760637820707,1000.4244
1760637820727,1000.3824
1760637820747,1000.3181
1760637820768,1000.2969
1760637820788,1000.29407
1760637820808,1000.5908
1760637820828,1001.21265
1760637820847,1000.5969
1760637820867,1000.28125
1760637820887,1000.3208
1760637820907,1000.2689
1760637820927,1000.2139
1760637820947,1000.1889
1760637820968,1000.2439
1760637820996,1000.3911
1760637821008,1000.67316
1760637821038,1001.0066
1760637821058,1000.88916
1760637821079,1000.67554
1760637821096,1000.5781
1760637821108,1000.5322
1760637821128,1000.5889
1760637821148,1000.5694
1760637821167,1000.52704
1760637821187,1000.60187
1760637821208,1000.65765
1760637821227,1000.84125
1760637821247,1000.47015
1760637821268,1000.2478
1760637821288,1000.90265
1760637821308,1000.03394
1760637821327,1000.11847
1760637821347,1000.0719
1760637821367,1000.09924
1760637821387,1000.1503
1760637821407,1000.1708
1760637821428,1000.24927
1760637821449,1001.16345
1760637821468,1000.39923
1760637821488,1000.29156
1760637821507,1000.45593
1760637821527,1000.40784
1760637821547,1000.29285
1760637821567,1000.29456
1760637821587,1000.3295
1760637821608,1000.41785
1760637821628,1000.5077
1760637821648,1000.5733
1760637821667,1000.54456
1760637821687,1000.3199
1760637821708,1000.3136
1760637821727,1000.3833
1760637821748,1000.24567
1760637821767,1000.1244
1760637821788,1000.1555
1760637821808,1000.2097
1760637821828,1000.2383
1760637821847,1001.45
1760637821867,1001.57
1760637821887,1000.7463
1760637821908,1000.5665
1760637821928,1000.3796
1760637821948,1000.40125
1760637821968,1000.66956
1760637821987,1000.64624
1760637822007,1000.4394
1760637822027,1000.27954
1760637822047,1000.143
1760637822067,1000.1697
1760637822087,1001.0603
1760637822108,1000.10767
1760637822128,1000.2003
1760637822148,1000.2694
1760637822167,1000.2377
1760637822187,1000.4958
1760637822207,1000.3758
1760637822227,1000.35425
1760637822247,1000.34796
1760637822268,1000.292
1760637822288,1000.2775
1760637822309,1000.3124
1760637822327,1000.3144
1760637822348,1000.3136
1760637822367,1000.3761
1760637822388,1000.3233
1760637822408,1000.3194
1760637822428,1000.2683
1760637822449,1000.2661
1760637822468,1000.3161
1760637822487,1000.4375
1760637822507,1000.54956
1760637822527,1000.423
1760637822547,1000.34766
1760637822567,1000.403
1760637822587,1000.3063
1760637822608,1000.22784
1760637822629,1000.211
1760637822647,1000.2033
1760637822669,1000.18243
1760637822687,1000.2586
1760637822708,1000.4577
1760637822727,1000.79016
1760637822748,1000.8066
1760637822768,1000.54236
1760637822788,1000.55237
1760637822808,1000.5432
1760637822827,1000.60266
1760637822847,1000.7425
1760637822867,1000.7358
1760637822887,1000.5674
1760637822908,1000.35876
1760637822928,1000.215
1760637822948,1000.273
1760637822968,1000.43066
1760637822987,1000.23926
1760637823007,1000.5447
1760637823027,1000.3544
1760637823047,1000.3831
1760637823067,1000.1594
1760637823087,1000.11676
1760637823108,1000.197
1760637823129,1000.27124
1760637823147,1000.371
1760637823167,1000.39624
1760637823187,1000.3771
1760637823207,1000.40875
1760637823227,1000.3797
1760637823247,1000.3641
1760637823268,1000.3217
1760637823288,1000.3214
1760637823308,1000.2822
1760637823328,1000.3019
1760637823347,1000.387
1760637823367,1000.3913
1760637823387,1000.41675
1760637823407,1000.34064
1760637823428,1000.28845
1760637823448,1000.2769
1760637823468,1000.2158
1760637823487,1000.1933
1760637823507,1000.1361
1760637823527,1000.1255
1760637823547,1000.1272
1760637823567,1000.3291
1760637823588,1000.6819
1760637823608,1000.893
1760637823628,1000.5632
1760637823647,1000.2033
1760637823667,1000.4497
1760637823687,1000.4602
1760637823707,1000.60547
1760637823727,1000.5699
1760637823748,1000.41144
1760637823767,1000.256
1760637823788,1000.11536
1760637823807,1000.11816
1760637823827,1000.5058
1760637823847,1000.1283
1760637823867,1000.24097
1760637823887,1000.30096
1760637823909,1000.47034
1760637823928,1000.27203
1760637823948,1000.16144
1760637823968,1000.14984
1760637823988,1000.17706
1760637824007,1000.2586
1760637824027,1000.30707
1760637824047,1000.36145
1760637824067,1000.3989
1760637824088,1000.35406
1760637824108,1000.3197
1760637824128,1000.30676
1760637824147,1000.2344
1760637824167,1000.16034
1760637824187,1000.17285
1760637824207,1000.2369
1760637824227,1000.33344
1760637824248,1000.39813
1760637824268,1000.4955
1760637824288,1000.34766
1760637824307,1000.4514
1760637824327,1000.3782
1760637824347,1000.2653
1760637824368,1000.16815
1760637824387,1000.0663
1760637824407,1000.03876
1760637824428,1000.08673
1760637824448,1000.1344
1760637824468,1000.71515
1760637824487,1001.17285
1760637824507,1000.8909
1760637824527,1000.5074
1760637824548,1000.3572
1760637824568,1000.42395
1760637824588,1000.7466
1760637824608,1000.78516
1760637824628,1000.64606
1760637824647,1000.41907
1760637824667,1000.1822
1760637824687,1000.0253
1760637824707,1000.316
1760637824727,1000.2319
1760637824748,1000.6836
1760637824768,1000.29626
1760637824788,999.9966
1760637824807,999.9456
1760637824827,999.9438
1760637824847,999.97797
1760637824867,1000.1152
1760637824887,1000.2416
1760637824908,1000.2583
1760637824928,1000.3178
1760637824948,1000.37
1760637824967,1000.30536
1760637824987,1000.27594
1760637825007,1000.3142
1760637825028,1000.2705
1760637825047,1000.23596
1760637825068,1000.2133
1760637825088,1000.2039
1760637825108,1000.2516
1760637825127,1000.263
1760637825147,1000.2072
1760637825167,1000.22644
1760637825187,1000.27625
1760637825208,1000.23535
1760637825227,1000.0599
1760637825248,1000.0192
1760637825268,1000.0211
1760637825288,999.98645
1760637825307,1000.0214
1760637825327,1000.126
1760637825347,1000.2753
1760637825367,1000.4524
1760637825387,1000.5583
1760637825408,1000.4069
1760637825428,1000.2631
1760637825448,1000.3303
1760637825467,1000.48285
1760637825487,1000.68176
1760637825507,1000.6244
1760637825527,1000.4572
1760637825547,1000.28455
1760637825568,1000.0969
1760637825588,1000.09094
1760637825608,1000.2197
1760637825627,1000.0444
1760637825647,1000.17737
1760637825667,1000.1814
1760637825687,1000.2983
1760637825707,1000.1583
1760637825727,1000.0783
1760637825748,1000.04767
1760637825768,1000.05707
1760637825787,1000.14
1760637825807,1000.148
1760637825827,1000.17255
1760637825847,1000.2524
1760637825867,1000.3008
1760637825888,1000.2986
1760637825908,1000.29877
1760637825928,1000.28973
1760637825949,1000.2394
1760637825967,1000.23816
1760637825987,1000.24677
1760637826007,1000.2319
1760637826027,1000.2056
1760637826047,1000.2719
1760637826069,1000.2463
1760637826088,1000.18317
1760637826108,1000.1877
1760637826128,1000.2753
1760637826147,1000.1911
1760637826167,1000.1303
1760637826187,1000.0919
1760637826207,1000.04065
1760637826228,1000.011
1760637826248,1000.03894
1760637826268,1000.27875
1760637826287,1000.39984
1760637826307,1000.33484
1760637826327,1000.5336
1760637826347,1000.3778
1760637826368,1000.2055
1760637826387,1000.36926
1760637826408,1000.4494
1760637826428,1000.5749
1760637826448,1000.5215
1760637826467,1000.2797
1760637826487,1000.025
1760637826507,1000.03094
1760637826527,1000.3047
1760637826547,1000.2078
1760637826568,999.9988
1760637826588,1000.2591
1760637826608,1000.11035
1760637826627,1000.0208
1760637826647,999.98206
1760637826667,1000.01917
1760637826687,1000.15485
1760637826708,1000.15674
1760637826728,1000.2634
1760637826748,1000.31177
1760637826768,1000.3171
1760637826788,1000.28906
1760637826807,1000.35736
1760637826827,1000.3342
1760637826847,1000.27423
1760637826868,1000.2772
1760637826888,1000.22345
1760637826908,1000.1422
1760637826928,1000.15765
1760637826947,1000.42816
1760637826967,1000.4506
1760637826987,1000.2605
1760637827007,1000.0735
1760637827027,999.97955
1760637827047,1000.10297
1760637827068,1000.09625
1760637827088,999.96893
1760637827108,999.92706
1760637827127,999.90314
1760637827147,999.89984
1760637827167,999.91187
1760637827187,999.9655
1760637827208,1000.937
1760637827228,1000.41034
1760637827249,1000.09814
1760637827268,1000.1889
1760637827288,1000.2741
1760637827307,1000.2419
1760637827329,1000.2552
1760637827347,1000.21704
1760637827368,1000.16046
1760637827388,1000.1375
1760637827408,1000.148
1760637827428,1000.24286
1760637827448,1000.4436
1760637827469,1000.96375
1760637827487,1000.5894
1760637827507,1000.05096
1760637827527,999.92004
1760637827547,999.9355
1760637827567,999.9339
1760637827588,1000.6991
1760637827607,1000.83844
1760637827627,1000.2161
1760637827647,999.827
1760637827667,999.85156
1760637827687,999.84796
1760637827707,999.8764
1760637827728,999.90314
1760637827748,999.9047
1760637827768,1000.5502
1760637827787,1000.3044
1760637827807,1000.1464
1760637827827,1000.0285
1760637827847,999.98505
1760637827867,1000.1163
1760637827887,1000.3297
1760637827907,1000.65784
1760637827928,1000.5716
1760637827947,1000.39484
1760637827967,1000.22644
1760637827987,1000.14624
1760637828007,1000.4396
1760637828027,1000.3867
1760637828047,1000.1505
1760637828067,1000.0696
1760637828088,999.9578
1760637828107,999.9683
1760637828127,1000.2666
1760637828147,1000.54486
1760637828167,1000.66187
1760637828187,1000.5069
1760637828208,1000.40485
1760637828228,1000.35016
1760637828248,1000.3608
1760637828267,1000.47955
1760637828287,1000.55743
1760637828307,1000.578
1760637828327,1000.3872
1760637828347,1000.2372
1760637828368,1000.14923
1760637828388,1000.1988
1760637828410,1000.9911
1760637828428,999.72687
1760637828447,1000.40283
1760637828467,999.74426
1760637828487,999.756
1760637828507,999.7611
1760637828527,999.8133
1760637828547,1000.0061
1760637828568,1000.34204
1760637828588,1000.16626
1760637828607,1000.0839
1760637828627,1000.04205
1760637828647,999.9972
1760637828667,1000.0713
1760637828687,1000.0602
1760637828707,1000.0202
1760637828728,1000.05005
1760637828748,1000.16864
1760637828767,1000.2449
1760637828787,1000.2658
1760637828807,1000.0811
1760637828827,1000.0074
1760637828847,1000.04016
1760637828867,999.9683
1760637828888,999.8292
1760637828908,999.8072
1760637828928,999.85223
1760637828947,999.91736
1760637828967,1000.5919
1760637828987,1000.59674
1760637829007,1000.5633
1760637829027,1000.2081
1760637829047,1000.1375
1760637829068,1000.1253
1760637829088,1000.3266
1760637829107,1000.3178
1760637829127,1000.1716
1760637829147,999.97845
1760637829168,999.8705
1760637829187,999.83813
1760637829207,1000.923
1760637829228,999.77344
1760637829248,999.90015
1760637829267,1000.10236
1760637829287,999.8722
1760637829307,999.9869
1760637829327,999.8683
1760637829347,1000.0217
1760637829368,1000.0348
1760637829388,1000.0502
1760637829408,1000.1381
1760637829427,1000.1235
1760637829448,1000.1472
1760637829469,1000.2105
1760637829487,1000.1519
1760637829507,1000.09155
1760637829527,1000.0074
1760637829548,1000.0184
1760637829568,1000.1285
1760637829587,1000.28156
1760637829607,1000.15704
1760637829627,1000.04144
1760637829648,1000.1119
1760637829667,1000.0716
1760637829687,1000.0253
1760637829708,999.91534
1760637829728,999.8083
1760637829748,999.83765
1760637829767,999.8806
1760637829787,1000.5308
1760637829807,1000.762
1760637829827,1000.6169
1760637829847,1000.10376
1760637829867,1000.1827
1760637829888,1000.1456
1760637829908,1000.3511
1760637829927,1000.4955
1760637829948,1000.4506
1760637829967,1000.24
1760637829987,999.9495
1760637830007,999.8038
1760637830027,999.8739
1760637830048,1000.3683
1760637830068,999.78925
1760637830087,1000.2736
1760637830107,999.8972
1760637830127,1000.09985
1760637830147,999.965
1760637830167,999.8333
1760637830187,999.8155
1760637830208,999.9411
1760637830228,1000.0156
1760637830248,999.9491
1760637830267,999.9369
1760637830287,999.9647
1760637830307,999.99176
1760637830327,1000.02924
1760637830347,1000.04987
1760637830368,1000.03534
1760637830388,1000.04004
1760637830408,1000.03986
1760637830427,1000.1136
1760637830448,1000.15735
1760637830467,1000.0944
1760637830487,999.92957
1760637830507,999.91223
1760637830527,1000.0516
1760637830548,999.97565
1760637830568,999.8627
1760637830587,999.8157
1760637830607,999.79785
1760637830627,999.85486
1760637830647,1000.058
1760637830667,1000.20593
1760637830687,1000.7521
1760637830707,1000.4386
1760637830728,1000.12036
1760637830747,1000.0802
1760637830767,1000.1241
1760637830787,1000.36957
1760637830807,1000.41046
1760637830827,1000.17847
1760637830848,999.92175
1760637830868,999.77783
1760637830888,1000.1339
1760637830908,999.8333
1760637830927,999.7986
1760637830947,1000.2461
1760637830967,999.9392
1760637830987,1000.15344
1760637831007,999.9369
1760637831028,999.91125
1760637831048,999.96265
1760637831068,999.96423
1760637831087,999.9683
1760637831107,1000.0603
1760637831127,1000.0764
1760637831147,1000.03485
1760637831167,1000.0735
1760637831188,1000.09094
1760637831208,999.97723
1760637831228,999.9363
1760637831247,999.92676
1760637831267,999.9036
1760637831287,1000.17255
1760637831307,1000.15515
1760637831327,999.9977
1760637831348,1000.0694
1760637831368,1000.08954
1760637831388,999.928
1760637831407,999.871
1760637831427,999.8086
1760637831447,999.8055
1760637831467,999.8391
1760637831487,999.92004
1760637831507,1000.465
1760637831527,1000.49066
1760637831548,1000.3802
1760637831568,1000.1364
1760637831587,1000.0752
1760637831607,1000.14923
1760637831627,1000.41736
1760637831647,1000.55005
1760637831668,1000.2819
1760637831687,1000.0624
1760637831708,999.92645
1760637831728,999.8103
1760637831747,1000.15375
1760637831767,999.84595
1760637831787,1000.0761
1760637831807,1000.29236
1760637831827,1000.1958
1760637831848,999.8917
1760637831868,999.79755
1760637831888,999.79645
1760637831907,999.887
1760637831928,1000.04236
1760637831948,999.9969
1760637831968,1000.0113
1760637831987,1000.09283
1760637832007,1000.08563
1760637832027,1000.04486
1760637832048,1000.0919
1760637832067,1000.09644
1760637832087,1000.0125
1760637832107,1000.0175
1760637832128,1000.03253
1760637832147,1000.1733
1760637832167,1000.17737
1760637832188,1000.01843
1760637832208,999.92645
1760637832228,999.9497
1760637832247,1000.0014
1760637832267,999.9033
1760637832287,999.8211
1760637832307,999.8205
1760637832327,999.8211
1760637832348,999.85754
1760637832369,1000.2592
1760637832388,1000.35846
1760637832407,1000.60925
1760637832428,1000.3652
1760637832447,1000.0091
1760637832468,1000.0563
1760637832487,1000.11707
1760637832507,1000.2819
1760637832527,1000.2649
1760637832548,999.9963
1760637832567,999.78
1760637832587,999.805
1760637832607,1000.35016
1760637832627,999.7422
1760637832647,999.8181
1760637832668,1000.1267
1760637832687,1000.0691
1760637832708,999.97797
1760637832727,999.8005
1760637832747,999.79047
1760637832767,999.90564
1760637832787,999.92786
1760637832807,999.97845
1760637832828,1000.08984
1760637832848,1000.0789
1760637832868,1000.0497
1760637832888,1000.04755
1760637832907,999.98236
1760637832928,999.9456
1760637832947,999.8842
1760637832967,999.92267
1760637832987,1000.10767
1760637833008,1000.1931
1760637833028,1000.11346
1760637833048,999.9602
1760637833067,999.8919
1760637833088,999.91534
1760637833108,999.87036
1760637833127,999.8205
1760637833148,999.7666
1760637833168,999.7661
1760637833188,999.7945
1760637833208,999.8433
1760637833227,1000.3102
1760637833247,1000.3909
1760637833267,1000.55005
1760637833287,1000.22516
1760637833307,1000.02814
1760637833328,1000.09796
1760637833349,1000.2397
1760637833369,1000.47314
1760637833388,1000.3955
1760637833407,1000.1216
1760637833428,999.85004
1760637833447,999.743
1760637833468,999.9241
1760637833488,999.9513
1760637833507,999.7983
1760637833527,1000.2361
1760637833548,999.8197
1760637833567,999.868
1760637833587,999.78986
1760637833607,999.8292
1760637833627,999.948
1760637833647,999.97504
1760637833668,999.9433
1760637833688,1000.0516
1760637833708,1000.08765
1760637833727,1000.072
1760637833747,1000.10205
1760637833767,1000.0778
1760637833787,999.9958
1760637833807,999.97015
1760637833827,999.9844
1760637833848,1000.40063
1760637833868,1000.44
1760637833887,1000.29706
1760637833907,1000.27484
1760637833927,1000.2592
1760637833948,1000.10144
1760637833968,999.91907
1760637833988,999.7574
1760637834007,999.7589
1760637834028,999.8647
1760637834047,999.9481
1760637834067,999.86035
1760637834087,999.8166
1760637834107,999.685
1760637834127,999.6802
1760637834147,999.7114
1760637834167,999.6991
1760637834187,999.73676
1760637834208,1000.74567
1760637834227,1000.16656
1760637834247,999.9414
1760637834267,999.8372
1760637834287,1000.02985
1760637834307,1000.07983
1760637834327,999.97656
1760637834348,1000.0089
1760637834368,1000.0505
1760637834387,1000.0635
1760637834408,1000.09937
1760637834427,1000.1402
1760637834447,1000.45953
1760637834468,1000.0555
1760637834491,999.6533
1760637834507,999.7647
1760637834528,1000.2672
1760637834547,1001.23737
1760637834567,999.6238
1760637834587,999.5639
1760637834607,999.593
1760637834627,999.66174
1760637834647,999.68097
1760637834668,999.71765
1760637834688,999.7386
1760637834707,1000.2175
1760637834727,999.97455
1760637834747,999.84534
1760637834767,999.78845
1760637834787,999.78864
1760637834807,999.8861
1760637834827,1000.1797
1760637834848,1000.3755
1760637834868,1000.3052
1760637834887,1000.28815
1760637834908,1000.0145
1760637834927,999.7822
1760637834947,999.74176
1760637834968,999.67145
1760637834988,999.6428
1760637835008,999.67255
1760637835028,999.6907
1760637835047,999.71423
1760637835067,999.7533
1760637835087,1000.03094
1760637835107,1000.0667
1760637835127,1000.10657
1760637835147,1000.1188
1760637835168,1000.0071
1760637835188,999.87067
1760637835207,999.8942
1760637835227,999.98566
1760637835247,1000.21906
1760637835267,1000.27954
1760637835292,1000.1225
1760637835307,999.9511
1760637835327,999.85785
1760637835348,999.84753
1760637835368,999.8769
1760637835387,1000.17505
1760637835408,999.85034
1760637835427,999.99066
1760637835447,999.7659
1760637835468,999.7525
1760637835488,999.7597
1760637835507,999.8077
1760637835528,999.86566
1760637835547,999.9033
1760637835567,999.9399
1760637835587,999.9578
1760637835607,1000.02344
1760637835627,1000.04736
1760637835647,1000.0155
1760637835668,1000.0155
1760637835688,999.97925
1760637835707,999.9241
1760637835727,999.8608
1760637835747,999.8558
1760637835767,999.955
1760637835787,1000.0167
1760637835807,999.9158
1760637835828,999.8836
1760637835848,999.947
1760637835867,999.82
1760637835887,999.7344
1760637835907,999.66846
1760637835927,999.67206
1760637835947,999.6981
1760637835968,999.7333
1760637835988,1000.3103
1760637836008,1000.2652
1760637836028,1000.29364
1760637836047,1000.04407
1760637836067,999.86206
1760637836087,999.97955
1760637836108,1000.1306
1760637836128,1000.30927
1760637836147,1000.2533
1760637836169,1000.0247
1760637836189,999.8408
1760637836208,999.69
1760637836227,999.70953
1760637836248,999.71906
1760637836267,999.73016
1760637836287,999.91394
1760637836308,999.85675
1760637836329,999.73676
1760637836350,999.6977
1760637836367,999.68677
1760637836387,999.7538
1760637836407,999.8867
1760637836427,999.85144
1760637836448,999.8139
1760637836468,999.8752
1760637836488,999.8838
1760637836508,999.8811
1760637836527,999.90454
1760637836547,999.8697
1760637836567,999.84674
1760637836587,999.8146
1760637836607,999.8261
1760637836627,999.92346
1760637836648,1000.0238
1760637836668,1000.0255
1760637836688,999.9047
1760637836707,999.813
1760637836727,999.8197
1760637836747,999.77875
1760637836767,999.6953
1760637836787,999.67126
1760637836807,999.65704
1760637836828,999.6754
1760637836849,999.72974
1760637836867,1000.1044
1760637836887,999.9555
1760637836908,1000.22845
1760637836927,1000.0599
1760637836948,999.9286
1760637836968,999.96375
1760637836988,1000.0933
1760637837008,1000.2458
1760637837027,1000.2966
1760637837047,1000.16296
1760637837067,999.92535
1760637837087,999.72125
1760637837107,999.6456
1760637837127,999.9322
1760637837148,999.7677
1760637837168,999.6953
1760637837187,999.84894
1760637837207,999.8233
1760637837227,999.7656
1760637837247,999.697
1760637837267,999.7283
1760637837287,999.7611
1760637837307,999.74567
1760637837328,999.73254
1760637837348,999.8111
1760637837367,999.8394
1760637837387,999.8281
1760637837408,999.8512
1760637837427,999.8055
1760637837448,999.7647
1760637837468,999.73486
1760637837488,999.7486
1760637837508,999.79755
1760637837527,999.9888
1760637837547,1000.0061
1760637837567,999.8821
1760637837587,999.7471
1760637837607,999.79614
1760637837627,999.77814
1760637837648,999.67267
1760637837668,999.6489
1760637837687,999.61346
1760637837707,999.6069
1760637837727,999.6361
1760637837747,999.71704
1760637837768,1000.2766
1760637837788,1000.03815
1760637837808,1000.16425
1760637837828,999.8824
1760637837847,999.8738
1760637837868,999.8861
1760637837887,1000.09265
1760637837907,1000.2661
1760637837928,1000.16504
1760637837948,999.9988
1760637837968,999.79785
1760637837988,999.5891
1760637838008,1000.0663
1760637838027,999.6875
1760637838047,1000.0866
1760637838067,1000.0002
1760637838087,999.7566
1760637838108,999.6174
1760637838127,999.5525
1760637838148,999.55676
1760637838168,999.61346
1760637838187,999.65735
1760637838208,999.70703
1760637838228,999.7677
1760637838247,999.78894
1760637838269,999.79877
1760637838288,999.84625
1760637838308,999.8783
1760637838328,999.90283
1760637838347,999.85504
1760637838367,999.8139
1760637838387,999.7883
1760637838407,999.74066
1760637838428,999.72876
1760637838448,999.7672
1760637838468,999.8405
1760637838488,999.8746
1760637838508,999.7614
1760637838527,999.58594
1760637838547,999.68427
1760637838567,999.8622
1760637838587,999.80676
1760637838607,999.6467
1760637838628,999.53064
1760637838648,999.54675
1760637838668,999.55817
1760637838687,999.60297
1760637838707,1000.68286
1760637838727,1000.52203
1760637838747,1000.03516
1760637838767,999.72546
1760637838788,999.73035
1760637838808,999.71674
1760637838828,999.78815
1760637838848,999.84796
1760637838867,999.67236
1760637838887,999.5177
1760637838907,999.5074
1760637838928,1000.0175
1760637838948,999.5021
1760637838968,999.5777
1760637838988,999.688
1760637839007,999.78687
1760637839027,999.79535
1760637839047,999.5759
1760637839067,999.8181
1760637839087,999.7675
1760637839107,999.73486
1760637839127,999.7147
1760637839148,999.74146
1760637839167,999.7656
1760637839188,999.7333
1760637839207,999.7528
1760637839227,999.686
1760637839247,999.65393
1760637839267,999.61237
1760637839287,999.6258
1760637839308,1000.0139
1760637839328,999.8247
1760637839347,999.66925
1760637839368,999.7218
1760637839387,999.7144
1760637839407,999.6844
1760637839428,999.6409
1760637839448,999.5067
1760637839469,999.5103
1760637839488,999.53015
1760637839508,999.5652
1760637839527,999.8252
1760637839547,1000.4539
1760637839568,1000.24036
1760637839587,999.6991
1760637839607,999.7386
1760637839628,999.66516
1760637839648,999.73596
1760637839667,999.8891
1760637839687,999.87427
1760637839708,999.60095
1760637839727,999.46643
1760637839747,999.48236
1760637839769,999.68317
1760637839788,999.47894
1760637839808,999.84766
1760637839827,999.58374
1760637839847,1000.1364
1760637839867,999.65375
1760637839888,999.59564
1760637839908,999.6999
1760637839927,999.7452
1760637839948,999.6931
1760637839968,999.7052
1760637839989,999.77625
1760637840009,999.7532
1760637840027,999.7811
1760637840047,999.8167
1760637840067,999.7558
1760637840087,999.7044
1760637840108,999.6999
1760637840128,999.72614
1760637840148,999.7469
1760637840167,999.73047
1760637840187,999.78204
1760637840207,999.7469
1760637840227,999.6967
1760637840247,999.703
1760637840267,999.71533
1760637840288,999.6947
1760637840308,999.72144
1760637840327,999.59235
1760637840347,999.5125
1760637840368,999.4971
1760637840388,999.6377
1760637840408,999.78455
1760637840428,999.96204
1760637840448,1000.17676
1760637840468,999.7342
1760637840487,999.7691
1760637840507,999.79047
1760637840527,999.881
1760637840547,1000.04736
1760637840567,1000.04425
1760637840588,999.9444
1760637840608,999.745
1760637840628,999.5152
1760637840648,999.70605
1760637840668,999.8852
1760637840687,999.6244
1760637840707,999.8942
1760637840727,999.8119
1760637840747,999.7525
1760637840767,999.4478
1760637840788,999.48175
1760637840808,999.47064
1760637840827,999.4908
1760637840847,999.5764
1760637840868,999.5641
1760637840887,999.61926
1760637840907,999.66156
1760637840928,999.73566
1760637840948,999.7469
1760637840969,999.70874
1760637840987,999.70734
1760637841007,999.8132
1760637841027,999.8283
1760637841047,999.7966
1760637841067,999.80145
1760637841087,999.73285
1760637841107,999.6935
1760637841128,999.6402
1760637841147,999.65564
1760637841167,999.7475
1760637841187,999.7677
1760637841207,999.8683
