1760639989069,999.7344
1760639989089,999.73126
1760639989109,999.77734
1760639989130,999.8089
1760639989149,999.8933
1760639989168,999.8849
1760639989189,999.80096
1760639989208,999.76843
1760639989229,999.85345
1760639989249,999.8796
1760639989269,999.86066
1760639989289,999.89215
1760639989309,999.8608
1760639989330,999.86957
1760639989350,999.8174
1760639989369,999.92145
1760639989389,999.7047
1760639989408,999.2994
1760639989429,999.29895
1760639989453,999.3369
1760639989469,999.3364
1760639989489,1001.04175
1760639989508,999.8716
1760639989528,999.35126
1760639989548,999.5825
1760639989569,999.6997
1760639989589,999.9978
1760639989609,999.871
1760639989629,999.5813
1760639989649,999.53656
1760639989668,999.48395
1760639989689,999.571
1760639989709,999.80005
1760639989729,999.9108
1760639989749,999.7522
1760639989769,999.54614
1760639989789,999.61646
1760639989809,999.9575
1760639989828,999.7702
1760639989848,999.7361
1760639989868,999.80005
1760639989888,1000.203
1760639989908,1000.2508
1760639989929,1000.3958
1760639989949,999.7716
1760639989969,999.6969
1760639989989,1000.04407
1760639990008,1000.1949
1760639990028,1000.0719
1760639990049,999.79614
1760639990069,999.6377
1760639990089,999.53864
1760639990109,999.5667
1760639990129,999.58954
1760639990150,999.53894
1760639990168,999.48785
1760639990189,999.5025
1760639990209,999.5255
1760639990229,999.5657
1760639990249,999.59155
1760639990270,999.46515
1760639990289,999.73206
1760639990309,999.653
1760639990328,999.9999
1760639990348,999.58203
1760639990369,999.5742
1760639990389,999.79114
1760639990409,999.7658
1760639990429,999.4549
1760639990449,999.2219
1760639990469,999.7125
1760639990488,999.9333
1760639990509,999.3791
1760639990529,999.9547
1760639990548,999.85504
1760639990569,999.843
1760639990589,999.78143
1760639990609,999.66254
1760639990629,999.47174
1760639990650,999.41437
1760639990669,999.4563
1760639990690,999.53015
1760639990709,999.6822
1760639990729,999.7883
1760639990750,999.5671
1760639990769,999.4661
1760639990789,999.59265
1760639990809,999.5894
1760639990828,999.47095
1760639990849,999.53174
1760639990868,999.8366
1760639990888,999.96063
1760639990909,999.78143
1760639990929,999.60095
1760639990949,999.8772
1760639990970,999.843
1760639990989,999.7608
1760639991009,999.83954
1760639991029,1000.0269
1760639991049,999.8361
1760639991069,999.66785
1760639991090,999.67065
1760639991109,999.7822
1760639991130,999.71124
1760639991148,999.5716
1760639991169,999.48035
1760639991189,999.4467
1760639991209,999.40564
1760639991229,999.42145
1760639991250,999.447
1760639991269,999.41565
1760639991291,999.41296
1760639991309,999.4313
1760639991329,1000.1461
1760639991349,999.8689
1760639991369,999.71735
1760639991389,999.5183
1760639991409,999.5319
1760639991429,999.48157
1760639991449,999.518
1760639991468,999.2683
1760639991489,999.33093
1760639991509,1000.0483
1760639991529,999.27344
1760639991549,999.3277
1760639991569,999.48254
1760639991590,999.5133
1760639991616,999.6788
1760639991629,999.66034
1760639991655,999.6354
1760639991675,999.5226
1760639991702,999.4828
1760639991715,999.4421
1760639991739,999.43427
1760639991755,999.472
1760639991790,999.5493
1760639991827,999.78516
1760639991849,999.6381
1760639991889,999.55054
1760639991929,999.97974
1760639991968,1000.05566
1760639992008,999.8608
1760639992048,1000.0779
1760639992089,999.75146
1760639992128,999.8016
1760639992168,999.7696
1760639992208,999.6721
1760639992249,999.55237
1760639992289,999.4473
1760639992329,999.388
1760639992369,1000.11584
1760639992409,999.9158
1760639992450,999.73804
1760639992489,999.47925
1760639992529,999.99524
1760639992569,999.4282
1760639992609,999.9033
1760639992649,999.6195
1760639992690,999.56995
1760639992729,999.59265
1760639992770,999.53815
1760639992809,999.5516
1760639992849,999.5572
1760639992889,999.54846
1760639992930,999.57385
1760639992969,999.9007
1760639993009,999.76
1760639993049,1000.2195
1760639993089,999.7443
1760639993129,999.74646
1760639993169,999.6894
1760639993209,999.8355
1760639993249,1000.09045
1760639993289,1000.08203
1760639993329,999.76086
1760639993369,999.542
1760639993409,999.42664
1760639993449,999.42303
1760639993489,1000.1288
1760639993530,1000.1754
1760639993569,999.56555
1760639993608,999.443
1760639993648,1000.2396
1760639993689,999.61536
1760639993730,1000.10046
1760639993769,999.52277
1760639993809,999.42615
1760639993849,999.51013
1760639993889,999.7036
1760639993929,999.66016
1760639993969,999.4573
1760639994009,999.50073
1760639994049,999.6909
1760639994089,999.8041
1760639994129,999.58887
1760639994168,1000.0626
1760639994210,999.793
1760639994251,1000.1101
1760639994289,999.89056
1760639994329,1000.0831
1760639994369,999.91296
1760639994411,999.87085
1760639994449,999.76624
1760639994489,999.6513
1760639994529,999.588
1760639994569,999.5543
1760639994609,999.65125
1760639994649,999.98486
1760639994689,999.92114
1760639994729,1000.03625
1760639994769,999.6607
1760639994809,999.54974
1760639994849,999.59656
1760639994890,999.65234
1760639994929,999.6676
1760639994969,999.6935
1760639995009,999.69415
1760639995050,999.5355
1760639995089,999.5284
1760639995129,999.6616
1760639995169,999.662
1760639995210,999.7875
1760639995249,999.7865
1760639995289,1000.19116
1760639995329,999.9358
1760639995369,999.8173
1760639995409,1000.10974
1760639995449,1000.0108
1760639995489,1000.10547
1760639995529,999.9332
1760639995570,999.71185
1760639995609,999.68945
1760639995649,999.5746
1760639995689,999.6195
1760639995731,1000.4142
1760639995769,999.9346
1760639995809,999.52563
1760639995849,999.7319
1760639995890,999.82947
1760639995929,999.82874
1760639995969,999.9579
1760639996009,999.8819
1760639996050,999.6621
1760639996089,999.5686
1760639996129,999.5774
1760639996169,999.7196
1760639996209,999.8993
1760639996249,999.7648
1760639996289,999.8096
1760639996329,1000.1129
1760639996370,999.99023
1760639996409,1000.1705
1760639996449,999.8335
1760639996489,1000.4014
1760639996530,999.9593
1760639996568,999.84485
1760639996609,999.8165
1760639996649,999.761
1760639996689,999.7455
1760639996729,999.73816
1760639996769,1001.08936
1760639996809,1000.42114
1760639996850,999.7069
1760639996889,999.79755
1760639996929,999.51056
1760639996969,999.4773
1760639997010,999.56726
1760639997051,1000.0852
1760639997089,999.7772
1760639997129,999.5771
1760639997169,999.60205
1760639997210,1000.0734
1760639997249,1000.11316
1760639997289,999.70276
1760639997329,999.7646
1760639997370,1000.19507
1760639997409,999.7813
1760639997450,1000.0599
1760639997490,999.8401
1760639997530,999.5537
1760639997569,1000.1371
1760639997608,1000.01575
1760639997649,999.84784
1760639997690,999.8406
1760639997729,999.8966
1760639997769,1000.07495
1760639997809,1000.50995
1760639997849,1000.1311
1760639997890,999.84314
1760639997929,999.7293
1760639997969,999.58307
1760639998009,999.51385
1760639998049,999.90485
1760639998088,999.9678
1760639998129,999.9097
1760639998169,999.901
1760639998209,999.8762
1760639998248,999.8146
1760639998288,999.9662
1760639998329,999.86774
1760639998369,1000.0732
1760639998409,1000.2051
1760639998449,999.97485
1760639998489,1000.2915
1760639998531,1000.145
1760639998569,1000.1186
1760639998610,1000.12964
1760639998649,999.77344
1760639998690,999.7151
1760639998729,999.7325
1760639998769,999.7127
1760639998809,999.69714
1760639998850,999.9116
1760639998890,1000.0151
1760639998928,1000.1764
1760639998969,999.6872
1760639999009,1000.16785
1760639999049,999.5956
1760639999088,1000.10254
1760639999129,999.9115
1760639999169,999.85284
1760639999209,1000.0119
1760639999248,999.7212
1760639999289,1000.07184
1760639999329,999.85767
1760639999369,1000.0653
1760639999409,1000.21045
1760639999449,999.80115
1760639999490,1000.00867
1760639999529,1000.18677
1760639999569,1000.02783
1760639999610,999.86957
1760639999650,999.92944
1760639999689,999.81555
1760639999729,999.7817
1760639999769,999.6703
1760639999810,999.68066
1760639999849,1000.2783
1760639999888,1000.1184
1760639999928,999.8661
1760639999969,999.55493
1760640000008,1000.35895
1760640000048,1000.0235
1760640000089,999.7364
1760640000129,999.6814
1760640000169,999.8419
1760640000209,999.8806
1760640000249,999.8509
1760640000290,1000.02014
1760640000330,999.88556
1760640000370,999.66516
1760640000409,999.81726
1760640000449,1000.04785
1760640000489,1000.36035
1760640000529,999.96594
1760640000569,1000.00183
1760640000609,999.9684
1760640000649,1000.12854
1760640000689,1000.03156
1760640000729,1000.0415
1760640000774,999.9227
1760640000809,999.8001
1760640000849,999.6582
1760640000889,999.75757
1760640000929,1000.41223
1760640000969,1000.0669
1760640001009,999.84106
1760640001048,999.78827
1760640001088,1000.55865
1760640001129,999.80286
1760640001168,999.76965
1760640001209,999.9342
1760640001249,999.9647
1760640001289,999.8804
1760640001328,1000.06146
1760640001368,999.9105
1760640001409,1000.0043
1760640001449,1000.006
1760640001489,1000.29126
1760640001528,1000.3143
1760640001569,1000.22595
1760640001609,1000.1734
1760640001650,1000.03186
1760640001689,1000.11755
1760640001729,999.98944
1760640001770,1000.09393
1760640001810,999.8972
1760640001849,999.77673
1760640001890,1000.1531
1760640001930,1000.1781
1760640001971,999.98804
1760640002008,1000.1096
1760640002049,1000.18756
1760640002089,999.67316
1760640002129,999.5928
1760640002169,999.89197
1760640002209,1000.1201
1760640002249,999.96497
1760640002289,999.95557
1760640002328,999.72876
1760640002368,999.7617
1760640002409,999.9872
1760640002449,1000.0437
1760640002489,999.84973
1760640002529,999.944
1760640002568,1000.048
1760640002609,1000.2311
1760640002648,1000.2542
1760640002689,1000.05347
1760640002730,1000.2613
1760640002769,1000.2466
1760640002809,1000.04114
1760640002848,999.85736
1760640002888,999.8014
1760640002929,999.753
1760640002969,999.697
1760640003009,999.7355
1760640003049,1000.5856
1760640003089,1000.0092
1760640003130,999.96295
1760640003169,1000.209
1760640003209,1000.09564
1760640003249,999.76404
1760640003289,999.9996
1760640003329,999.84937
1760640003369,1000.01514
1760640003409,1000.15186
1760640003450,999.93274
1760640003489,999.76245
1760640003529,999.77167
1760640003569,999.9967
1760640003610,1000.141
1760640003649,999.877
1760640003689,999.89
1760640003729,1000.0839
1760640003769,1000.17786
1760640003809,1000.44727
1760640003849,1000.08966
1760640003889,1000.06506
1760640003929,1000.12213
1760640003969,1000.1757
1760640004009,1000.14545
1760640004049,1000.00903
1760640004089,999.909
1760640004130,999.84546
1760640004169,999.8157
1760640004209,1000.2421
1760640004249,1000.24335
1760640004289,999.9376
1760640004328,1000.00885
1760640004369,999.76843
1760640004409,1000.1695
1760640004448,1000.2346
1760640004488,1000.0474
1760640004529,999.8424
1760640004569,999.75073
1760640004610,999.7992
1760640004649,999.8428
1760640004689,1000.0478
1760640004729,999.9124
1760640004770,1000.1968
1760640004809,999.9643
1760640004849,1000.28076
1760640004890,1000.3634
1760640004930,1000.00964
1760640004970,1000.4341
1760640005009,1000.31854
1760640005050,1000.28845
1760640005091,1000.00085
1760640005129,999.82983
1760640005170,999.8618
1760640005210,999.839
1760640005249,1000.2175
1760640005288,1000.5396
1760640005329,999.9121
1760640005369,999.7217
1760640005410,1000.1217
1760640005449,1000.01074
1760640005489,999.79675
1760640005529,999.9187
1760640005570,999.9943
1760640005609,999.81445
1760640005649,999.8644
1760640005690,1000.2499
1760640005730,1000.1462
1760640005769,1000.3478
1760640005810,1000.48206
1760640005850,1000.19727
1760640005891,1000.3518
1760640005931,1000.0219
1760640005969,1000.11194
1760640006010,1000.1714
1760640006050,1000.06995
1760640006090,1000.01306
1760640006129,1000.00183
1760640006170,1000.07556
1760640006210,1000.0724
1760640006260,1000.81384
1760640006289,1000.80426
1760640006329,999.86383
1760640006369,1000.01526
1760640006410,1000.04333
1760640006449,999.75037
1760640006489,999.73035
1760640006529,999.7354
1760640006570,999.9531
1760640006609,1000.34296
1760640006650,999.9086
1760640006690,999.765
1760640006731,999.8739
1760640006768,1000.28784
1760640006809,1000.0834
1760640006849,999.9761
1760640006890,1000.3508
1760640006930,1000.7573
1760640006969,999.8604
1760640007010,999.73175
1760640007050,1000.3789
1760640007089,1000.13184
1760640007129,1000.24115
1760640007169,1000.1705
1760640007210,1000.1013
1760640007251,999.9839
1760640007289,999.915
1760640007329,999.866
1760640007370,1000.0232
1760640007410,1000.3071
1760640007451,1000.0895
1760640007489,999.92444
1760640007530,1000.20514
1760640007570,999.7775
1760640007610,999.7997
1760640007649,999.777
1760640007690,1000.34296
1760640007731,1000.1775
1760640007769,999.9983
1760640007809,1000.057
1760640007850,999.8625
1760640007891,1000.06824
1760640007929,1000.3136
1760640007970,1000.47144
1760640008009,1000.1165
1760640008050,1000.20154
1760640008089,1000.18396
1760640008129,1000.0857
1760640008169,999.9888
1760640008210,999.8511
1760640008249,999.8522
1760640008289,999.9786
1760640008330,1000.01764
1760640008370,1000.4281
1760640008409,1000.0177
1760640008449,1000.0193
1760640008489,1000.43665
1760640008539,999.7466
1760640008568,999.8491
1760640008609,1000.1644
1760640008649,1000.16907
1760640008689,1000.17883
1760640008729,999.9288
1760640008769,999.8258
1760640008809,999.85767
1760640008849,1000.08435
1760640008889,1000.1415
1760640008929,1000.07904
1760640008971,1000.3812
1760640009009,1000.2994
1760640009049,1000.09436
1760640009089,1000.4822
1760640009128,1000.2568
1760640009169,1000.13367
1760640009209,1000.13074
1760640009249,1000.04236
1760640009300,999.9388
1760640009329,999.9066
1760640009370,999.78156
1760640009410,1000.35095
1760640009449,1000.048
1760640009490,1000.0327
1760640009529,1000.29004
1760640009569,1000.13916
1760640009609,1000.18286
1760640009649,999.8009
1760640009689,999.87915
1760640009729,1000.53314
1760640009769,1000.0637
1760640009809,999.8908
1760640009849,999.8816
1760640009890,1000.0188
1760640009929,1000.1388
1760640009969,999.9264
1760640010010,1000.30743
1760640010048,1000.20374
1760640010089,1000.3093
1760640010130,1000.4159
1760640010170,1000.1836
1760640010209,1000.2777
1760640010249,1000.2252
1760640010289,1000.3148
1760640010330,1000.1713
1760640010369,1000.0016
1760640010409,999.9618
1760640010450,999.9029
1760640010491,999.82874
1760640010529,1000.46216
1760640010569,1000.65216
1760640010609,1000.2589
1760640010649,1000.03326
1760640010689,1000.791
1760640010728,999.9183
1760640010768,1000.3102
1760640010810,1000.1468
1760640010849,1000.0487
1760640010889,1000.1167
1760640010929,1000.0082
1760640010970,1000.2685
1760640011009,1000.1072
1760640011049,1000.5409
1760640011088,1000.46686
1760640011130,1000.228
1760640011170,1000.2357
1760640011209,1000.28735
1760640011249,1000.2909
1760640011289,1000.3264
1760640011330,1000.14185
1760640011369,1000.03937
1760640011409,999.91406
1760640011449,999.9823
1760640011489,1000.4623
1760640011529,1000.2407
1760640011568,1000.23254
1760640011609,1000.3247
1760640011649,1000.31287
1760640011689,999.93506
1760640011729,999.9459
1760640011769,1000.163
1760640011810,1000.08875
1760640011849,1000.107
1760640011889,1000.1589
1760640011930,1000.03094
1760640011970,999.9498
1760640012011,1000.0078
1760640012049,1000.2567
1760640012089,1000.129
1760640012129,1000.22107
1760640012169,1000.53564
1760640012209,1000.5024
1760640012249,1000.3495
1760640012289,1000.25574
1760640012328,1000.54895
1760640012369,1000.49274
1760640012409,1000.33215
1760640012450,1000.0894
1760640012489,1000.03345
1760640012529,1000.02704
1760640012569,999.97534
1760640012610,1000.0039
1760640012650,1000.52924
1760640012689,1000.64136
1760640012730,1000.443
1760640012769,1000.43665
1760640012810,999.96924
1760640012850,1000.3605
1760640012889,1000.03174
1760640012929,999.96265
1760640012970,1000.1252
1760640013009,1000.2539
1760640013049,1000.0962
1760640013089,1000.0641
1760640013130,1000.20825
1760640013170,1000.2334
1760640013209,1000.0975
1760640013250,1000.22766
1760640013290,1000.77344
1760640013329,1000.4204
1760640013370,1000.4387
1760640013410,1000.754
1760640013451,1000.40283
1760640013489,1000.21655
1760640013529,1000.317
1760640013569,1000.20667
1760640013610,1000.05505
1760640013649,1000.0051
1760640013689,999.98376
1760640013729,1000.3325
1760640013770,1000.54407
1760640013810,1000.2169
1760640013849,1000.5415
1760640013890,1000.0954
1760640013931,1000.2247
1760640013969,1000.23303
1760640014009,999.96826
1760640014048,1000.00256
1760640014089,1000.16974
1760640014130,1000.15015
1760640014169,999.9988
1760640014209,999.98157
1760640014250,1000.0955
1760640014290,1000.1759
1760640014329,1000.07153
1760640014369,1000.109
1760640014410,1000.4238
1760640014450,1000.6791
1760640014489,1000.5967
1760640014528,1000.2185
1760640014569,1000.93677
1760640014610,1000.5159
1760640014649,1000.1918
1760640014689,1000.3267
1760640014729,1000.289
1760640014770,1000.19543
1760640014809,1000.06067
1760640014848,1000.7694
1760640014890,1000.8356
1760640014929,1000.5631
1760640014969,1000.39404
1760640015010,1000.7798
1760640015049,999.92053
1760640015089,999.8679
1760640015130,999.8877
1760640015170,1000.0349
1760640015210,1000.6046
1760640015250,1000.2288
1760640015289,999.9959
1760640015330,1000.01434
1760640015370,1000.3404
1760640015410,1000.4661
1760640015449,1000.2057
1760640015489,1000.1206
1760640015529,1000.25696
1760640015569,1000.5363
1760640015609,1000.53766
1760640015649,1000.2698
1760640015689,1000.5503
1760640015729,1000.0321
1760640015770,1000.25024
1760640015809,1000.3672
1760640015849,1000.1857
1760640015889,1000.3169
1760640015929,1000.338
1760640015969,1000.3211
1760640016009,1000.1937
1760640016063,1000.152
1760640016089,1000.2772
1760640016111,1000.3203
1760640016129,1000.308
1760640016149,1000.3939
1760640016169,1000.3591
1760640016188,1000.29095
1760640016209,1000.27734
1760640016229,1000.3394
1760640016249,1000.48126
1760640016269,1000.64923
1760640016289,1000.6391
1760640016309,1000.77875
1760640016329,1000.2719
1760640016349,999.85626
1760640016369,999.8913
1760640016391,1000.1967
1760640016411,1000.523
1760640016429,1000.1319
1760640016449,1000.0635
1760640016469,1000.17096
1760640016489,1000.2622
1760640016509,1000.5083
1760640016529,1000.593
1760640016549,1000.37036
1760640016569,1000.2025
1760640016589,1000.04987
1760640016609,1000.02234
1760640016628,1000.10657
1760640016648,1000.16614
1760640016669,1000.1913
1760640016689,1000.36597
1760640016709,1000.71265
1760640016729,1000.2114
1760640016750,1000.0555
1760640016769,1000.1907
1760640016789,1001.16846
1760640016809,1000.2805
1760640016829,1000.1658
1760640016849,1000.3572
1760640016869,1000.72754
1760640016889,1000.7433
1760640016909,1000.5755
1760640016928,1000.47015
1760640016948,1000.59125
1760640016969,1000.6949
1760640016989,1000.54205
1760640017009,1000.5072
1760640017029,1000.61035
1760640017049,1000.60046
1760640017070,1000.5565
1760640017089,1000.4475
1760640017109,1000.3408
1760640017129,1000.18677
1760640017149,1000.0733
1760640017169,1000.08203
1760640017189,1000.1489
1760640017209,1000.2419
1760640017230,1000.2461
1760640017249,1000.1805
1760640017269,1000.1408
1760640017289,1000.28
1760640017309,1000.5191
1760640017329,1000.6316
1760640017349,1000.6891
1760640017369,1000.5655
1760640017391,1000.6204
1760640017411,1000.6169
1760640017431,1000.35614
1760640017449,999.9438
1760640017469,999.86145
1760640017489,999.96655
1760640017510,1000.47034
1760640017529,1000.20953
1760640017549,1000.02234
1760640017570,1000.3155
1760640017589,1000.5113
1760640017608,1000.54736
1760640017629,1000.383
1760640017649,1000.2833
1760640017669,1000.15405
1760640017689,1000.0866
1760640017709,1000.11285
1760640017729,1000.09784
1760640017749,1000.22064
1760640017769,1000.4972
1760640017788,1000.52563
1760640017808,1000.2736
1760640017829,1000.0691
1760640017849,1000.78595
1760640017870,999.9975
1760640017890,999.9194
1760640017910,1000.4263
1760640017929,1000.1175
1760640017949,1000.3366
1760640017969,1000.52893
1760640017989,1000.7369
1760640018010,1001.3636
1760640018030,1000.60736
1760640018049,1000.55676
1760640018070,1000.4597
1760640018089,1000.5159
1760640018109,1000.3289
1760640018129,1000.2675
1760640018149,1000.28485
1760640018169,1000.3181
1760640018189,1000.4669
1760640018209,1000.53754
1760640018230,1000.47656
1760640018249,1000.3105
1760640018269,1000.1811
1760640018289,1000.0797
1760640018309,1000.0497
1760640018329,1000.0038
1760640018349,999.97906
1760640018370,1000.0669
1760640018390,1000.0133
1760640018409,999.99677
1760640018429,1000.65796
1760640018450,1000.49
1760640018469,1000.47034
1760640018490,1000.5889
1760640018510,1000.4924
1760640018529,1000.5067
1760640018549,1000.386
1760640018569,1000.59625
1760640018589,1000.7694
1760640018609,999.8953
1760640018629,999.8891
1760640018649,999.91034
1760640018669,999.96704
1760640018690,1000.6536
1760640018710,1000.10657
1760640018729,1000.21735
1760640018749,1000.1433
1760640018769,1000.23047
1760640018789,1000.2108
1760640018809,1000.22656
1760640018829,1000.2589
1760640018850,1000.17505
1760640018870,1000.0886
1760640018890,1000.2069
1760640018909,1000.33844
1760640018931,1000.0747
1760640018949,1000.37427
1760640018969,1000.16394
1760640018990,1000.1289
1760640019010,1000.72345
1760640019030,1000.2603
1760640019049,1000.6244
1760640019069,1000.5639
1760640019089,1000.8758
1760640019109,1000.8127
1760640019129,1000.35406
1760640019149,1000.3619
1760640019169,1000.2663
1760640019189,1000.15656
1760640019210,1000.11316
1760640019229,1000.05676
1760640019249,1000.1328
1760640019269,1000.3142
1760640019289,1000.548
1760640019309,1000.72144
1760640019330,1000.75714
1760640019349,1000.48346
1760640019370,1000.3847
1760640019389,1000.4561
1760640019409,1000.34375
1760640019428,1000.1752
1760640019448,1000.1166
1760640019468,1000.131
1760640019489,1000.1889
1760640019509,1000.21454
1760640019529,1000.2105
1760640019549,1000.403
1760640019569,1000.67737
1760640019589,1000.48065
1760640019608,1000.29395
1760640019629,1000.40485
1760640019649,1000.3794
1760640019669,1000.5261
1760640019690,1001.085
1760640019710,1000.09814
1760640019729,1000.90894
1760640019749,1000.5678
1760640019769,1000.3245
1760640019789,999.9455
1760640019810,1000.3866
1760640019829,1000.52704
1760640019849,1000.5894
1760640019870,1000.3085
1760640019889,1000.2067
1760640019909,1000.2672
1760640019929,1000.2786
1760640019949,1000.31
1760640019970,1000.40704
1760640019989,1000.3175
1760640020010,1000.2194
1760640020029,1000.2075
1760640020049,1000.1921
1760640020069,1000.3372
1760640020089,1000.16034
1760640020109,1000.47455
1760640020130,1000.53906
1760640020150,1000.28375
1760640020170,1000.8383
1760640020190,1000.6878
1760640020209,1000.9388
1760640020229,1000.4358
1760640020249,1000.2466
1760640020269,1000.316
1760640020290,1000.39343
1760640020310,1000.575
1760640020330,1000.5134
1760640020350,1000.4603
1760640020370,1000.36206
1760640020388,1000.74536
1760640020446,1000.7858
1760640020446,1000.72437
1760640020464,1000.61035
1760640020468,1000.3283
1760640020489,1000.19006
1760640020509,1000.1263
1760640020529,1000.1458
1760640020548,1000.2589
1760640020569,1000.31177
1760640020589,1000.3699
1760640020609,1000.39703
1760640020629,1000.40704
1760640020649,1000.4413
1760640020669,1000.35925
1760640020689,1000.3797
1760640020709,1000.4985
1760640020729,1000.52313
1760640020748,1000.8002
1760640020768,1000.628
1760640020788,1000.4658
1760640020809,1000.60706
1760640020829,1000.3878
1760640020850,1000.0181
1760640020869,1000.0183
1760640020889,1000.05066
1760640020909,1000.55786
1760640020929,1000.3041
1760640020950,1000.3758
1760640020970,1000.3939
1760640020990,1000.3713
1760640021009,1000.53015
1760640021029,1000.46765
1760640021048,1000.3925
1760640021068,1000.24207
1760640021088,1000.1878
1760640021109,1000.1464
1760640021129,1000.2011
1760640021149,1000.29517
1760640021170,1000.44
1760640021189,1000.3983
1760640021209,1000.37427
1760640021229,1000.3231
1760640021249,1000.41284
1760640021269,1000.23145
1760640021289,1000.5642
1760640021309,1000.6775
1760640021330,1000.52673
1760640021351,1000.47473
1760640021369,1000.5724
1760640021389,1000.66125
1760640021409,1000.9833
1760640021430,1000.683
1760640021449,1000.5561
1760640021470,1000.631
1760640021490,1000.6436
1760640021510,1000.48627
1760640021529,1000.42535
1760640021549,1000.4455
1760640021568,1000.53815
1760640021588,1000.5864
1760640021608,1000.6483
1760640021629,1000.5145
1760640021649,1000.3314
1760640021669,1000.3699
1760640021689,1000.30536
1760640021709,1000.2091
1760640021729,1000.23706
1760640021748,1000.3785
1760640021769,1000.54645
1760640021789,1000.5053
1760640021809,1000.3961
1760640021829,1000.4974
1760640021849,1000.6586
1760640021869,1000.80145
1760640021889,1000.7397
1760640021909,1000.6111
1760640021930,1000.4603
1760640021949,1000.4622
1760640021969,1000.6219
1760640021990,1000.83673
1760640022010,1000.22095
1760640022029,1000.03937
1760640022049,1000.0572
1760640022069,1000.09125
1760640022089,1000.5563
1760640022109,1000.3391
1760640022129,1000.1302
1760640022150,1000.2136
1760640022170,1000.21906
1760640022189,1000.28937
1760640022209,1000.5692
1760640022229,1000.5458
1760640022248,1000.383
1760640022268,1000.27594
1760640022289,1000.1788
1760640022309,1000.1741
1760640022330,1000.1886
1760640022349,1000.2589
1760640022370,1000.33624
1760640022389,1000.4494
1760640022409,1000.4208
1760640022429,1000.53705
1760640022450,1000.60114
1760640022469,1000.40015
1760640022489,1000.8239
1760640022508,1001.41565
1760640022529,1000.85126
1760640022549,1000.4446
1760640022570,1000.28503
1760640022589,1000.35266
1760640022609,1000.6308
1760640022629,1001.073
1760640022651,1000.7561
1760640022668,1000.6236
1760640022689,1000.54034
1760640022709,1000.54407
1760640022728,1000.56067
1760640022749,1000.5667
1760640022769,1000.5128
1760640022789,1000.40405
1760640022810,1000.34235
1760640022830,1000.3214
1760640022848,1000.30536
1760640022869,1000.23376
1760640022889,1000.1742
1760640022909,1000.17706
1760640022929,1000.3352
1760640022950,1001.0422
1760640022971,1001.123
1760640022990,1000.79614
1760640023009,1000.46704
1760640023029,1000.2822
1760640023049,1000.15845
1760640023070,1000.10535
1760640023089,1000.6453
1760640023109,1000.9944
1760640023130,1000.3196
1760640023150,1000.7681
1760640023169,1000.4536
1760640023189,1000.2624
1760640023209,1001.2624
1760640023229,1000.28937
1760640023250,1000.3146
1760640023270,1000.2102
1760640023290,1000.29346
1760640023310,1000.67456
1760640023329,1000.7544
1760640023349,1000.5621
1760640023368,1000.3038
1760640023388,1000.2744
1760640023408,1000.27563
1760640023429,1000.428
1760640023449,1000.65015
1760640023470,1000.5433
1760640023489,1000.4499
1760640023509,1000.2744
1760640023530,1000.2497
1760640023550,1000.3775
1760640023572,1000.2969
1760640023589,1000.508
1760640023609,1000.8691
1760640023630,1000.54297
1760640023650,1000.40704
1760640023669,1000.5014
1760640023689,1000.78424
1760640023709,1000.84656
1760640023729,1000.5897
1760640023749,1000.59503
1760640023770,1000.67096
1760640023789,1000.6405
1760640023809,1000.65955
1760640023829,1000.7558
1760640023859,1000.76843
1760640023874,1000.6394
1760640023888,1000.6416
1760640023909,1000.66235
1760640023929,1000.5605
1760640023949,1000.4556
1760640023969,1000.4094
1760640023989,1000.3799
1760640024009,1000.3433
1760640024028,1000.3074
1760640024048,1000.3303
1760640024069,1000.3139
1760640024089,1000.3591
1760640024109,1000.5214
1760640024129,1000.92236
1760640024149,1000.66437
1760640024169,1000.453
1760640024189,1000.36316
1760640024208,1000.54034
1760640024228,1000.64594
1760640024249,1000.7016
1760640024269,1000.72736
1760640024290,1000.66296
1760640024309,1000.0644
1760640024328,1000.09064
1760640024349,1000.1991
1760640024369,1000.3986
1760640024389,1000.5861
1760640024409,1000.42786
1760640024429,1000.3936
1760640024449,1000.3881
1760640024470,1000.2427
1760640024489,1000.24927
1760640024509,1000.1928
1760640024529,1000.1889
1760640024549,1000.1953
1760640024569,1000.1961
1760640024589,1000.2634
1760640024609,1000.4425
1760640024629,1000.86237
1760640024649,1000.96265
1760640024669,1000.6933
1760640024689,1000.48737
1760640024708,1000.4861
1760640024729,1000.6263
1760640024750,1000.91315
1760640024770,1000.83844
1760640024790,1000.447
1760640024809,1000.3217
1760640024830,1000.4108
1760640024850,1000.82367
1760640024869,1001.02734
1760640024890,1000.67426
1760640024909,1000.28973
1760640024929,1000.1964
1760640024949,1000.17255
1760640024969,1000.34674
1760640024989,1000.7689
1760640025008,1000.72504
1760640025029,1000.6597
1760640025048,1000.6269
1760640025069,1000.48535
1760640025089,1000.38
1760640025110,1000.3433
1760640025128,1000.3085
1760640025148,1000.41907
1760640025168,1000.46515
1760640025189,1000.45874
1760640025209,1000.633
1760640025229,1001.0133
1760640025249,1001.59674
1760640025270,1000.9491
1760640025290,1000.0383
1760640025309,1000.1253
1760640025328,1000.14624
1760640025349,1000.91425
1760640025369,1000.3378
1760640025389,1000.1358
1760640025409,1000.1886
1760640025429,1000.4506
1760640025450,1000.5794
1760640025469,1000.5674
1760640025489,1000.53815
1760640025509,1000.458
1760640025529,1000.3322
1760640025549,1000.30286
1760640025569,1000.3058
1760640025589,1000.3842
1760640025610,1000.4694
1760640025629,1000.52594
1760640025649,1000.6475
1760640025669,1000.7092
1760640025689,1000.5605
1760640025709,1000.48645
1760640025729,1000.4044
1760640025750,1000.5745
1760640025771,1000.60815
1760640025789,1000.53125
1760640025811,1000.4469
1760640025829,1000.4352
1760640025849,1000.6033
1760640025868,1001.0466
1760640025889,1001.02844
1760640025909,1000.72815
1760640025929,1000.4602
1760640025949,1000.35156
1760640025969,1000.4005
1760640025989,1000.6411
1760640026009,1000.8018
1760640026029,1000.71484
1760640026049,1000.54297
1760640026070,1000.40753
1760640026090,1000.7744
1760640026110,1000.9302
1760640026128,1000.79956
1760640026149,1000.73206
1760640026169,1000.91486
1760640026189,1000.905
1760640026209,1000.84894
1760640026230,1000.78656
1760640026250,1000.65735
1760640026270,1000.64954
1760640026289,1000.65283
1760640026309,1000.59424
1760640026330,1000.5717
1760640026349,1000.5961
1760640026369,1000.5706
1760640026391,1000.5586
1760640026409,1000.5733
1760640026429,1000.65173
1760640026449,1000.9628
1760640026469,1001.22253
1760640026489,1001.325
1760640026509,1001.15985
1760640026530,1000.79486
1760640026550,1000.62036
1760640026569,1001.0177
1760640026590,1000.66095
1760640026610,1000.5319
1760640026629,1000.42035
1760640026650,1000.0705
1760640026669,1000.09033
1760640026690,1000.1335
1760640026710,1000.16235
1760640026730,1000.2466
1760640026750,1000.66864
1760640026771,1000.9622
1760640026789,1000.7045
1760640026809,1000.5236
1760640026830,1000.42847
1760640026849,1000.6236
1760640026869,1000.72546
1760640026899,1000.6196
1760640026914,1000.4338
1760640026939,1000.7368
1760640026949,1000.9364
1760640026985,1000.7627
1760640026997,1000.612
1760640027009,1000.9605
1760640027029,1000.6992
1760640027049,1000.52673
1760640027069,1000.58704
1760640027090,1000.3758
1760640027109,1000.4625
1760640027129,1000.53375
1760640027149,1001.11206
1760640027169,1001.0061
1760640027189,1000.71893
1760640027209,1000.8205
1760640027229,1000.9478
1760640027251,1000.64703
1760640027270,1000.7691
1760640027289,1000.9503
1760640027310,1000.85547
1760640027329,1000.8974
1760640027350,1000.8861
1760640027369,1000.73285
1760640027390,1000.68317
1760640027409,1000.61786
1760640027429,1000.4933
1760640027449,1000.4497
1760640027469,1000.42566
1760640027489,1000.3767
1760640027509,1000.3283
1760640027530,1000.3091
1760640027549,1000.2983
1760640027570,1000.3674
1760640027590,1000.33813
1760640027609,1000.483
1760640027629,1000.7644
1760640027649,1000.78015
1760640027670,1000.833
1760640027690,1000.8749
1760640027710,1000.91364
1760640027730,1000.8705
1760640027750,1001.0241
1760640027770,1000.4602
1760640027790,1000.185
1760640027809,1000.16797
1760640027829,1000.23285
1760640027849,1001.3583
1760640027869,1000.2676
1760640027889,1000.3155
1760640027910,1000.385
1760640027929,1000.6292
1760640027949,1000.8991
1760640027969,1000.61847
1760640027989,1000.428
1760640028008,1000.2567
1760640028029,1000.2691
1760640028049,1000.34796
1760640028069,1000.53345
1760640028089,1000.5541
1760640028109,1000.60376
1760640028128,1000.8814
1760640028149,1001.18207
1760640028169,1000.7686
1760640028189,1000.7183
1760640028209,1001.1883
1760640028230,1001.0206
1760640028249,1000.9003
1760640028269,1000.6316
1760640028288,1000.5933
1760640028309,1001.0125
1760640028329,1001.06067
1760640028350,1000.8817
1760640028369,1000.66455
1760640028390,1000.54645
1760640028410,1000.54535
1760640028430,1000.53265
1760640028449,1000.4625
1760640028470,1000.3956
1760640028489,1000.42786
1760640028510,1000.59534
1760640028530,1000.49
1760640028549,1000.36395
1760640028569,1000.825
1760640028589,1000.70703
1760640028609,1000.6378
1760640028629,1001.22736
1760640028649,1000.4924
1760640028669,1002.2119
1760640028689,1000.04224
1760640028710,1000.2105
1760640028730,1000.26843
1760640028749,1000.6758
1760640028769,1000.62
1760640028789,1000.7477
1760640028809,1000.72784
1760640028829,1000.8461
1760640028850,1000.83
1760640028870,1000.84766
1760640028891,1000.5875
1760640028909,1000.4252
1760640028930,1000.5741
1760640028949,1000.7219
1760640028969,1000.52203
1760640028989,1000.5033
1760640029010,1000.66364
1760640029030,1001.0513
1760640029049,1001.54926
1760640029068,1001.23065
1760640029089,1001.22504
1760640029109,1000.6956
1760640029129,1000.6033
1760640029149,1000.5861
1760640029169,1000.7627
1760640029190,1000.7664
1760640029209,1000.5744
1760640029230,1000.555
1760640029249,1000.65015
1760640029270,1000.7516
1760640029289,1000.73285
1760640029309,1000.5808
1760640029329,1000.4514
1760640029350,1000.52374
1760640029370,1000.6683
1760640029390,1000.6452
1760640029409,1000.751
1760640029430,1001.1008
1760640029449,1000.98566
1760640029469,1000.6913
1760640029490,1000.3091
1760640029510,1000.35846
1760640029530,1000.7681
1760640029549,1000.2683
1760640029569,1001.27783
1760640029589,1000.7208
1760640029609,1000.2753
1760640029629,1000.3202
1760640029649,1000.4431
1760640029669,1000.74927
1760640029689,1000.9525
1760640029709,1000.9108
1760640029729,1000.5632
1760640029749,1000.33765
1760640029769,1000.5655
1760640029789,1000.8147
1760640029809,1000.8211
1760640029829,1000.54956
1760640029849,1000.72644
1760640029869,1001.145
1760640029888,1001.11237
1760640029908,1000.71594
1760640029928,1000.9556
1760640029948,1001.2499
1760640029968,1001.09894
1760640029988,1001.0336
1760640030009,1000.90985
1760640030030,1001.09894
1760640030049,1001.18665
1760640030068,1001.1419
1760640030088,1000.9614
1760640030109,1000.66144
1760640030129,1000.59735
1760640030149,1000.54626
1760640030169,1000.53015
1760640030189,1000.4999
1760640030210,1000.4847
1760640030229,1000.5561
1760640030249,1000.66144
1760640030268,1000.5458
1760640030288,1000.8139
1760640030308,1000.97925
1760640030329,1000.70734
1760640030349,1000.5175
1760640030369,1001.0036
1760640030389,1000.90454
1760640030409,1001.4855
1760640030429,1000.2933
1760640030450,1000.2552
1760640030470,1000.36816
1760640030490,1001.1161
1760640030510,1000.4897
1760640030530,1000.7077
1760640030549,1000.941
1760640030569,1000.93176
1760640030589,1000.79236
1760640030609,1000.5039
1760640030629,1000.5583
1760640030649,1000.6855
1760640030670,1000.84534
1760640030689,1000.53986
1760640030709,1000.65015
1760640030729,1000.8747
1760640030749,1001.15625
1760640030769,1001.1871
1760640030789,1000.97284
1760640030809,1001.46704
1760640030829,1001.37036
1760640030849,1000.97424
1760640030870,1000.8272
1760640030889,1000.8978
1760640030909,1000.9456
1760640030929,1001.36926
1760640030949,1001.2553
1760640030970,1000.8444
1760640030990,1000.55676
1760640031009,1000.47656
1760640031029,1000.47046
1760640031049,1000.4819
1760640031069,1000.52985
1760640031089,1000.5733
1760640031109,1000.5214
1760640031128,1000.72394
1760640031149,1001.10596
1760640031169,1000.9869
1760640031190,1000.8655
1760640031209,1001.265
1760640031229,1001.4208
1760640031249,1000.76843
1760640031269,1000.40765
1760640031289,1000.2683
1760640031309,1000.3313
1760640031329,1000.35614
1760640031349,1000.64594
1760640031369,1000.452
1760640031389,1000.80237
1760640031409,1000.7097
1760640031429,1000.7055
1760640031450,1000.5983
1760640031470,1000.5217
1760640031490,1000.5486
1760640031510,1000.66565
1760640031530,1000.73926
1760640031549,1000.708
1760640031569,1000.60364
1760640031589,1000.6286
1760640031609,1000.8224
1760640031629,1000.6208
1760640031651,1000.6253
1760640031670,1000.84485
1760640031690,1001.27454
1760640031709,1001.80457
1760640031729,1001.4344
1760640031749,1001.09656
1760640031769,1000.5597
1760640031789,1000.6374
1760640031809,1000.86707
1760640031830,1000.8822
1760640031850,1000.8608
1760640031869,1001.06067
1760640031889,1000.90234
1760640031909,1000.7627
1760640031930,1000.67505
1760640031950,1000.6069
1760640031969,1000.5969
1760640031990,1000.71344
1760640032010,1000.59796
1760640032029,1000.5597
1760640032049,1001.04156
1760640032068,1001.16504
1760640032089,1001.11676
1760640032109,1000.80347
1760640032129,1000.53815
1760640032149,1000.4
1760640032169,1000.71954
1760640032189,1000.35425
1760640032209,1001.21094
1760640032229,1000.7633
1760640032249,1001.0127
1760640032269,1001.48114
1760640032289,1000.8025
1760640032309,1001.1569
1760640032329,1000.9509
1760640032350,1000.9602
1760640032369,1001.0958
1760640032389,1000.99146
1760640032408,1000.8931
1760640032429,1000.83453
1760640032449,1000.59143
1760640032471,1000.8183
1760640032490,1000.90765
1760640032511,1000.83234
1760640032529,1001.1406
1760640032549,1001.6236
1760640032569,1001.3347
1760640032588,1000.8666
1760640032609,1000.5011
1760640032630,1000.392
1760640032649,1000.3741
1760640032669,1000.47986
1760640032689,1001.0469
1760640032709,1001.2727
1760640032729,1001.185
1760640032749,1000.9944
1760640032769,1000.71735
1760640032789,1000.441
1760640032809,1000.4933
1760640032829,1000.43097
1760640032849,1000.3969
1760640032869,1000.435
1760640032888,1000.738
1760640032909,1000.6094
1760640032930,1000.7761
1760640032950,1000.8753
1760640032969,1000.97284
1760640032990,1000.84595
1760640033009,1000.67285
1760640033029,1000.54517
1760640033052,1000.53284
1760640033069,1000.53284
1760640033088,1000.5194
1760640033109,1000.54364
1760640033129,1000.59375
1760640033149,1000.61206
1760640033170,1000.64984
1760640033189,1000.6819
1760640033209,1000.66797
1760640033229,1000.72015
1760640033249,1000.84985
1760640033269,1001.16016
1760640033289,1001.46814
1760640033309,1001.72034
1760640033329,1001.05786
1760640033349,1000.8214
1760640033369,1000.762
1760640033388,1000.8747
1760640033408,1001.7616
1760640033429,1001.4547
1760640033449,1001.1321
1760640033469,1000.756
1760640033489,1000.54114
1760640033508,1000.6211
1760640033529,1000.86926
1760640033549,1000.77893
1760640033569,1000.73895
1760640033588,1000.6872
1760640033609,1000.65784
1760640033635,1000.6841
1760640033649,1000.7624
1760640033669,1000.6891
1760640033689,1000.65
1760640033708,1002.60004
1760640033728,1001.52344
1760640033748,1001.28485
1760640033769,1001.1464
1760640033789,1001.40515
1760640033809,1001.0702
1760640033828,1000.3746
1760640033848,1000.35876
1760640033868,1000.3786
1760640033888,1000.3989
1760640033909,1000.40924
1760640033929,1000.4444
1760640033949,1000.5119
1760640033970,1000.5206
1760640033990,1001.04364
1760640034009,1001.18207
1760640034030,1000.91504
1760640034050,1000.73157
1760640034069,1000.6525
1760640034090,1000.59265
1760640034110,1000.5802
1760640034129,1000.59985
1760640034149,1000.62067
1760640034179,1000.64343
1760640034188,1000.8047
1760640034208,1001.138
1760640034228,1001.3325
1760640034249,1001.0111
1760640034269,1000.72406
1760640034289,1000.6949
1760640034309,1000.84033
1760640034329,1001.0706
1760640034349,1001.256
1760640034368,1000.993
1760640034388,1000.9555
1760640034408,1001.2006
1760640034429,1001.73627
1760640034449,1000.5635
1760640034470,1000.3389
1760640034489,1000.4208
1760640034509,1000.47723
1760640034529,1001.3702
1760640034549,1001.0191
1760640034569,1000.85474
1760640034589,1000.59625
1760640034609,1000.64813
1760640034629,1000.8291
1760640034648,1000.76
1760640034668,1000.8011
1760640034689,1000.8936
1760640034708,1000.8633
1760640034728,1000.7469
1760640034749,1000.65283
1760640034769,1000.6374
1760640034789,1000.66064
1760640034810,1000.62177
1760640034829,1000.6992
1760640034849,1000.86487
1760640034869,1000.96344
1760640034889,1001.0558
1760640034909,1001.108
1760640034929,1000.96204
1760640034949,1000.83673
1760640034969,1000.7758
1760640034989,1000.9533
1760640035009,1000.85675
1760640035029,1000.73315
1760640035050,1001.16046
1760640035069,1001.0714
1760640035089,1000.3955
1760640035110,1000.5649
1760640035130,1001.47174
1760640035150,1000.42395
1760640035168,1000.4494
1760640035189,1000.4886
1760640035209,1000.5124
1760640035229,1000.6558
1760640035249,1002.0116
1760640035270,1000.6475
1760640035289,1000.43567
1760640035309,1000.5089
1760640035329,1000.61597
1760640035349,1000.97485
1760640035369,1000.6747
1760640035389,1000.71173
1760640035409,1001.03766
1760640035429,1000.99286
1760640035449,1001.5483
1760640035468,1001.1091
1760640035488,1001.0766
1760640035509,1000.96814
1760640035528,1000.8508
1760640035548,1000.73486
1760640035568,1000.6822
1760640035589,1000.7758
1760640035609,1001.16187
1760640035629,1001.0766
1760640035648,1000.9452
1760640035668,1000.8752
1760640035688,1000.8763
1760640035708,1000.8925
1760640035729,1000.8405
1760640035749,1000.72015
1760640035769,1000.6469
1760640035789,1000.6247
1760640035809,1000.6508
1760640035828,1000.65564
1760640035848,1000.71265
1760640035869,1000.9197
1760640035888,1001.4572
1760640035909,1001.2009
1760640035929,1000.9514
1760640035949,1000.8436
1760640035969,1001.0767
1760640035989,1000.60614
1760640036009,1000.9369
1760640036029,1000.5333
1760640036049,1001.8288
1760640036069,1000.6558
1760640036089,1000.5577
1760640036109,1000.60016
1760640036128,1000.72955
1760640036149,1000.9533
1760640036169,1001.16534
1760640036188,1000.8291
1760640036209,1001.1147
1760640036229,1000.74146
1760640036249,1000.5745
1760640036269,1000.7574
1760640036289,1001.0681
1760640036309,1000.7499
1760640036329,1000.72125
1760640036349,1001.1761
1760640036369,1001.41284
1760640036389,1001.24567
1760640036409,1000.92926
1760640036429,1001.6986
1760640036449,1001.28204
1760640036469,1001.05286
1760640036488,1001.0681
1760640036509,1001.10016
1760640036528,1001.24426
1760640036549,1001.2631
1760640036569,1001.2606
1760640036589,1001.17816
1760640036610,1000.9416
1760640036629,1000.72906
1760640036648,1000.6853
1760640036669,1000.59534
1760640036689,1000.60645
1760640036709,1000.62
1760640036729,1000.70874
1760640036749,1000.7972
1760640036769,1000.73395
1760640036789,1000.7361
1760640036809,1000.9344
1760640036829,1001.048
1760640036849,1001.0561
1760640036869,1001.10455
1760640036889,1001.15564
1760640036909,1001.4277
1760640036930,1001.6903
1760640036949,1000.97174
1760640036969,1000.41235
1760640036989,1000.4966
1760640037009,1000.5164
1760640037029,1000.7034
1760640037049,1000.5672
1760640037071,1000.89874
1760640037090,1000.8655
1760640037111,1001.0138
1760640037129,1000.96204
1760640037149,1000.9925
1760640037169,1000.86316
1760640037189,1000.73737
1760640037209,1000.693
1760640037230,1000.637
1760640037249,1000.78955
1760640037270,1000.8775
1760640037289,1000.78845
1760640037309,1000.838
1760640037329,1000.9517
1760640037349,1001.16425
1760640037390,1000.95154
1760640037391,1000.9104
1760640037412,1001.25714
1760640037430,1001.3242
1760640037449,1000.8208
1760640037469,1000.67346
1760640037490,1000.86206
1760640037509,1001.0744
1760640037529,1001.4058
1760640037550,1001.3766
1760640037569,1001.16437
1760640037590,1001.0716
1760640037609,1001.17426
1760640037629,1001.07
1760640037649,1000.91046
1760640037668,1001.07
1760640037689,1001.2583
1760640037709,1001.1222
1760640037729,1000.9397
1760640037749,1000.8197
1760640037768,1000.7416
1760640037789,1000.7602
1760640037809,1000.82
1760640037829,1000.8353
1760640037848,1000.8099
1760640037869,1000.9697
1760640037889,1001.03815
1760640037909,1001.21985
1760640037930,1001.1899
1760640037948,1001.0117
1760640037969,1001.16925
1760640037989,1001.4531
1760640038009,1000.65765
1760640038029,1000.561
1760640038049,1001.8461
1760640038069,1000.45734
1760640038089,1000.58453
1760640038109,1000.59906
1760640038129,1000.64624
1760640038148,1002.0649
1760640038169,1000.5027
1760640038190,1000.77924
1760640038209,1001.22986
1760640038229,1001.4349
1760640038249,1000.5558
1760640038269,1000.5586
1760640038289,1000.79504
1760640038308,1001.2585
1760640038329,1000.9908
1760640038349,1001.35254
1760640038369,1001.29456
1760640038389,1001.0141
1760640038409,1001.0186
1760640038428,1001.1977
1760640038448,1001.3294
1760640038468,1001.0097
1760640038489,1001.17676
1760640038510,1001.4069
1760640038529,1001.27844
1760640038549,1001.0858
1760640038570,1000.98254
1760640038589,1000.8716
1760640038609,1000.7805
1760640038629,1000.7597
1760640038648,1000.7702
1760640038669,1000.8305
1760640038689,1000.9444
1760640038709,1001.04736
1760640038730,1001.05927
1760640038750,1001.03455
1760640038769,1001.001
1760640038789,1000.9422
1760640038809,1000.9933
1760640038829,1001.0127
1760640038849,1001.0621
1760640038869,1000.79425
1760640038890,1000.77765
1760640038910,1001.0106
1760640038929,1001.53394
1760640038949,1000.53406
1760640038969,1000.6344
1760640038989,1001.1194
1760640039009,1001.0747
1760640039029,1000.8903
1760640039050,1000.9083
1760640039072,1001.09875
1760640039088,1001.10205
1760640039109,1001.16565
1760640039129,1000.8842
1760640039149,1000.66907
1760640039168,1000.72473
1760640039189,1000.92255
1760640039209,1000.751
1760640039230,1000.71985
1760640039248,1000.7233
1760640039268,1000.82
1760640039289,1001.3844
1760640039308,1000.9794
1760640039329,1001.4841
1760640039349,1001.7613
1760640039369,1001.54175
1760640039389,1001.3713
1760640039409,1000.9536
1760640039429,1000.7439
1760640039449,1000.7644
1760640039469,1000.8217
1760640039489,1000.9988
1760640039509,1001.3252
1760640039529,1001.29706
1760640039549,1001.11285
1760640039570,1000.99036
1760640039590,1000.9083
1760640039609,1000.8361
1760640039629,1000.7502
1760640039650,1000.7408
1760640039669,1000.97815
1760640039690,1001.22797
1760640039709,1001.2613
1760640039730,1001.22473
1760640039749,1000.9519
1760640039768,1000.7555
1760640039789,1000.97906
1760640039809,1001.7933
1760640039829,1001.2472
1760640039850,1000.8259
1760640039870,1000.80676
1760640039890,1001.0172
1760640039909,1000.66656
1760640039929,1000.66925
1760640039949,1000.73505
1760640039969,1001.0083
1760640039989,1000.9616
1760640040012,1000.9622
1760640040029,1000.96344
1760640040049,1000.8975
1760640040069,1000.86395
1760640040088,1000.8369
1760640040108,1000.85925
1760640040128,1000.8213
1760640040149,1000.8244
1760640040169,1000.9491
1760640040189,1000.8386
1760640040209,1000.72894
1760640040229,1001.22015
1760640040248,1000.98425
1760640040268,1000.9563
1760640040289,1001.3178
1760640040309,1001.16846
1760640040329,1001.11096
1760640040349,1001.17676
1760640040370,1001.1489
1760640040390,1001.17206
1760640040409,1001.1882
1760640040429,1001.33484
1760640040449,1001.2572
1760640040469,1001.03455
1760640040489,1000.8805
1760640040509,1000.8622
1760640040529,1000.92395
1760640040549,1001.0227
1760640040569,1001.0699
1760640040588,1001.03656
1760640040614,1001.0194
1760640040635,1000.92346
1760640040649,1000.8817
1760640040671,1000.86456
1760640040689,1000.8638
1760640040709,1000.8752
1760640040729,1001.2472
1760640040749,1002.3052
1760640040769,1002.0983
1760640040788,1002.60657
1760640040809,1003.09033
1760640040829,1003.2652
1760640040849,1003.20703
1760640040869,1002.6405
