1760637904819,1000.65125
1760637904838,1000.6669
1760637904858,1000.6822
1760637904878,1000.65625
1760637904898,1000.6597
1760637904918,1000.6921
1760637904938,1000.696
1760637904959,1000.67896
1760637904979,1000.6844
1760637904998,1000.66864
1760637905019,1000.6694
1760637905039,1000.6794
1760637905059,1000.695
1760637905078,1000.6869
1760637905098,1000.6978
1760637905118,1000.6839
1760637905138,1000.6882
1760637905160,1000.6855
1760637905178,1000.7119
1760637905199,1000.6853
1760637905218,1000.7027
1760637905238,1000.693
1760637905258,1000.703
1760637905278,1000.72534
1760637905298,1000.72644
1760637905319,1000.73065
1760637905338,1000.72797
1760637905358,1000.71655
1760637905378,1000.7355
1760637905398,1000.73956
1760637905418,1000.7444
1760637905438,1000.73425
1760637905459,1000.7528
1760637905480,1000.74176
1760637905499,1000.7588
1760637905519,1000.778
1760637905538,1000.7553
1760637905558,1000.7547
1760637905579,1000.7588
1760637905598,1000.7655
1760637905620,1000.77765
1760637905639,1000.7666
1760637905658,1000.79144
1760637905678,1000.79175
1760637905698,1000.8047
1760637905718,1000.7986
1760637905738,1000.78845
1760637905759,1000.79785
1760637905779,1000.8063
1760637905799,1000.8158
1760637905819,1000.7983
1760637905838,1000.8099
1760637905858,1000.79504
1760637905878,1000.79425
1760637905898,1000.8267
1760637905918,1000.8224
1760637905938,1000.8278
1760637905959,1000.8264
1760637905979,1000.83954
1760637905998,1000.84235
1760637906018,1000.8205
1760637906038,1000.8217
1760637906066,1000.8305
1760637906078,1000.8294
1760637906098,1000.8253
1760637906118,1000.83563
1760637906138,1000.8177
1760637906158,1000.86066
1760637906178,1000.85205
1760637906198,1000.8758
1760637906218,1000.85254
1760637906238,1000.85614
1760637906258,1000.8799
1760637906278,1000.89984
1760637906299,1000.893
1760637906318,1000.8838
1760637906338,1000.8991
1760637906358,1000.89874
1760637906378,1000.8861
1760637906398,1000.8913
1760637906418,1000.90393
1760637906439,1000.9003
1760637906459,1000.9421
1760637906479,1000.91406
1760637906498,1000.90985
1760637906518,1000.92566
1760637906538,1000.9474
1760637906558,1000.9575
1760637906578,1000.9464
1760637906598,1000.9428
1760637906618,1000.9461
1760637906639,1000.96515
1760637906658,1000.96735
1760637906679,1000.97754
1760637906698,1000.98267
1760637906718,1000.97974
1760637906738,1000.9847
1760637906759,1001.0036
1760637906779,1000.98535
1760637906799,1000.9971
1760637906818,1001.0127
1760637906838,1001.0102
1760637906858,1001.01984
1760637906878,1001.0089
1760637906898,1001.0097
1760637906919,1001.0025
1760637906939,1001.0163
1760637906959,1001.03485
1760637906979,1001.03424
1760637907000,1001.0472
1760637907018,1001.0533
1760637907038,1001.048
1760637907059,1001.048
1760637907079,1001.04926
1760637907100,1001.0544
1760637907119,1001.0466
1760637907139,1001.0897
1760637907158,1001.0632
1760637907178,1001.0786
1760637907198,1001.0666
1760637907218,1001.09174
1760637907238,1001.0766
1760637907258,1001.1012
1760637907279,1001.0891
1760637907300,1001.10114
1760637907319,1001.08923
1760637907338,1001.09564
1760637907358,1001.10986
1760637907378,1001.08765
1760637907399,1001.1263
1760637907418,1001.10114
1760637907439,1001.1147
1760637907459,1001.1174
1760637907478,1001.12
1760637907499,1001.1452
1760637907518,1001.1428
1760637907538,1001.137
1760637907558,1001.11316
1760637907578,1001.1246
1760637907599,1001.1433
1760637907619,1001.1353
1760637907638,1001.1572
1760637907658,1001.1324
1760637907678,1001.1455
1760637907698,1001.1494
1760637907718,1001.15533
1760637907738,1001.1744
1760637907758,1001.1438
1760637907779,1001.1419
1760637907799,1001.15454
1760637907818,1001.15985
1760637907838,1001.17487
1760637907859,1001.1875
1760637907878,1001.1969
1760637907898,1001.1719
1760637907918,1001.1839
1760637907939,1001.21564
1760637907960,1001.17456
1760637907979,1001.1836
1760637907998,1001.1841
1760637908018,1001.1986
1760637908038,1001.18066
1760637908062,1001.1822
1760637908080,1001.15814
1760637908099,1001.21484
1760637908118,1001.22955
1760637908138,1001.1866
1760637908158,1001.1861
1760637908178,1001.1877
1760637908198,1001.1969
1760637908218,1001.2056
1760637908238,1001.1916
1760637908258,1001.2155
1760637908279,1001.21265
1760637908299,1001.22363
1760637908318,1001.22565
1760637908338,1001.22534
1760637908358,1001.20703
1760637908378,1001.21204
1760637908398,1001.208
1760637908418,1001.1989
1760637908439,1001.22064
1760637908459,1001.2319
1760637908478,1001.23816
1760637908498,1001.24567
1760637908518,1001.2283
1760637908538,1001.2514
1760637908558,1001.23126
1760637908579,1001.22955
1760637908599,1001.22314
1760637908619,1001.2505
1760637908638,1001.22723
1760637908658,1001.21265
1760637908678,1001.2172
1760637908698,1001.21173
1760637908718,1001.2061
1760637908738,1001.22546
1760637908759,1001.2508
1760637908779,1001.22705
1760637908799,1001.23816
1760637908818,1001.23517
1760637908838,1001.23737
1760637908858,1001.22473
1760637908878,1001.23846
1760637908898,1001.22394
1760637908919,1001.2469
1760637908939,1001.20953
1760637908958,1001.2344
1760637908979,1001.23627
1760637908998,1001.22797
1760637909018,1001.23065
1760637909038,1001.2322
1760637909059,1001.22687
1760637909080,1001.23676
1760637909099,1001.23096
1760637909119,1001.245
1760637909138,1001.2411
1760637909158,1001.23047
1760637909178,1001.22345
1760637909198,1001.21313
1760637909218,1001.2478
1760637909238,1001.22797
1760637909259,1001.23065
1760637909279,1001.2319
1760637909298,1001.238
1760637909318,1001.21924
1760637909338,1001.22925
1760637909358,1001.24176
1760637909378,1001.24
1760637909399,1001.23456
1760637909419,1001.21515
1760637909439,1001.2469
1760637909458,1001.2471
1760637909478,1001.2469
1760637909498,1001.22705
1760637909518,1001.2427
1760637909539,1001.2391
1760637909558,1001.22253
1760637909579,1001.2458
1760637909599,1001.2553
1760637909619,1001.22675
1760637909638,1001.20844
1760637909658,1001.24426
1760637909678,1001.246
1760637909698,1001.238
1760637909718,1001.23267
1760637909738,1001.22723
1760637909759,1001.23157
1760637909779,1001.22534
1760637909799,1001.2475
1760637909818,1001.22144
1760637909838,1001.2532
1760637909858,1001.2567
1760637909878,1001.2258
1760637909898,1001.2496
1760637909919,1001.23145
1760637909940,1001.2496
1760637909958,1001.2139
1760637909978,1001.22736
1760637909999,1001.23456
1760637910018,1001.2422
1760637910038,1001.238
1760637910068,1001.23157
1760637910078,1001.2524
1760637910098,1001.2638
1760637910118,1001.23456
1760637910138,1001.24817
1760637910158,1001.2499
1760637910178,1001.2369
1760637910198,1001.2486
1760637910218,1001.23706
1760637910240,1001.2475
1760637910259,1001.2658
1760637910278,1001.22174
1760637910298,1001.22723
1760637910318,1001.23987
1760637910338,1001.238
1760637910359,1001.2416
1760637910378,1001.2539
1760637910398,1001.2344
1760637910419,1001.2574
1760637910439,1001.2475
1760637910458,1001.2502
1760637910478,1001.23456
1760637910498,1001.23517
1760637910518,1001.2508
1760637910538,1001.2575
1760637910558,1001.22974
1760637910579,1001.2499
1760637910599,1001.258
1760637910618,1001.2514
1760637910638,1001.24176
1760637910658,1001.2569
1760637910678,1001.23816
1760637910698,1001.2544
1760637910718,1001.2716
1760637910738,1001.2572
1760637910760,1001.22955
1760637910779,1001.24176
1760637910798,1001.2469
1760637910818,1001.2438
1760637910838,1001.2664
1760637910858,1001.2675
1760637910878,1001.24927
1760637910899,1001.23035
1760637910919,1001.23425
1760637910938,1001.2507
1760637910958,1001.23755
1760637910978,1001.24176
1760637910998,1001.23535
1760637911018,1001.2283
1760637911039,1001.23926
1760637911059,1001.2544
1760637911079,1001.2416
1760637911099,1001.24207
1760637911118,1001.2416
1760637911138,1001.23126
1760637911158,1001.21783
1760637911178,1001.2355
1760637911198,1001.2485
1760637911218,1001.2491
1760637911239,1001.2589
1760637911259,1001.2544
1760637911278,1001.21265
1760637911298,1001.23285
1760637911318,1001.21594
1760637911338,1001.23926
1760637911359,1001.2333
1760637911378,1001.2514
1760637911399,1001.23364
1760637911419,1001.22784
1760637911438,1001.23236
1760637911458,1001.2585
1760637911479,1001.23816
1760637911498,1001.22565
1760637911518,1001.265
1760637911539,1001.2563
1760637911559,1001.28503
1760637911579,1001.2472
1760637911598,1001.27783
1760637911618,1001.2469
1760637911639,1001.2411
1760637911658,1001.22253
1760637911678,1001.2139
1760637911698,1001.22876
1760637911718,1001.2521
1760637911739,1001.2463
1760637911759,1001.2419
1760637911778,1001.2527
1760637911798,1001.2649
1760637911818,1001.2377
1760637911839,1001.23785
1760637911858,1001.22565
1760637911878,1001.2569
1760637911898,1001.22736
1760637911919,1001.23926
1760637911938,1001.23254
1760637911958,1001.2358
1760637911978,1001.2519
1760637911998,1001.246
1760637912018,1001.2556
1760637912038,1001.22974
1760637912059,1001.23035
1760637912079,1001.23114
1760637912099,1001.23816
1760637912118,1001.2283
1760637912138,1001.2416
1760637912158,1001.22845
1760637912178,1001.2424
1760637912198,1001.2616
1760637912218,1001.23346
1760637912239,1001.2419
1760637912259,1001.2441
1760637912278,1001.2488
1760637912299,1001.2633
1760637912318,1001.2424
1760637912338,1001.263
1760637912358,1001.2485
1760637912379,1001.23627
1760637912399,1001.2613
1760637912419,1001.2592
1760637912438,1001.23627
1760637912458,1001.2219
1760637912479,1001.2333
1760637912498,1001.2485
1760637912519,1001.2408
1760637912539,1001.2669
1760637912559,1001.2464
1760637912580,1001.2641
1760637912599,1001.2564
1760637912619,1001.2538
1760637912638,1001.2511
1760637912658,1001.273
1760637912678,1001.24457
1760637912699,1001.2645
1760637912719,1001.23126
1760637912739,1001.24347
1760637912758,1001.2656
1760637912778,1001.2613
1760637912798,1001.2694
1760637912818,1001.2469
1760637912838,1001.22424
1760637912858,1001.2558
1760637912879,1001.24
1760637912899,1001.2436
1760637912918,1001.2535
1760637912938,1001.2585
1760637912959,1001.2636
1760637912979,1001.2697
1760637912998,1001.2658
1760637913018,1001.2542
1760637913041,1001.2427
1760637913059,1001.2341
1760637913079,1001.2574
1760637913099,1001.2422
1760637913118,1001.2447
1760637913138,1001.24066
1760637913158,1001.2511
1760637913178,1001.2219
1760637913199,1001.23926
1760637913219,1001.2413
1760637913240,1001.23254
1760637913258,1001.22656
1760637913278,1001.21515
1760637913298,1001.2447
1760637913318,1001.2439
1760637913338,1001.23456
1760637913358,1001.2507
